6 273.983 325.592 22.068 27.492 XJP 0
0 431.233 326.605 22.469 27.421 OTHERS 0
1 74.308 288.114 17.715 20.061 OTHERS -1
2 120.829 334.643 22.641 27.370 OTHERS 0
3 39.662 328.904 24.243 28.688 OTHERS -1
4 410.301 279.358 18.594 22.982 OTHERS 0
5 344.481 282.289 17.751 22.440 OTHERS 0
7 163.360 331.881 17.292 21.151 OTHERS -1
8 157.460 288.325 17.837 23.458 OTHERS 0
9 322.180 306.262 18.207 19.937 OTHERS -1
10 506.109 316.674 20.159 31.825 OTHERS -1
11 97.736 312.930 20.011 23.304 OTHERS -1
12 384.912 291.787 19.289 25.517 OTHERS -1
13 350.826 337.047 21.176 25.731 OTHERS 0
14 278.169 279.679 18.150 24.718 OTHERS -1
15 200.471 321.572 20.652 28.371 OTHERS 0
16 457.194 310.947 20.966 24.087 OTHERS 0
17 213.632 288.839 20.155 24.112 OTHERS -1
18 469.573 275.215 20.159 26.172 OTHERS -1
19 238.855 308.759 19.465 24.088 OTHERS -1
