12 265.040 94.076 19.593 27.529 XJP 1
0 222.994 102.106 15.078 18.662 OTHERS -1
1 498.285 103.285 16.290 20.430 OTHERS -1
2 50.251 93.290 15.894 19.746 OTHERS -1
3 316.151 109.048 15.931 19.576 OTHERS 0
4 202.227 107.309 15.618 20.742 OTHERS 0
5 337.787 101.244 15.225 19.034 OTHERS 0
6 518.343 101.466 21.925 27.800 OTHERS -1
7 105.732 94.267 20.867 28.225 OTHERS -1
8 416.435 115.470 16.472 19.442 OTHERS -1
9 383.784 117.497 13.609 16.907 OTHERS -1
10 26.078 96.552 20.436 27.241 OTHERS -1
11 158.726 102.442 18.722 23.366 OTHERS 0
13 145.199 109.615 12.354 15.321 OTHERS -1
14 438.272 106.972 11.871 17.297 OTHERS -1
15 304.650 107.887 12.025 16.935 OTHERS -1
16 461.817 111.576 19.918 24.739 OTHERS -1
17 85.159 112.267 12.056 15.969 OTHERS -1
18 361.775 108.784 20.274 27.139 OTHERS 0
19 402.290 106.155 12.829 16.379 OTHERS -1
20 69.629 102.843 9.668 12.228 OTHERS -1
