4 754.924 200.860 25.261 32.737 PLY 1
5 639.826 158.658 38.532 54.922 XJP 1
0 594.434 204.245 30.676 40.810 OTHERS 0
1 168.140 258.891 28.594 36.728 OTHERS 0
2 123.143 219.647 24.829 30.973 OTHERS 0
3 42.558 243.059 42.941 51.174 OTHERS 0
6 16.133 198.093 25.871 29.941 OTHERS 0
7 566.875 194.392 14.875 18.437 OTHERS -1
8 372.870 223.382 13.105 16.485 OTHERS -1
9 148.699 192.600 21.035 26.705 OTHERS 0
10 316.020 226.110 16.545 20.339 OTHERS -1
11 211.587 212.553 12.493 15.986 OTHERS -1
12 277.900 221.076 21.159 27.215 OTHERS 0
13 731.821 205.417 18.565 21.453 OTHERS -1
14 519.500 186.945 17.542 21.237 OTHERS -1
15 6.540 209.257 10.303 13.531 OTHERS -1
16 492.718 227.499 9.821 12.998 OTHERS -1
17 646.191 226.579 14.150 18.244 OTHERS -1
18 531.004 211.814 23.067 23.763 OTHERS 0
19 430.885 227.838 10.849 15.988 OTHERS -1
20 638.263 218.844 9.574 11.720 OTHERS -1
21 390.678 224.403 11.007 13.488 OTHERS -1
