14 636.091 158.816 76.803 101.923 XJP 0
0 430.176 225.261 60.384 72.731 OTHERS 0
1 117.799 205.139 64.395 82.264 OTHERS 0
2 895.966 202.682 53.086 61.276 OTHERS 0
3 348.366 260.933 48.624 68.722 OTHERS 1
4 249.477 208.818 50.102 61.905 OTHERS 0
5 844.127 183.531 30.294 35.722 OTHERS 0
6 493.270 237.208 42.973 55.880 OTHERS 0
7 803.873 226.814 36.069 41.934 OTHERS 0
8 471.058 176.610 28.796 33.953 OTHERS 0
9 865.206 231.743 41.161 52.165 OTHERS -1
10 211.635 188.539 36.258 46.884 OTHERS -1
11 42.815 208.956 72.631 104.364 OTHERS 1
12 326.084 213.965 29.775 35.820 OTHERS -1
13 387.516 180.579 26.826 30.193 OTHERS 0
15 821.093 209.744 28.740 32.756 OTHERS -1
16 613.080 219.674 43.078 52.802 OTHERS -1
17 170.200 197.738 41.982 56.983 OTHERS -1
18 585.050 200.036 34.582 50.285 OTHERS 0
19 382.924 222.847 40.471 53.780 OTHERS 0
20 507.103 201.170 30.145 36.230 OTHERS -1
21 537.429 247.817 35.678 49.336 OTHERS -1
22 718.717 192.040 41.589 48.709 OTHERS -1
23 533.204 191.735 26.510 36.756 OTHERS -1
24 774.427 233.394 25.097 32.283 OTHERS -1
