6 311.567 97.326 37.742 53.904 XJP 1
0 463.852 88.491 31.118 36.339 OTHERS 0
1 10.230 105.592 60.395 71.762 OTHERS -1
2 132.535 88.299 32.528 41.787 OTHERS -1
3 367.002 102.415 32.105 41.312 OTHERS -1
4 64.175 128.574 32.072 40.894 OTHERS 0
5 422.446 111.694 40.807 51.309 OTHERS 0
7 289.810 152.521 23.644 29.354 OTHERS 0
8 268.444 144.295 22.631 24.137 OTHERS 0
9 293.936 115.721 13.552 18.186 OTHERS -1
10 399.379 108.019 20.876 27.670 OTHERS -1
11 241.075 125.760 14.659 19.988 OTHERS -1
12 253.989 127.023 16.977 23.263 OTHERS -1
