6 302.233 191.146 23.037 25.282 XJP 0
0 530.613 187.557 15.089 19.061 OTHERS -1
1 509.983 197.978 17.782 19.594 OTHERS -1
2 356.804 197.224 18.024 20.594 OTHERS -1
3 379.837 198.832 15.658 18.827 OTHERS -1
4 458.150 182.167 18.800 20.236 OTHERS -1
5 394.526 195.218 19.563 22.496 OTHERS 0
7 79.710 204.226 19.335 22.882 OTHERS -1
8 266.938 182.025 19.416 21.931 OTHERS 0
9 215.378 200.300 21.276 24.899 OTHERS -1
10 164.674 181.051 21.964 25.231 OTHERS -1
11 330.942 200.788 19.745 21.998 OTHERS -1
12 429.478 191.815 21.097 24.427 OTHERS -1
