0 58.889 87.716 14.526 19.544 OTHERS -1
1 83.317 93.808 13.051 16.856 OTHERS -1
2 358.054 80.320 14.477 17.031 OTHERS -1
3 337.689 92.273 11.267 13.741 OTHERS -1
4 151.885 103.970 11.581 15.081 OTHERS -1
5 99.790 111.907 11.141 13.558 OTHERS -1
6 321.385 98.114 11.529 14.662 OTHERS -1
7 301.630 86.424 11.771 14.979 OTHERS -1
8 23.733 86.097 16.715 20.074 OTHERS -1
9 254.265 101.932 11.714 15.531 OTHERS -1
10 286.061 102.886 11.204 13.885 OTHERS -1
11 191.671 100.202 10.567 13.936 OTHERS -1
12 41.831 93.271 11.797 15.118 OTHERS -1
13 203.260 93.125 8.975 11.336 OTHERS -1
14 250.864 142.158 11.070 12.875 OTHERS -1
15 172.255 99.026 10.015 12.610 OTHERS -1
16 238.071 97.077 10.536 13.008 OTHERS -1
17 218.157 97.318 11.967 15.155 OTHERS -1
18 127.593 96.920 12.248 13.841 OTHERS -1
19 99.642 100.529 11.688 13.351 OTHERS -1
