4 42.031 6.605 17.244 22.065 XJP 0
0 252.356 80.466 32.759 39.093 OTHERS -1
1 79.882 104.933 30.627 49.377 OTHERS -1
2 126.598 69.558 16.376 21.113 OTHERS 0
3 17.185 36.797 18.616 22.038 OTHERS 0
5 107.851 30.885 13.750 18.106 OTHERS -1
6 125.956 102.123 19.649 25.302 OTHERS 0
7 83.440 42.729 16.978 20.559 OTHERS 0
8 60.184 37.263 17.020 21.880 OTHERS 0
9 43.388 92.662 32.610 54.650 OTHERS 1
10 112.773 12.285 12.309 14.983 OTHERS -1
11 150.256 29.397 12.932 15.527 OTHERS -1
12 93.738 85.565 16.550 19.907 OTHERS -1
13 68.741 2.097 13.253 16.472 OTHERS -1
14 172.085 78.166 13.726 17.627 OTHERS -1
15 164.512 20.953 11.677 15.002 OTHERS -1
16 143.795 100.508 19.389 25.867 OTHERS 0
17 176.846 90.534 22.122 29.296 OTHERS 0
18 30.102 64.678 20.799 23.922 OTHERS -1
19 93.798 16.246 12.115 15.581 OTHERS -1
20 183.700 15.701 11.676 14.659 OTHERS -1
21 152.744 76.271 15.242 18.487 OTHERS -1
22 125.333 36.063 12.868 16.478 OTHERS -1
23 297.164 53.047 10.210 12.934 OTHERS -1
24 260.059 44.347 10.776 13.139 OTHERS -1
25 133.590 19.801 12.422 15.243 OTHERS -1
26 136.675 55.315 12.316 15.360 OTHERS -1
27 0.912 89.241 21.030 33.503 OTHERS -1
28 73.380 27.985 14.002 18.238 OTHERS -1
29 3.091 1.634 18.657 23.772 OTHERS 0
30 109.982 61.304 11.927 14.689 OTHERS -1
31 292.640 38.768 9.473 11.794 OTHERS -1
32 62.255 72.184 19.734 25.249 OTHERS 0
33 322.466 105.790 10.491 13.571 OTHERS -1
34 308.004 37.942 9.367 11.660 OTHERS -1
35 323.620 40.711 9.332 12.051 OTHERS -1
36 336.531 71.140 9.786 11.761 OTHERS -1
37 299.746 66.583 10.205 13.139 OTHERS -1
38 312.073 57.814 9.519 11.873 OTHERS -1
39 204.780 30.060 9.972 12.512 OTHERS -1
40 170.868 42.403 10.736 13.267 OTHERS -1
41 340.765 87.876 10.208 12.876 OTHERS -1
42 329.246 56.686 9.429 11.090 OTHERS -1
43 335.850 109.518 10.314 12.930 OTHERS -1
44 347.186 45.655 9.479 10.906 OTHERS -1
45 197.255 67.426 37.848 54.976 OTHERS -1
46 351.867 71.088 8.606 10.822 OTHERS -1
47 272.298 35.129 8.964 11.216 OTHERS -1
48 249.225 38.597 8.922 11.650 OTHERS -1
49 351.814 55.036 9.488 12.130 OTHERS -1
50 273.900 55.390 10.372 11.765 OTHERS -1
51 324.345 92.834 9.416 11.430 OTHERS -1
