0 208.590 204.149 47.736 69.629 XJP 1
1 709.724 177.481 17.359 20.086 OTHERS -1
2 452.098 167.755 14.332 19.606 OTHERS -1
3 760.303 179.569 18.501 21.000 OTHERS -1
4 503.292 173.259 14.160 18.312 OTHERS -1
5 816.801 180.404 21.053 24.343 OTHERS -1
6 366.172 166.736 10.954 14.135 OTHERS -1
7 337.511 165.585 14.485 19.604 OTHERS -1
8 395.148 176.132 11.453 13.273 OTHERS -1
9 600.350 164.932 12.096 14.954 OTHERS -1
10 439.932 164.011 10.253 12.860 OTHERS -1
11 698.144 164.105 11.237 13.552 OTHERS -1
12 392.571 159.025 12.961 15.778 OTHERS -1
13 806.100 165.929 13.427 17.069 OTHERS -1
14 643.646 178.787 11.059 13.166 OTHERS -1
15 86.186 308.281 42.181 96.096 OTHERS -1
16 554.004 165.219 11.759 15.243 OTHERS -1
17 479.935 161.574 8.872 11.216 OTHERS -1
18 568.844 175.658 14.969 17.221 OTHERS -1
19 522.267 162.773 9.662 12.209 OTHERS -1
20 671.543 178.001 13.636 17.758 OTHERS -1
