4 339.812 262.345 42.976 57.752 XJP 0
0 580.807 334.316 32.782 41.573 OTHERS 0
1 495.266 304.476 37.525 44.550 OTHERS 0
2 605.940 268.793 36.582 45.146 OTHERS 0
3 24.270 313.221 43.586 64.479 OTHERS 1
5 397.642 290.263 39.650 52.084 OTHERS 0
6 120.669 281.064 41.977 54.727 OTHERS -1
7 439.823 166.692 44.361 58.624 OTHERS -1
8 742.285 282.763 35.077 51.175 OTHERS -1
9 629.888 304.531 37.489 54.035 OTHERS 1
10 55.068 263.368 38.771 55.558 OTHERS -1
11 237.414 295.421 29.566 51.226 OTHERS -1
12 757.313 313.105 36.911 46.139 OTHERS 1
13 690.455 309.635 25.223 25.937 OTHERS -1
