0 425.917 255.651 30.875 37.273 XJP 0
1 864.980 238.367 25.373 32.645 OTHERS 0
2 700.018 263.460 24.868 33.329 OTHERS 0
3 207.924 232.952 24.799 30.894 OTHERS 0
4 758.228 203.630 24.183 28.481 OTHERS 0
5 121.182 180.256 16.715 20.258 OTHERS -1
6 210.305 169.908 15.773 20.448 OTHERS -1
7 188.199 184.810 19.041 22.500 OTHERS -1
8 119.496 207.132 15.616 19.887 OTHERS -1
9 53.492 258.417 23.497 27.360 OTHERS 0
10 29.056 167.795 17.985 20.376 OTHERS -1
11 500.765 202.120 20.608 25.342 OTHERS 0
12 626.408 197.757 16.364 22.250 OTHERS -1
13 355.624 203.147 17.070 22.904 OTHERS -1
14 9.038 179.191 15.380 19.173 OTHERS -1
15 469.595 199.712 18.743 24.715 OTHERS -1
16 124.297 149.540 13.747 18.486 OTHERS -1
17 417.983 193.116 18.669 22.556 OTHERS -1
18 366.286 189.398 19.414 23.625 OTHERS -1
19 24.260 192.361 16.216 21.845 OTHERS -1
20 10.524 202.657 18.178 22.809 OTHERS -1
21 910.927 166.039 14.052 17.513 OTHERS -1
22 280.498 185.467 14.015 23.102 OTHERS -1
23 81.902 188.729 16.602 19.086 OTHERS -1
24 79.961 208.580 17.773 20.341 OTHERS -1
25 67.947 183.889 15.174 19.378 OTHERS -1
26 459.137 187.723 18.862 22.916 OTHERS -1
27 649.740 204.808 22.298 25.890 OTHERS 0
28 430.188 217.024 20.920 26.381 OTHERS -1
29 180.337 199.094 21.582 26.055 OTHERS 0
30 698.843 198.646 19.197 25.007 OTHERS 0
31 251.982 193.923 22.147 23.313 OTHERS -1
32 150.872 183.395 17.610 21.453 OTHERS -1
33 148.463 222.183 14.844 16.765 OTHERS -1
34 87.695 171.610 17.047 19.565 OTHERS -1
35 35.144 150.068 11.492 14.215 OTHERS -1
36 394.210 191.197 19.958 26.320 OTHERS -1
37 316.409 191.566 12.563 16.748 OTHERS -1
38 93.638 112.823 8.545 11.749 OTHERS -1
39 570.917 211.426 20.508 26.695 OTHERS 0
40 226.244 152.060 11.194 13.960 OTHERS -1
41 198.818 158.414 12.898 16.678 OTHERS -1
42 829.891 150.030 12.070 13.419 OTHERS -1
43 329.427 205.780 21.885 23.521 OTHERS 0
44 42.338 134.676 9.757 12.101 OTHERS -1
45 848.011 124.102 10.138 13.546 OTHERS -1
46 868.649 216.409 20.426 25.009 OTHERS -1
47 158.770 148.173 10.439 15.222 OTHERS -1
48 232.832 158.036 11.441 15.797 OTHERS -1
49 166.828 140.937 12.100 15.135 OTHERS -1
50 237.834 186.970 11.836 15.027 OTHERS -1
51 355.430 161.887 9.489 11.507 OTHERS -1
52 399.623 138.074 9.579 11.108 OTHERS -1
53 451.265 106.627 8.772 10.498 OTHERS -1
54 149.264 198.437 16.095 21.090 OTHERS -1
