2 220.630 56.302 11.115 13.785 XJP -1
0 57.131 55.826 10.231 12.780 OTHERS -1
1 330.898 38.396 11.714 15.463 OTHERS -1
3 180.479 62.727 10.661 14.156 OTHERS -1
4 256.093 52.050 10.607 13.475 OTHERS -1
5 67.825 62.943 10.390 13.108 OTHERS -1
6 106.232 61.570 10.277 13.594 OTHERS -1
7 265.432 62.292 9.685 12.428 OTHERS -1
8 161.818 53.352 10.564 13.343 OTHERS -1
9 87.718 54.127 9.765 12.588 OTHERS -1
10 292.501 46.523 9.755 12.067 OTHERS -1
11 123.796 52.242 9.619 12.085 OTHERS -1
12 300.005 59.111 10.910 12.145 OTHERS -1
