1 542.409 304.436 63.829 78.131 XJP 0
2 713.232 359.212 55.556 71.875 PLY 0
0 345.889 336.219 64.483 76.156 OTHERS 0
3 193.072 343.308 59.847 73.506 OTHERS 0
4 883.202 365.123 60.391 65.746 OTHERS -1
5 65.470 225.823 34.588 40.190 OTHERS 0
6 749.463 254.669 35.761 39.351 OTHERS 0
7 414.682 251.069 33.953 38.517 OTHERS 0
8 642.612 266.052 33.330 39.021 OTHERS -1
9 916.766 254.760 33.851 39.010 OTHERS 0
10 464.988 264.058 32.497 35.534 OTHERS 0
11 573.065 253.285 33.778 36.319 OTHERS -1
12 942.872 270.615 29.291 36.024 OTHERS -1
13 4.261 224.791 28.987 38.012 OTHERS -1
14 128.054 235.004 34.099 39.251 OTHERS 0
15 320.841 254.101 33.072 37.844 OTHERS -1
16 238.537 241.491 37.211 42.872 OTHERS 0
17 158.924 290.827 37.253 45.170 OTHERS 0
18 509.550 313.387 29.194 37.697 OTHERS 0
19 838.081 265.812 34.705 38.186 OTHERS -1
20 686.823 310.704 36.709 41.196 OTHERS 0
21 855.908 308.517 33.372 37.490 OTHERS 0
