0 426.882 234.495 46.366 57.174 OTHERS -1
1 481.836 285.749 32.783 39.710 OTHERS -1
2 698.687 235.061 28.299 30.235 OTHERS -1
3 270.424 217.874 24.618 30.171 OTHERS -1
4 269.820 283.661 36.016 47.531 OTHERS -1
5 843.282 307.198 40.615 50.546 OTHERS -1
6 462.411 109.846 17.957 22.186 OTHERS -1
7 379.578 199.235 17.556 22.782 OTHERS -1
8 489.888 228.693 20.577 24.262 OTHERS -1
9 138.355 132.223 39.706 56.240 OTHERS -1
10 247.723 226.637 21.292 26.074 OTHERS -1
11 619.111 214.068 19.816 22.008 OTHERS -1
