1 576.618 85.756 23.800 27.509 XJP 0
9 814.917 141.090 19.563 25.250 PLY 0
0 87.726 374.352 24.531 34.816 OTHERS -1
2 684.366 80.803 23.298 28.620 OTHERS -1
3 234.363 35.647 24.202 28.981 OTHERS -1
4 857.050 105.515 18.328 23.831 OTHERS -1
5 43.137 149.685 20.737 27.547 OTHERS -1
6 28.353 8.185 16.565 22.821 OTHERS -1
7 84.368 8.506 18.417 24.558 OTHERS -1
8 587.180 403.940 20.855 32.455 OTHERS -1
10 272.524 239.075 18.932 29.025 OTHERS -1
11 455.359 81.146 21.644 25.826 OTHERS -1
12 147.262 312.425 19.799 35.934 OTHERS -1
13 607.050 365.616 20.198 32.739 OTHERS -1
14 139.373 54.938 17.565 23.665 OTHERS -1
