1 84.423 175.987 25.748 37.364 XJP 1
0 31.932 230.212 42.183 62.993 OTHERS -1
2 394.057 179.150 25.942 35.863 OTHERS 1
3 403.581 109.824 15.023 19.881 OTHERS -1
4 272.578 114.171 13.169 17.945 OTHERS -1
5 427.448 215.206 24.325 37.569 OTHERS -1
6 129.829 172.304 20.556 29.056 OTHERS 1
7 473.044 239.381 37.673 58.260 OTHERS 1
8 120.556 113.821 15.413 19.670 OTHERS -1
9 406.701 56.786 11.451 15.486 OTHERS -1
10 153.753 103.689 13.755 18.542 OTHERS -1
11 146.547 65.658 10.051 13.040 OTHERS -1
12 18.382 104.054 16.277 30.152 OTHERS -1
13 279.188 9.415 11.563 14.503 OTHERS -1
14 193.867 164.520 14.229 17.499 OTHERS -1
15 368.794 164.096 15.197 25.445 OTHERS -1
