5 287.748 101.124 32.965 51.928 XJP 1
0 64.810 0.961 29.769 36.046 OTHERS 1
1 221.144 75.212 25.797 35.370 OTHERS 1
2 103.716 60.008 34.406 45.865 OTHERS -1
3 163.183 61.476 29.095 38.393 OTHERS 0
4 159.702 109.266 32.920 48.592 OTHERS 1
6 246.387 25.762 15.015 20.977 OTHERS -1
7 376.428 117.675 24.508 32.487 OTHERS -1
8 39.103 64.090 33.788 40.429 OTHERS -1
9 212.026 140.626 26.906 48.659 OTHERS 1
10 312.322 60.730 14.929 18.681 OTHERS -1
11 264.509 37.977 13.247 17.571 OTHERS -1
12 82.200 99.469 36.563 65.364 OTHERS -1
13 292.481 49.791 14.146 19.574 OTHERS -1
14 272.528 128.722 20.886 28.698 OTHERS -1
15 348.377 76.447 13.513 16.316 OTHERS -1
16 251.321 89.749 21.174 29.277 OTHERS -1
17 310.512 29.191 12.789 17.049 OTHERS -1
18 113.026 34.460 24.626 27.661 OTHERS -1
19 416.327 94.568 11.298 14.214 OTHERS -1
20 270.381 64.302 17.464 24.917 OTHERS -1
21 457.136 133.189 11.955 14.985 OTHERS -1
22 444.530 108.806 10.687 13.999 OTHERS -1
23 187.821 20.961 19.633 24.771 OTHERS 1
24 409.601 65.806 9.472 11.798 OTHERS -1
25 425.461 112.069 11.017 13.745 OTHERS -1
26 334.502 39.566 11.724 15.243 OTHERS -1
27 498.466 121.962 10.206 13.226 OTHERS -1
28 421.389 138.218 18.260 26.624 OTHERS -1
29 377.924 62.694 10.547 12.434 OTHERS -1
30 424.078 67.013 9.009 11.363 OTHERS -1
31 508.157 134.842 10.287 13.221 OTHERS -1
32 452.616 71.346 9.401 11.786 OTHERS -1
33 395.555 61.197 10.132 12.781 OTHERS -1
34 386.970 73.208 10.872 14.355 OTHERS -1
35 427.561 84.832 9.590 11.550 OTHERS -1
36 430.895 97.418 10.234 13.224 OTHERS -1
37 355.619 44.329 10.602 13.531 OTHERS -1
38 218.802 34.935 16.937 24.654 OTHERS -1
39 153.294 -0.495 22.015 23.768 OTHERS 0
40 330.475 75.698 12.242 15.744 OTHERS -1
41 201.440 54.849 19.192 26.581 OTHERS -1
42 463.439 85.610 10.208 12.705 OTHERS -1
43 263.011 23.712 13.203 15.794 OTHERS -1
44 436.828 71.624 8.983 11.044 OTHERS -1
45 372.289 85.206 10.888 14.613 OTHERS -1
46 467.386 121.154 10.696 13.003 OTHERS -1
47 446.430 94.825 9.160 11.532 OTHERS -1
48 281.349 33.323 12.543 15.454 OTHERS -1
49 381.319 101.484 12.209 14.726 OTHERS -1
50 225.320 7.110 14.032 19.353 OTHERS -1
51 482.913 122.218 9.054 12.122 OTHERS -1
52 403.831 80.061 10.087 11.960 OTHERS -1
53 214.764 17.478 14.194 18.146 OTHERS -1
54 467.102 103.044 9.816 11.832 OTHERS -1
55 502.738 107.302 8.864 11.058 OTHERS -1
56 481.750 97.357 10.698 13.256 OTHERS -1
57 464.220 73.506 8.868 10.804 OTHERS -1
58 117.120 -1.371 21.561 22.181 OTHERS -1
59 478.706 88.857 9.951 11.830 OTHERS -1
60 346.111 107.415 13.160 17.158 OTHERS -1
61 366.119 72.263 11.212 13.113 OTHERS -1
62 246.781 61.052 15.032 19.899 OTHERS -1
