1 332.795 118.832 47.947 59.139 XJP 0
5 416.618 147.277 38.847 49.425 PLY 0
0 491.329 171.544 36.615 42.854 OTHERS 0
2 580.677 182.963 36.555 43.757 OTHERS 0
3 197.607 159.318 40.756 45.567 OTHERS 0
4 743.175 164.153 40.432 42.259 OTHERS 0
6 168.561 98.264 39.480 49.436 OTHERS 0
7 64.253 134.409 25.662 30.861 OTHERS -1
8 531.519 157.368 41.374 53.210 OTHERS 0
9 34.147 136.826 26.944 32.472 OTHERS -1
10 1.543 141.505 25.659 34.612 OTHERS -1
11 100.855 134.948 22.146 28.877 OTHERS -1
12 396.412 151.797 11.451 14.675 OTHERS -1
13 614.207 140.458 12.204 15.967 OTHERS -1
14 130.265 128.932 24.685 30.407 OTHERS -1
15 286.160 127.784 11.289 14.565 OTHERS -1
16 578.009 149.635 12.318 13.532 OTHERS -1
17 219.357 124.129 15.628 19.034 OTHERS -1
