4 450.891 203.048 54.489 83.470 XJP 1
0 173.019 232.774 56.457 78.999 OTHERS 1
1 186.530 65.221 33.679 41.450 OTHERS -1
2 109.145 3.722 32.296 36.792 OTHERS -1
3 6.978 113.986 56.671 79.065 OTHERS 1
5 276.464 239.947 46.277 68.788 OTHERS 1
6 180.800 19.667 32.311 38.957 OTHERS -1
7 128.431 117.451 43.567 66.918 OTHERS 1
8 210.727 117.070 33.764 45.526 OTHERS 1
9 109.309 35.522 36.820 47.695 OTHERS 1
10 341.106 189.274 35.028 43.951 OTHERS 0
11 652.497 242.515 33.372 43.760 OTHERS -1
12 242.632 50.187 28.066 38.026 OTHERS -1
13 375.213 143.732 25.579 34.853 OTHERS 1
14 264.784 120.441 27.183 38.053 OTHERS 1
15 328.530 124.005 27.948 37.942 OTHERS 1
16 214.837 164.723 40.391 52.884 OTHERS 1
17 15.610 16.049 38.231 46.930 OTHERS 1
18 698.267 253.777 24.667 30.759 OTHERS -1
19 408.684 200.194 22.767 36.980 OTHERS -1
20 408.018 125.055 24.244 31.425 OTHERS -1
21 307.420 110.410 23.251 31.874 OTHERS -1
22 568.559 234.530 39.149 55.754 OTHERS -1
23 348.205 92.214 22.589 30.066 OTHERS -1
24 298.968 81.840 23.541 28.004 OTHERS -1
25 386.562 239.811 34.972 55.905 OTHERS 1
26 766.620 264.894 23.978 29.794 OTHERS 1
27 430.443 251.233 25.035 43.770 OTHERS -1
28 627.442 204.210 16.181 20.841 OTHERS -1
29 596.004 155.910 16.224 20.697 OTHERS -1
30 382.191 97.571 21.907 26.819 OTHERS -1
31 787.813 219.071 13.210 17.529 OTHERS -1
32 658.755 162.059 13.966 17.449 OTHERS -1
33 852.776 215.058 14.912 16.812 OTHERS -1
34 436.211 133.640 23.606 26.502 OTHERS -1
35 820.023 236.038 13.923 17.409 OTHERS -1
36 799.898 239.605 13.672 17.872 OTHERS -1
37 677.290 191.222 15.604 18.485 OTHERS -1
38 811.929 195.507 14.084 15.177 OTHERS -1
39 357.342 125.943 21.343 29.471 OTHERS -1
40 656.791 191.358 12.207 16.250 OTHERS -1
41 724.887 175.212 11.630 16.165 OTHERS -1
42 695.966 172.705 12.667 15.730 OTHERS -1
43 494.932 129.765 14.862 23.665 OTHERS -1
44 575.999 142.392 18.488 20.988 OTHERS -1
45 293.129 214.036 28.315 40.017 OTHERS -1
46 883.696 206.832 11.590 14.782 OTHERS -1
47 594.380 178.742 15.042 22.847 OTHERS -1
48 514.362 133.406 15.635 23.694 OTHERS -1
49 629.811 164.986 15.807 19.448 OTHERS -1
50 469.325 111.462 19.022 24.768 OTHERS -1
51 860.670 202.940 12.956 15.147 OTHERS -1
52 883.228 236.168 14.340 16.498 OTHERS -1
53 805.748 214.512 14.117 16.621 OTHERS -1
54 767.924 215.508 12.988 18.058 OTHERS -1
55 548.818 139.868 14.636 20.242 OTHERS -1
56 749.006 211.638 12.181 16.374 OTHERS -1
57 753.940 242.513 13.753 17.734 OTHERS -1
58 648.097 209.997 15.521 19.037 OTHERS -1
59 830.152 215.304 13.184 15.316 OTHERS -1
60 603.338 203.350 15.297 19.027 OTHERS -1
61 827.189 181.118 11.088 14.648 OTHERS -1
62 887.515 180.836 12.113 14.330 OTHERS -1
63 834.453 265.808 18.856 23.262 OTHERS -1
64 765.300 173.833 11.907 14.253 OTHERS -1
65 734.521 214.892 12.782 16.851 OTHERS -1
66 844.723 240.831 15.666 18.185 OTHERS -1
67 618.285 183.121 11.320 18.722 OTHERS -1
68 777.635 187.701 13.026 14.713 OTHERS -1
69 0.107 202.239 37.494 85.991 OTHERS 1
70 861.476 248.819 13.244 15.448 OTHERS -1
71 748.872 177.167 11.475 14.138 OTHERS -1
72 670.217 209.880 13.330 17.491 OTHERS -1
73 878.059 266.592 13.214 17.628 OTHERS -1
74 853.620 190.727 10.806 13.249 OTHERS -1
75 716.623 213.888 12.948 18.053 OTHERS -1
76 845.449 198.061 10.984 16.420 OTHERS -1
77 709.620 200.030 14.016 17.708 OTHERS -1
78 442.432 193.569 21.885 29.243 OTHERS -1
79 861.028 269.906 13.323 16.809 OTHERS -1
80 564.885 166.110 15.362 21.414 OTHERS -1
81 426.750 112.980 18.999 24.684 OTHERS -1
82 733.885 193.623 14.031 16.617 OTHERS -1
83 693.911 203.194 11.611 14.888 OTHERS -1
84 774.422 204.369 11.931 14.520 OTHERS -1
85 780.965 241.896 11.415 15.230 OTHERS -1
86 420.635 174.344 18.659 24.292 OTHERS -1
87 580.676 205.651 15.217 20.029 OTHERS -1
88 801.582 265.853 19.574 26.567 OTHERS -1
89 480.424 147.172 15.296 23.228 OTHERS -1
90 550.169 218.000 17.601 29.077 OTHERS -1
