2 416.351 319.065 14.930 18.560 XJP -1
0 274.820 323.786 14.873 19.062 OTHERS -1
1 680.835 345.417 12.780 19.719 OTHERS -1
3 624.180 320.359 11.640 14.262 OTHERS -1
4 750.044 318.165 10.842 14.360 OTHERS -1
5 345.850 323.254 14.246 18.887 OTHERS -1
6 502.029 325.049 12.602 14.757 OTHERS -1
7 585.386 322.380 10.389 12.592 OTHERS -1
8 787.119 325.475 10.786 14.099 OTHERS -1
9 721.455 352.206 10.787 16.178 OTHERS -1
10 593.055 352.041 13.051 24.230 OTHERS -1
11 154.540 342.070 14.917 20.308 OTHERS -1
12 762.410 346.392 9.882 15.887 OTHERS -1
