0 356.500 121.909 49.260 65.637 XJP 1
1 130.363 166.826 47.135 69.826 OTHERS -1
2 223.629 157.906 32.355 37.826 OTHERS -1
3 298.832 167.916 29.633 35.582 OTHERS -1
4 225.791 102.756 28.600 34.187 OTHERS -1
5 155.381 133.128 39.740 45.589 OTHERS -1
6 333.423 219.183 29.044 40.430 OTHERS -1
7 287.100 123.799 24.925 27.550 OTHERS -1
8 63.174 83.382 43.640 47.931 OTHERS -1
9 228.414 70.909 23.472 26.582 OTHERS -1
10 560.231 217.802 17.800 21.125 OTHERS -1
11 282.019 80.985 20.930 27.829 OTHERS -1
12 337.595 127.732 17.473 23.327 OTHERS -1
13 216.147 18.399 19.812 24.839 OTHERS -1
14 323.688 111.243 16.700 18.856 OTHERS -1
15 146.827 77.275 26.044 28.473 OTHERS -1
16 515.946 173.890 16.139 18.227 OTHERS -1
17 308.796 82.315 18.499 23.001 OTHERS -1
18 486.377 168.181 20.848 22.688 OTHERS -1
19 173.061 17.131 21.266 22.638 OTHERS -1
20 460.773 145.125 16.995 19.519 OTHERS -1
21 99.612 0.270 23.438 23.132 OTHERS -1
