0 489.469 129.345 28.753 32.407 XJP 0
1 625.825 147.839 24.922 31.208 OTHERS 0
2 90.920 190.750 30.072 36.012 OTHERS -1
3 681.607 120.416 23.953 29.361 OTHERS -1
4 734.290 76.511 15.715 20.263 OTHERS -1
5 303.969 211.154 31.383 37.041 OTHERS -1
6 709.843 83.538 17.194 21.323 OTHERS -1
7 780.487 111.471 18.857 23.747 OTHERS -1
8 361.694 86.558 16.099 21.998 OTHERS -1
9 786.924 73.709 13.951 19.541 OTHERS -1
10 203.341 76.490 17.896 21.937 OTHERS -1
11 535.569 102.168 20.691 28.114 OTHERS 0
12 19.094 137.663 22.965 27.144 OTHERS -1
13 604.748 98.685 21.740 26.440 OTHERS 0
14 664.782 92.434 18.852 23.628 OTHERS -1
15 560.456 58.828 10.683 14.654 OTHERS -1
16 501.236 64.705 12.104 16.425 OTHERS -1
17 409.952 84.117 15.018 19.597 OTHERS -1
18 250.697 67.136 16.586 20.421 OTHERS -1
19 700.057 54.758 10.894 14.359 OTHERS -1
20 649.010 51.973 10.741 14.300 OTHERS -1
21 661.826 54.335 9.776 12.933 OTHERS -1
22 134.354 107.960 18.499 27.100 OTHERS -1
23 758.422 120.374 19.567 25.496 OTHERS -1
24 635.730 55.161 11.148 14.933 OTHERS -1
25 307.495 82.658 13.165 16.641 OTHERS -1
26 717.821 138.645 19.981 25.075 OTHERS -1
27 585.108 59.438 10.573 14.557 OTHERS -1
28 367.915 77.779 13.524 18.300 OTHERS -1
29 449.037 52.661 13.547 17.687 OTHERS -1
30 342.040 85.021 13.137 18.872 OTHERS -1
31 455.660 79.622 11.855 15.879 OTHERS -1
32 490.076 70.992 12.078 16.976 OTHERS -1
33 554.434 64.218 9.898 13.501 OTHERS -1
34 523.830 66.031 13.291 16.712 OTHERS -1
