12 94.245 32.697 19.103 24.330 XJP 0
0 152.112 67.283 18.449 23.438 OTHERS 0
1 2.516 22.792 14.244 17.058 OTHERS -1
2 175.159 88.051 18.752 23.107 OTHERS 0
3 129.094 78.405 17.473 22.612 OTHERS 0
4 173.140 46.315 14.924 18.597 OTHERS 0
5 108.169 99.207 17.778 22.107 OTHERS 0
6 48.213 20.433 13.421 17.528 OTHERS -1
7 72.921 71.189 15.506 18.454 OTHERS 0
8 117.422 134.283 19.334 26.132 OTHERS 0
9 15.665 64.578 17.074 19.590 OTHERS 0
10 139.765 94.391 17.112 22.625 OTHERS 0
11 129.741 0.979 12.834 17.344 OTHERS -1
13 193.179 17.989 13.946 18.291 OTHERS -1
14 36.760 3.752 11.928 14.975 OTHERS -1
15 68.795 0.391 11.766 14.612 OTHERS -1
16 81.614 44.041 13.385 17.574 OTHERS -1
17 123.938 27.286 12.420 14.578 OTHERS -1
18 22.501 94.422 18.372 23.545 OTHERS 0
19 198.732 45.902 13.106 19.395 OTHERS -1
20 142.134 40.523 13.290 16.327 OTHERS -1
21 165.740 20.517 13.176 17.841 OTHERS -1
22 195.778 85.510 16.934 25.702 OTHERS -1
23 48.340 63.425 12.373 13.910 OTHERS -1
24 150.572 0.470 11.870 15.940 OTHERS -1
25 -2.005 146.295 17.115 23.157 OTHERS -1
26 123.185 46.881 9.780 12.272 OTHERS -1
27 105.207 0.115 11.704 12.719 OTHERS -1
28 84.768 23.777 13.817 17.571 OTHERS -1
29 35.572 149.963 17.844 21.469 OTHERS -1
30 52.022 81.574 14.703 24.806 OTHERS -1
31 141.274 154.404 15.700 16.989 OTHERS -1
32 17.775 42.612 14.105 18.698 OTHERS -1
33 167.043 -0.105 10.742 13.705 OTHERS -1
