1 465.420 191.529 54.657 71.941 XJP 0
0 638.441 206.632 54.886 71.353 OTHERS 0
2 790.374 230.509 52.556 79.426 OTHERS 1
3 591.780 233.012 38.144 45.235 OTHERS 0
4 442.536 245.304 28.845 31.774 OTHERS -1
5 379.974 255.521 33.240 37.092 OTHERS -1
6 720.969 215.644 41.872 52.481 OTHERS 0
7 70.104 242.526 71.123 116.739 OTHERS 1
8 151.703 260.340 45.389 53.210 OTHERS 1
9 339.237 225.708 34.613 45.238 OTHERS -1
10 182.597 249.282 27.632 40.714 OTHERS -1
11 526.522 247.086 29.654 32.841 OTHERS -1
12 323.602 190.385 38.064 88.050 OTHERS -1
13 770.017 243.011 17.909 21.690 OTHERS -1
14 239.018 266.790 34.421 48.227 OTHERS -1
15 936.305 240.689 11.537 14.544 OTHERS -1
16 907.871 235.462 14.265 16.839 OTHERS -1
