0 588.572 165.464 67.585 82.269 XJP 1
1 18.363 66.939 53.405 63.378 OTHERS 0
2 213.083 122.621 33.093 40.453 OTHERS 0
3 118.310 181.945 47.215 67.293 OTHERS -1
4 392.836 205.175 48.687 63.760 OTHERS 0
5 85.068 11.254 40.098 44.359 OTHERS -1
6 169.621 205.226 44.646 55.798 OTHERS 0
7 -0.118 160.176 52.412 80.331 OTHERS 1
8 99.279 54.473 45.991 57.964 OTHERS 0
9 237.060 58.692 28.594 34.207 OTHERS 0
10 149.716 20.153 35.697 46.133 OTHERS 0
11 209.415 25.699 27.749 31.811 OTHERS -1
12 271.921 109.002 32.337 39.204 OTHERS -1
13 1.881 9.789 49.193 54.197 OTHERS -1
14 234.414 200.671 40.002 49.194 OTHERS 0
15 286.923 72.747 27.291 35.835 OTHERS -1
16 165.181 89.498 41.164 49.059 OTHERS 0
17 335.628 182.668 52.631 99.179 OTHERS -1
18 232.363 5.006 24.163 28.215 OTHERS -1
19 190.486 70.910 25.149 32.826 OTHERS -1
20 502.857 202.027 18.463 20.839 OTHERS -1
21 388.870 153.909 20.849 22.297 OTHERS -1
22 415.568 152.948 20.212 25.195 OTHERS -1
23 260.361 48.537 22.705 31.747 OTHERS -1
24 141.862 0.454 25.818 25.781 OTHERS -1
25 391.157 131.261 18.616 22.146 OTHERS -1
26 349.192 116.175 18.772 21.383 OTHERS -1
27 546.739 260.595 18.596 24.128 OTHERS -1
28 323.350 111.272 22.555 27.925 OTHERS -1
29 173.255 9.418 23.853 34.994 OTHERS -1
30 511.925 264.025 22.048 24.547 OTHERS -1
31 477.709 195.742 21.918 26.947 OTHERS -1
32 443.811 167.741 17.957 20.810 OTHERS -1
33 316.007 90.312 18.093 22.638 OTHERS -1
34 453.408 195.941 18.630 25.525 OTHERS -1
35 365.627 121.361 19.003 25.280 OTHERS -1
36 460.766 279.695 21.509 32.817 OTHERS -1
37 445.726 213.022 17.835 22.846 OTHERS -1
38 318.032 72.976 16.492 20.736 OTHERS -1
39 485.693 274.465 18.877 27.561 OTHERS -1
40 350.412 138.561 21.004 25.970 OTHERS -1
