1 230.070 37.830 35.386 42.838 XJP 0
3 292.205 59.483 29.709 36.196 PLY 0
0 107.971 22.837 29.956 35.590 OTHERS 0
2 376.232 65.173 30.581 41.113 OTHERS 0
4 531.675 72.441 30.025 31.014 OTHERS 0
5 130.751 69.011 29.833 32.069 OTHERS 0
6 347.488 76.333 26.050 32.085 OTHERS 0
7 412.349 85.138 26.392 30.964 OTHERS 0
8 59.589 48.907 16.993 22.179 OTHERS -1
9 33.662 49.896 16.608 21.210 OTHERS -1
10 436.812 54.291 9.769 12.208 OTHERS -1
11 558.271 37.145 8.183 11.552 OTHERS -1
12 80.363 43.757 15.988 21.769 OTHERS -1
13 12.970 51.394 18.436 23.185 OTHERS -1
14 276.554 62.491 8.856 11.161 OTHERS -1
15 553.659 36.054 8.961 12.317 OTHERS -1
16 410.572 60.887 9.240 10.631 OTHERS -1
