0 35.592 319.995 35.137 39.056 OTHERS -1
1 508.552 214.527 29.839 33.988 OTHERS -1
2 469.008 225.306 30.426 34.496 OTHERS -1
3 211.431 325.972 35.178 40.081 OTHERS -1
4 298.272 305.650 30.696 35.215 OTHERS -1
5 149.445 299.200 30.745 35.002 OTHERS -1
6 388.417 247.176 21.210 23.827 OTHERS -1
7 335.872 249.600 25.227 27.132 OTHERS -1
8 822.359 148.802 14.832 17.771 OTHERS -1
9 630.375 178.529 21.062 24.116 OTHERS -1
10 547.840 210.831 17.995 20.026 OTHERS -1
11 658.168 175.111 22.652 25.419 OTHERS -1
12 837.919 148.323 13.696 17.505 OTHERS -1
13 705.688 207.219 15.409 16.761 OTHERS -1
14 135.255 251.992 9.121 11.195 OTHERS -1
