0 25.275 131.179 25.791 30.714 OTHERS -1
1 261.765 143.794 15.901 19.627 OTHERS -1
2 318.804 122.314 16.445 22.038 OTHERS -1
3 269.599 119.181 16.703 21.505 OTHERS -1
4 418.893 133.931 17.131 22.446 OTHERS -1
5 301.729 145.296 14.789 18.622 OTHERS -1
6 380.962 124.436 15.409 20.370 OTHERS -1
7 80.571 159.728 22.617 26.345 OTHERS -1
8 501.565 146.659 18.404 20.849 OTHERS -1
9 457.044 129.354 19.282 24.383 OTHERS -1
10 340.994 142.086 16.053 21.195 OTHERS -1
11 141.851 165.783 21.273 27.119 OTHERS -1
12 538.116 133.059 16.827 23.310 OTHERS -1
13 232.778 128.584 15.855 21.494 OTHERS -1
14 99.826 118.376 20.738 25.316 OTHERS -1
15 166.004 126.644 19.124 26.773 OTHERS -1
16 211.482 129.853 19.828 24.314 OTHERS -1
