0 340.484 182.380 13.398 16.382 OTHERS -1
1 576.589 182.549 13.111 16.044 OTHERS -1
2 248.919 188.921 11.489 14.495 OTHERS -1
3 382.301 191.330 11.380 14.975 OTHERS -1
4 474.657 187.317 11.888 15.176 OTHERS -1
5 136.944 185.320 11.110 14.413 OTHERS -1
6 63.270 173.070 11.922 15.070 OTHERS -1
7 527.564 185.899 11.416 14.278 OTHERS -1
8 197.172 181.570 10.854 14.554 OTHERS -1
9 440.437 191.805 9.773 12.196 OTHERS -1
10 487.680 191.363 10.568 13.410 OTHERS -1
11 98.427 190.383 10.681 15.178 OTHERS -1
12 284.888 190.086 11.572 14.681 OTHERS -1
13 12.702 182.620 10.438 11.842 OTHERS -1
14 108.508 189.535 10.985 14.873 OTHERS -1
15 167.758 192.778 10.059 12.226 OTHERS -1
16 394.100 188.384 10.580 15.018 OTHERS -1
17 419.179 195.018 9.815 13.488 OTHERS -1
