8 517.965 204.920 18.175 25.429 XJP 1
0 89.716 219.548 23.120 33.857 OTHERS -1
1 614.662 221.000 22.288 33.309 OTHERS 1
2 -0.878 237.662 22.153 43.829 OTHERS 0
3 52.388 192.482 11.544 13.786 OTHERS -1
4 31.288 192.501 11.803 14.380 OTHERS -1
5 504.068 200.025 14.635 20.455 OTHERS -1
6 168.942 201.829 15.313 19.599 OTHERS -1
7 215.936 195.862 11.123 14.667 OTHERS -1
9 585.973 189.207 10.938 14.184 OTHERS -1
10 434.637 195.185 10.295 15.980 OTHERS -1
11 626.143 190.642 12.057 15.424 OTHERS -1
12 647.155 192.671 12.091 16.808 OTHERS -1
13 198.603 197.191 12.084 14.821 OTHERS -1
14 148.137 212.090 18.516 27.208 OTHERS 1
15 415.959 197.290 9.911 12.532 OTHERS -1
16 606.104 194.441 8.267 11.324 OTHERS -1
17 462.925 207.895 12.948 15.637 OTHERS -1
