1 573.045 170.730 50.142 72.991 XJP 1
0 796.089 191.124 37.760 44.255 OTHERS 0
2 4.200 208.087 39.843 42.500 OTHERS 0
3 99.440 225.336 31.115 34.232 OTHERS 0
4 509.941 219.920 27.588 37.210 OTHERS 0
5 860.272 233.991 47.048 96.698 OTHERS -1
6 357.678 201.670 23.547 29.332 OTHERS 0
7 718.459 220.939 21.937 27.284 OTHERS 0
8 157.644 233.783 27.307 32.639 OTHERS -1
9 559.056 223.247 14.275 19.383 OTHERS -1
10 477.589 216.198 19.423 24.726 OTHERS -1
11 741.686 232.095 11.828 15.781 OTHERS -1
12 655.994 229.651 21.222 23.947 OTHERS -1
13 258.249 221.917 20.351 25.620 OTHERS -1
14 131.971 225.870 20.206 28.061 OTHERS -1
15 692.662 235.348 11.331 15.922 OTHERS -1
16 828.907 203.860 22.754 31.036 OTHERS -1
17 203.229 219.107 21.905 29.000 OTHERS -1
