0 77.469 48.414 17.818 20.606 OTHERS -1
1 310.152 50.332 16.684 21.228 OTHERS -1
2 358.087 6.908 15.752 20.096 OTHERS -1
3 255.592 47.287 17.514 19.954 OTHERS -1
4 130.635 5.214 17.192 22.169 OTHERS -1
5 24.782 4.005 16.254 19.964 OTHERS -1
6 196.312 13.266 15.155 18.530 OTHERS -1
7 78.620 3.868 18.376 20.717 OTHERS -1
8 241.570 11.406 15.599 21.230 OTHERS -1
9 25.429 38.357 17.477 21.991 OTHERS -1
10 191.589 42.996 18.395 22.136 OTHERS -1
11 144.661 49.420 15.838 20.772 OTHERS -1
12 365.233 58.944 15.898 18.654 OTHERS -1
13 84.310 97.099 19.950 26.299 OTHERS -1
14 300.703 4.375 16.827 22.942 OTHERS -1
