1 608.962 243.244 63.223 81.759 XJP 1
0 305.579 267.492 55.749 82.473 OTHERS 1
2 213.598 121.465 49.220 70.055 OTHERS 1
3 304.625 166.202 43.008 62.637 OTHERS 1
4 128.153 40.625 45.075 72.550 OTHERS 1
5 358.879 57.682 29.513 41.677 OTHERS -1
6 392.425 41.489 27.235 33.252 OTHERS -1
7 467.968 163.163 27.198 39.215 OTHERS -1
8 7.194 0.037 58.663 61.982 OTHERS 1
9 560.647 201.612 26.766 34.654 OTHERS -1
10 345.875 18.756 29.465 34.661 OTHERS -1
11 447.583 117.064 27.862 36.596 OTHERS 1
12 716.699 267.951 43.294 58.057 OTHERS 1
13 561.146 263.520 28.776 33.183 OTHERS -1
14 403.122 80.918 28.705 37.504 OTHERS -1
15 179.131 30.454 43.467 57.715 OTHERS 0
16 303.157 59.042 25.654 34.235 OTHERS -1
17 492.826 146.084 24.503 34.420 OTHERS -1
18 521.798 271.901 24.703 47.006 OTHERS -1
19 495.912 224.984 25.789 34.241 OTHERS -1
20 798.218 297.829 27.311 38.448 OTHERS -1
21 424.229 45.789 26.817 34.117 OTHERS -1
22 536.384 162.568 23.861 32.507 OTHERS -1
23 333.033 103.460 34.652 49.002 OTHERS 1
24 164.872 216.302 57.953 94.371 OTHERS 1
25 749.384 185.684 17.823 19.674 OTHERS -1
26 510.449 191.748 27.524 37.319 OTHERS -1
27 599.389 199.179 22.785 32.282 OTHERS -1
28 485.300 112.576 26.487 32.223 OTHERS -1
29 265.035 59.924 38.975 48.858 OTHERS -1
30 385.946 129.816 27.863 48.932 OTHERS 1
31 512.217 125.610 23.464 28.834 OTHERS -1
32 778.305 187.912 17.850 22.127 OTHERS -1
33 383.961 105.097 27.329 34.089 OTHERS -1
34 867.260 316.422 23.046 27.085 OTHERS -1
35 811.622 182.800 17.219 21.248 OTHERS -1
36 535.443 90.402 23.818 27.391 OTHERS -1
37 499.102 61.263 19.937 31.451 OTHERS -1
38 851.863 174.098 14.765 17.777 OTHERS -1
39 629.507 107.482 22.791 26.499 OTHERS -1
40 823.466 240.843 19.665 22.577 OTHERS -1
41 457.773 283.028 34.536 63.989 OTHERS 1
42 759.843 150.368 18.285 22.885 OTHERS -1
43 880.129 175.679 14.563 19.015 OTHERS -1
44 689.390 158.859 20.298 24.183 OTHERS -1
45 263.389 12.359 23.476 35.061 OTHERS -1
46 720.885 172.736 20.203 24.272 OTHERS -1
47 819.981 274.306 19.975 23.552 OTHERS -1
48 748.583 238.608 22.527 28.143 OTHERS -1
49 80.562 0.984 54.664 47.085 OTHERS -1
50 794.457 239.733 17.842 23.420 OTHERS -1
51 788.372 159.935 17.204 20.247 OTHERS -1
52 587.808 113.784 21.853 26.110 OTHERS -1
53 843.877 194.455 17.644 20.775 OTHERS -1
54 560.336 105.038 20.881 26.511 OTHERS -1
55 867.026 266.476 20.570 25.514 OTHERS -1
56 711.735 147.203 17.841 20.581 OTHERS -1
57 582.783 144.230 20.603 31.174 OTHERS -1
58 728.783 137.405 17.499 23.538 OTHERS -1
59 851.198 250.039 18.863 23.267 OTHERS -1
60 666.725 135.287 18.832 23.161 OTHERS -1
61 651.657 155.375 21.489 25.989 OTHERS -1
62 871.936 203.641 16.466 21.165 OTHERS -1
63 783.277 264.344 20.881 27.978 OTHERS -1
64 723.592 225.887 21.046 26.522 OTHERS -1
65 842.020 311.839 19.967 28.426 OTHERS -1
66 352.458 305.955 34.864 65.093 OTHERS -1
67 37.520 163.297 62.172 127.290 OTHERS 1
68 256.708 93.175 37.745 63.100 OTHERS -1
69 695.060 220.678 19.809 27.832 OTHERS -1
70 770.685 233.011 17.323 24.124 OTHERS -1
71 874.875 251.607 19.219 24.231 OTHERS -1
72 698.582 268.232 19.014 22.783 OTHERS -1
73 584.458 254.697 25.346 31.609 OTHERS -1
74 410.177 225.082 38.212 53.171 OTHERS -1
75 842.185 274.630 20.828 26.424 OTHERS -1
76 441.404 290.050 32.621 66.501 OTHERS -1
77 108.138 153.373 52.954 66.680 OTHERS -1
78 610.419 182.190 17.893 26.356 OTHERS -1
79 620.179 164.124 16.574 26.989 OTHERS -1
80 602.819 164.326 20.812 22.216 OTHERS -1
