0 231.569 69.374 28.186 34.332 XJP 0
1 142.456 112.033 25.059 28.848 OTHERS 0
2 99.007 86.144 22.520 28.350 OTHERS 0
3 311.874 88.416 23.163 27.732 OTHERS 0
4 23.979 81.104 16.796 21.435 OTHERS 0
5 61.472 81.489 17.274 23.909 OTHERS 0
6 76.101 68.921 13.720 18.261 OTHERS -1
7 13.660 75.410 11.366 15.266 OTHERS -1
8 157.829 92.302 20.642 21.488 OTHERS -1
9 1.662 88.852 14.033 17.693 OTHERS 0
10 195.760 84.910 17.472 22.794 OTHERS -1
11 196.366 101.923 15.361 18.984 OTHERS -1
12 151.976 71.405 16.643 18.291 OTHERS -1
