3 151.071 101.238 16.468 19.636 XJP 1
0 200.020 140.494 23.304 34.714 OTHERS 1
1 60.722 146.917 24.517 30.891 OTHERS 0
2 128.899 98.487 12.651 16.012 OTHERS -1
4 232.024 92.327 12.368 15.261 OTHERS -1
5 230.082 111.059 11.676 14.926 OTHERS -1
6 198.126 103.402 13.445 18.269 OTHERS -1
7 164.854 90.005 12.865 15.692 OTHERS -1
8 81.591 91.356 12.005 14.588 OTHERS -1
9 46.682 110.856 19.226 25.406 OTHERS -1
10 184.457 91.827 10.591 13.623 OTHERS -1
11 68.992 80.382 9.560 12.122 OTHERS -1
12 204.364 89.369 11.802 14.293 OTHERS -1
13 94.773 109.506 11.128 13.342 OTHERS -1
14 29.368 89.431 13.750 18.812 OTHERS -1
15 154.362 80.344 8.828 10.724 OTHERS -1
16 2.225 100.218 14.210 18.240 OTHERS -1
17 90.895 76.201 7.797 9.793 OTHERS -1
18 106.919 79.828 7.979 9.718 OTHERS -1
19 125.183 76.858 8.204 10.125 OTHERS -1
20 140.791 73.791 7.793 10.462 OTHERS -1
