10 165.978 83.508 11.098 12.687 XJP -1
0 214.262 88.503 11.267 14.570 OTHERS -1
1 191.728 83.017 9.803 12.155 OTHERS -1
2 338.795 98.701 10.723 14.861 OTHERS -1
3 94.887 80.499 9.843 13.317 OTHERS -1
4 202.551 50.418 8.522 10.589 OTHERS -1
5 159.164 51.083 8.034 10.352 OTHERS -1
6 120.653 24.056 7.753 9.993 OTHERS -1
7 4.300 178.918 10.745 13.866 OTHERS -1
8 98.977 210.470 14.721 20.023 OTHERS -1
9 289.212 70.640 8.595 10.561 OTHERS -1
11 282.750 90.221 10.319 15.474 OTHERS -1
12 214.143 64.983 9.035 11.200 OTHERS -1
13 216.298 47.115 7.798 9.785 OTHERS -1
14 21.986 195.273 10.086 13.720 OTHERS -1
