7 333.724 122.015 21.133 25.889 XJP 0
0 73.326 85.673 36.662 38.575 OTHERS 0
1 278.933 151.367 15.279 20.299 OTHERS -1
2 493.258 121.067 23.781 27.297 OTHERS 0
3 317.764 137.451 15.635 20.481 OTHERS -1
4 174.339 141.861 17.979 22.243 OTHERS 0
5 296.416 147.927 14.768 18.429 OTHERS -1
6 137.717 129.202 17.914 21.035 OTHERS 0
8 409.549 130.880 16.058 20.313 OTHERS -1
9 242.654 141.936 21.067 22.074 OTHERS -1
10 215.990 147.484 16.034 20.199 OTHERS -1
11 355.102 128.796 16.068 20.149 OTHERS -1
12 201.179 143.702 14.916 19.987 OTHERS -1
13 370.528 135.058 22.353 24.874 OTHERS 0
14 151.579 135.664 18.780 24.682 OTHERS -1
15 534.438 113.639 18.422 28.487 OTHERS -1
