4 289.316 54.822 34.174 45.891 XJP 1
0 269.615 72.915 28.573 36.966 OTHERS 0
1 82.754 53.358 29.400 40.926 OTHERS 1
2 20.992 67.098 28.801 43.293 OTHERS -1
3 144.904 98.700 26.025 40.806 OTHERS 1
5 45.665 57.123 24.220 29.923 OTHERS -1
6 185.238 79.437 22.342 31.191 OTHERS 1
7 122.783 62.094 22.652 24.970 OTHERS -1
8 1.217 30.348 21.800 28.181 OTHERS -1
9 255.468 68.188 15.720 24.535 OTHERS -1
10 219.018 93.679 19.461 24.175 OTHERS -1
11 -2.163 59.027 25.693 57.742 OTHERS 1
12 192.230 63.243 15.836 20.948 OTHERS -1
