2 185.026 70.059 25.510 36.993 XJP 1
0 10.130 20.597 28.611 35.854 OTHERS 0
1 67.717 85.298 25.851 38.446 OTHERS 1
3 61.841 23.815 17.808 22.946 OTHERS -1
4 95.780 37.665 14.413 19.811 OTHERS -1
5 106.990 58.823 14.444 21.032 OTHERS -1
6 79.439 50.785 18.979 24.372 OTHERS -1
7 53.532 4.918 15.934 20.084 OTHERS -1
8 134.855 55.009 13.264 17.469 OTHERS -1
9 81.205 20.881 12.591 15.699 OTHERS -1
10 113.999 26.005 11.956 14.913 OTHERS -1
11 155.547 74.575 12.264 15.247 OTHERS -1
12 157.131 87.714 17.599 24.693 OTHERS -1
13 118.531 48.482 12.103 15.417 OTHERS -1
14 128.172 29.928 9.925 12.902 OTHERS -1
15 74.080 0.825 12.108 12.875 OTHERS -1
16 172.705 74.021 9.913 13.218 OTHERS -1
17 94.694 10.445 9.841 12.364 OTHERS -1
18 254.585 88.208 19.474 26.515 OTHERS -1
19 121.027 83.441 17.181 30.512 OTHERS -1
20 171.593 54.209 8.363 10.284 OTHERS -1
21 140.656 22.708 7.985 10.038 OTHERS -1
22 106.164 11.630 8.697 11.145 OTHERS -1
23 144.592 53.541 12.457 16.185 OTHERS -1
