7 499.833 456.131 37.471 47.508 XJP 0
0 602.602 461.935 33.888 42.520 OTHERS 0
1 173.103 469.181 35.363 41.472 OTHERS 0
2 90.576 435.704 31.177 36.486 OTHERS -1
3 696.724 448.545 32.868 39.263 OTHERS 0
4 87.038 494.931 44.475 56.207 OTHERS 0
5 579.440 434.301 29.890 38.583 OTHERS -1
6 48.122 465.947 40.664 46.501 OTHERS 0
8 403.107 449.930 29.162 37.585 OTHERS -1
9 657.078 437.604 25.322 33.147 OTHERS -1
10 193.235 436.363 29.351 35.529 OTHERS -1
11 289.754 452.470 29.081 36.486 OTHERS 0
12 777.609 445.134 32.643 39.067 OTHERS 0
13 257.888 475.685 43.888 52.849 OTHERS 0
14 727.961 435.962 25.636 30.743 OTHERS 0
15 442.128 421.540 24.386 31.123 OTHERS -1
16 380.519 470.531 38.902 48.583 OTHERS 0
17 817.449 587.176 42.416 69.008 OTHERS -1
18 295.500 408.697 15.792 19.584 OTHERS -1
19 691.141 408.638 14.265 17.912 OTHERS -1
20 140.529 404.537 16.264 18.699 OTHERS -1
21 347.369 410.737 15.257 19.415 OTHERS -1
22 255.044 402.994 16.420 21.234 OTHERS -1
23 199.481 402.990 18.315 19.598 OTHERS -1
24 460.918 405.794 13.792 18.581 OTHERS -1
25 312.949 402.217 14.064 18.038 OTHERS -1
26 516.486 421.509 22.648 27.994 OTHERS -1
27 650.560 394.610 13.273 18.248 OTHERS -1
28 367.642 438.532 23.440 26.628 OTHERS -1
29 404.991 408.185 16.142 19.749 OTHERS -1
30 111.561 411.021 17.420 22.035 OTHERS -1
31 23.989 416.125 16.172 18.806 OTHERS -1
32 235.233 401.486 17.428 22.022 OTHERS -1
33 120.498 383.801 12.419 15.523 OTHERS -1
34 423.302 394.212 12.491 15.877 OTHERS -1
35 45.264 413.080 19.557 23.931 OTHERS -1
36 83.380 402.787 16.960 20.187 OTHERS -1
37 43.954 397.797 16.878 20.004 OTHERS -1
38 476.124 399.259 12.717 16.862 OTHERS -1
39 766.382 399.883 11.520 15.052 OTHERS -1
40 361.332 394.551 11.350 14.832 OTHERS -1
41 801.870 401.913 12.470 16.074 OTHERS -1
42 174.543 413.440 18.506 22.504 OTHERS -1
43 179.782 398.846 12.507 15.955 OTHERS -1
44 204.187 383.156 10.843 14.050 OTHERS -1
45 163.280 386.722 11.736 14.700 OTHERS -1
46 589.407 404.113 11.694 14.960 OTHERS -1
47 724.467 408.772 12.420 15.722 OTHERS -1
48 835.254 404.867 11.553 14.905 OTHERS -1
49 552.747 415.571 13.081 18.316 OTHERS -1
50 707.022 395.952 11.013 14.238 OTHERS -1
51 333.591 382.671 10.117 12.729 OTHERS -1
52 276.653 399.179 11.351 13.901 OTHERS -1
53 667.706 399.092 11.884 14.798 OTHERS -1
54 493.892 387.022 8.953 11.595 OTHERS -1
55 386.650 401.765 12.831 15.944 OTHERS -1
56 41.052 383.046 11.263 14.241 OTHERS -1
57 742.509 412.574 12.350 16.375 OTHERS -1
58 75.475 383.810 11.820 14.286 OTHERS -1
59 437.271 385.333 9.620 11.786 OTHERS -1
60 840.115 390.929 9.312 11.862 OTHERS -1
61 396.773 393.803 11.009 14.253 OTHERS -1
62 791.046 398.188 9.016 11.689 OTHERS -1
63 460.527 386.497 9.723 12.459 OTHERS -1
64 822.736 393.633 9.565 12.173 OTHERS -1
65 645.797 379.756 8.801 11.123 OTHERS -1
66 32.554 373.284 9.349 12.336 OTHERS -1
67 743.075 392.340 10.413 13.800 OTHERS -1
68 283.467 378.698 8.943 11.618 OTHERS -1
69 536.716 383.573 8.460 10.798 OTHERS -1
70 19.759 375.126 9.081 11.971 OTHERS -1
71 54.223 376.870 8.512 10.460 OTHERS -1
72 783.721 388.927 8.719 10.789 OTHERS -1
73 237.947 384.501 10.578 12.684 OTHERS -1
74 395.317 379.627 8.357 10.498 OTHERS -1
75 284.552 432.433 23.759 27.012 OTHERS -1
76 530.050 385.375 8.030 10.021 OTHERS -1
77 30.255 389.753 12.061 15.614 OTHERS -1
78 637.065 398.207 12.142 15.736 OTHERS -1
