1 406.952 100.868 41.079 66.374 XJP 1
0 530.163 108.699 34.416 50.749 OTHERS 1
2 88.896 260.231 17.342 19.827 OTHERS -1
3 -0.954 327.797 22.550 30.147 OTHERS -1
4 299.631 221.100 15.352 19.757 OTHERS -1
5 208.746 246.270 17.803 21.891 OTHERS -1
6 320.886 274.222 21.076 36.005 OTHERS -1
7 347.693 123.593 19.259 24.521 OTHERS -1
8 44.256 293.202 24.055 28.182 OTHERS -1
9 108.498 249.585 12.904 16.184 OTHERS -1
10 604.012 130.154 15.147 22.824 OTHERS -1
11 257.523 160.419 12.558 15.417 OTHERS -1
12 69.704 278.313 20.499 24.573 OTHERS -1
13 236.235 156.388 10.992 14.450 OTHERS -1
14 36.527 279.733 15.361 20.155 OTHERS -1
15 189.746 223.076 11.813 17.121 OTHERS -1
16 493.929 120.426 15.041 19.500 OTHERS -1
17 42.442 230.393 12.110 14.517 OTHERS -1
18 133.382 228.375 10.387 13.661 OTHERS -1
19 149.409 210.974 8.488 10.524 OTHERS -1
