4 397.118 251.106 92.906 110.594 XJP 0
0 339.804 49.073 68.295 80.767 OTHERS 0
1 620.569 130.593 65.956 77.700 OTHERS 0
2 442.774 147.905 60.482 79.150 OTHERS 0
3 169.920 36.173 61.334 78.596 OTHERS 0
5 478.944 51.721 59.102 80.903 OTHERS 0
6 615.947 50.516 58.488 70.051 OTHERS 0
7 140.965 123.167 72.053 95.545 OTHERS 0
8 -0.099 4.073 52.500 85.303 OTHERS 0
9 523.494 16.627 51.504 58.868 OTHERS 0
10 56.106 0.739 55.992 48.801 OTHERS 0
11 458.815 0.736 49.116 48.835 OTHERS 0
12 219.713 0.534 57.639 49.438 OTHERS 0
13 586.106 8.946 43.674 51.144 OTHERS -1
14 148.324 284.761 72.246 127.021 OTHERS 1
15 389.325 1.327 48.795 43.562 OTHERS -1
16 660.106 38.579 39.929 54.118 OTHERS -1
