0 425.720 135.472 60.916 77.287 XJP 0
1 562.473 159.760 50.191 61.499 OTHERS 0
2 125.358 114.176 53.253 96.843 OTHERS -1
3 296.504 173.284 30.319 39.508 OTHERS 0
4 711.868 197.780 84.096 91.370 OTHERS 0
5 503.883 176.340 45.313 56.061 OTHERS -1
6 237.887 216.098 34.860 47.042 OTHERS 0
7 353.333 176.560 39.335 54.764 OTHERS 0
8 50.525 168.200 31.035 42.778 OTHERS -1
9 338.773 220.343 25.757 31.888 OTHERS -1
10 184.870 193.001 33.308 59.328 OTHERS -1
11 203.501 206.292 29.213 42.737 OTHERS 0
12 674.711 231.008 17.224 20.868 OTHERS -1
