3 445.027 188.312 63.993 87.204 XJP 1
0 639.704 212.786 56.075 72.591 OTHERS -1
1 251.160 193.432 52.015 68.992 OTHERS 1
2 307.423 200.097 54.444 63.583 OTHERS 0
4 380.228 241.293 51.525 62.620 OTHERS 0
5 713.934 110.392 36.902 40.477 OTHERS -1
6 856.903 226.454 35.735 39.164 OTHERS 0
7 120.556 91.813 51.586 70.884 OTHERS 1
8 877.766 112.642 33.799 35.916 OTHERS 0
9 563.345 18.242 36.824 40.012 OTHERS 0
10 600.560 165.703 38.633 45.623 OTHERS 0
11 698.979 46.829 33.879 38.698 OTHERS 0
12 740.008 16.406 33.626 38.669 OTHERS 0
13 808.169 217.043 36.164 40.535 OTHERS 0
14 652.738 90.778 37.632 40.848 OTHERS 0
15 93.282 12.670 54.262 67.498 OTHERS -1
16 765.428 104.208 33.524 37.746 OTHERS 0
17 151.634 217.840 48.964 77.071 OTHERS 0
18 844.596 165.707 35.473 39.853 OTHERS -1
19 20.165 98.760 59.415 81.212 OTHERS 0
20 208.736 126.101 51.338 61.201 OTHERS 0
21 356.399 114.780 47.603 59.801 OTHERS 0
22 597.331 90.402 38.525 43.141 OTHERS 0
23 715.818 231.095 36.513 40.231 OTHERS 0
24 725.686 159.329 40.649 44.069 OTHERS 0
25 508.229 38.861 35.106 37.532 OTHERS -1
26 830.318 97.932 36.834 37.562 OTHERS 0
27 775.982 160.042 33.528 38.902 OTHERS 0
28 419.518 -0.167 40.295 44.094 OTHERS 0
29 763.975 223.083 38.699 41.330 OTHERS 0
30 792.443 27.670 32.020 34.247 OTHERS 0
31 342.781 22.164 36.713 42.482 OTHERS -1
32 510.438 82.022 41.921 47.100 OTHERS 0
33 625.382 0.704 31.327 35.894 OTHERS -1
34 454.150 70.527 38.351 45.131 OTHERS 0
35 542.547 152.890 41.675 48.523 OTHERS 0
36 155.167 24.193 44.686 54.885 OTHERS 1
37 624.775 58.601 33.259 43.711 OTHERS -1
38 316.136 68.539 43.700 49.445 OTHERS -1
39 570.561 223.234 43.500 49.099 OTHERS 0
40 300.277 16.482 40.629 46.656 OTHERS -1
41 221.178 54.030 45.330 48.962 OTHERS 0
42 407.238 82.010 43.385 50.557 OTHERS 0
43 114.795 215.210 47.412 78.188 OTHERS -1
44 0.092 17.369 43.640 59.569 OTHERS -1
45 427.519 190.600 29.053 46.312 OTHERS -1
