1 385.164 169.028 37.286 45.792 XJP 0
0 684.548 165.553 31.091 39.031 OTHERS 0
2 198.878 182.187 35.857 45.179 OTHERS 0
3 492.892 155.110 28.139 34.753 OTHERS 0
4 59.884 212.611 29.908 35.882 OTHERS -1
5 357.777 157.635 30.365 39.219 OTHERS 0
6 564.807 151.421 33.405 45.527 OTHERS 1
7 747.063 118.670 23.971 30.079 OTHERS -1
8 721.453 157.900 34.163 49.771 OTHERS 1
9 618.528 130.378 24.284 30.718 OTHERS -1
10 412.007 145.441 27.392 36.453 OTHERS -1
11 153.211 81.951 20.065 23.459 OTHERS -1
12 613.339 48.535 20.520 27.533 OTHERS -1
13 195.876 89.240 20.359 26.947 OTHERS -1
14 289.620 108.876 18.799 25.422 OTHERS -1
15 235.173 86.996 19.119 24.390 OTHERS -1
16 21.900 107.010 21.314 26.392 OTHERS -1
17 449.702 57.762 16.555 25.619 OTHERS -1
18 114.163 73.406 18.551 30.356 OTHERS -1
