0 319.420 93.846 25.241 29.196 XJP 0
1 206.249 98.043 15.532 20.706 OTHERS -1
2 226.009 98.519 23.140 29.615 OTHERS 0
3 287.056 103.286 17.513 21.912 OTHERS -1
4 122.868 93.698 17.400 22.081 OTHERS -1
5 144.005 86.897 20.086 22.595 OTHERS 0
6 352.319 107.023 19.417 23.931 OTHERS 0
7 424.192 103.467 15.169 22.027 OTHERS -1
8 254.431 101.182 20.122 25.439 OTHERS 0
9 511.242 113.546 18.276 23.882 OTHERS -1
10 458.452 103.879 20.172 24.669 OTHERS 0
11 394.857 98.408 19.556 23.887 OTHERS -1
12 275.504 103.858 13.178 18.208 OTHERS -1
