19 224.011 73.546 44.895 54.028 XJP 0
0 6.564 49.847 35.718 38.453 OTHERS 0
1 397.747 48.272 29.553 37.465 OTHERS 0
2 295.190 60.256 30.581 31.630 OTHERS 0
3 310.045 3.929 29.381 38.180 OTHERS 0
4 194.449 97.117 31.357 38.382 OTHERS 0
5 87.626 9.665 28.563 32.098 OTHERS 0
6 339.095 89.693 32.579 36.271 OTHERS 0
7 460.952 39.647 32.637 40.130 OTHERS 0
8 257.869 215.826 39.828 46.617 OTHERS 0
9 397.237 1.447 28.757 34.486 OTHERS 0
10 173.473 152.381 39.302 43.209 OTHERS 0
11 360.614 1.979 27.234 33.653 OTHERS 0
12 115.232 45.514 31.297 38.490 OTHERS 0
13 113.790 134.355 36.655 36.669 OTHERS 0
14 35.909 143.111 41.333 40.391 OTHERS 0
15 41.834 93.475 33.144 37.680 OTHERS 0
16 433.011 157.362 38.934 40.122 OTHERS -1
17 462.170 -0.397 29.606 31.044 OTHERS 0
18 415.840 101.773 34.120 41.752 OTHERS 0
20 120.004 92.385 33.606 34.275 OTHERS 0
21 56.592 206.365 40.614 49.032 OTHERS 0
22 309.458 170.132 39.259 51.188 OTHERS 0
23 163.818 0.475 27.013 32.569 OTHERS 0
24 475.620 101.447 27.981 40.855 OTHERS 0
25 468.160 186.234 35.313 51.327 OTHERS 0
26 335.865 333.673 39.807 36.840 OTHERS -1
27 84.138 328.302 42.068 43.657 OTHERS 0
28 418.371 191.566 41.829 48.794 OTHERS 0
29 334.195 204.768 39.187 50.145 OTHERS 0
30 202.728 55.182 30.065 36.082 OTHERS -1
31 250.967 -0.143 27.617 31.779 OTHERS 0
32 282.004 292.560 42.981 55.254 OTHERS 0
33 291.345 106.315 25.872 31.772 OTHERS -1
34 365.529 148.063 43.157 51.049 OTHERS 0
35 409.297 161.331 25.710 32.873 OTHERS -1
36 127.662 178.422 30.400 48.914 OTHERS 1
37 0.212 318.048 32.745 51.847 OTHERS -1
38 163.104 330.524 39.254 41.499 OTHERS -1
39 464.065 336.959 40.877 33.052 OTHERS -1
