5 447.185 106.693 73.025 101.663 XJP 1
0 169.764 172.125 65.443 84.436 OTHERS 1
1 17.112 122.605 58.828 76.068 OTHERS -1
2 249.501 168.360 55.104 70.996 OTHERS 0
3 654.431 188.620 34.506 37.689 OTHERS 0
4 715.513 184.425 52.825 51.948 OTHERS 0
6 355.551 197.596 31.935 35.708 OTHERS 0
7 774.594 211.828 27.440 32.068 OTHERS -1
8 340.014 131.230 31.088 49.388 OTHERS 1
9 95.975 115.614 41.793 52.569 OTHERS 0
10 310.207 174.857 41.019 55.729 OTHERS 0
11 580.667 184.487 26.846 32.615 OTHERS -1
12 377.875 185.816 24.757 34.028 OTHERS -1
13 436.997 188.273 22.969 28.479 OTHERS -1
