3 206.478 118.271 22.737 30.351 XJP 1
0 38.956 114.748 25.270 37.660 OTHERS 1
1 7.447 55.325 29.437 38.653 OTHERS 1
2 10.467 14.469 18.672 22.091 OTHERS -1
4 114.748 100.845 19.782 30.824 OTHERS 1
5 99.933 74.526 13.844 17.430 OTHERS -1
6 140.027 116.419 13.809 23.347 OTHERS -1
7 68.573 27.076 13.069 15.658 OTHERS -1
8 92.320 40.929 11.415 14.762 OTHERS -1
9 84.016 58.043 12.907 17.950 OTHERS -1
10 59.798 87.968 19.106 27.222 OTHERS 1
11 163.774 131.290 10.861 17.428 OTHERS -1
12 144.622 73.031 9.529 12.220 OTHERS -1
13 237.251 133.679 14.690 18.579 OTHERS -1
14 167.796 103.588 9.717 12.666 OTHERS -1
15 59.344 42.659 13.229 20.276 OTHERS -1
16 123.667 53.853 9.669 12.145 OTHERS -1
17 152.637 100.411 9.591 13.166 OTHERS -1
18 130.394 69.586 10.392 12.412 OTHERS -1
19 283.896 140.290 8.433 12.120 OTHERS -1
20 115.076 61.972 10.087 12.692 OTHERS -1
21 88.445 91.459 14.822 24.863 OTHERS -1
22 48.525 65.678 18.150 23.981 OTHERS -1
23 159.865 90.688 8.548 10.783 OTHERS -1
24 171.371 87.064 8.081 10.415 OTHERS -1
25 181.318 103.495 8.994 11.821 OTHERS -1
26 71.916 69.488 14.683 19.634 OTHERS -1
27 192.615 122.250 8.498 10.717 OTHERS -1
28 108.083 50.336 8.670 12.111 OTHERS -1
29 193.139 137.560 8.282 13.326 OTHERS -1
