0 264.492 96.569 60.271 65.361 XJP 1
1 18.015 95.007 54.419 62.824 OTHERS -1
2 91.274 110.881 38.514 43.915 OTHERS 0
3 141.537 96.040 28.886 33.646 OTHERS 0
4 228.889 136.302 29.310 35.074 OTHERS 0
5 506.886 128.383 33.431 43.854 OTHERS -1
6 214.315 215.762 35.676 43.172 OTHERS 0
7 466.611 101.805 30.029 38.599 OTHERS 1
8 273.897 181.275 24.263 31.592 OTHERS 0
9 430.637 120.898 21.275 21.788 OTHERS 0
10 145.524 188.859 40.397 55.538 OTHERS -1
11 519.163 104.190 21.901 27.311 OTHERS -1
12 410.163 115.736 10.605 12.988 OTHERS -1
