0 497.090 91.242 47.332 62.413 XJP 1
1 419.800 -0.235 33.030 37.674 OTHERS -1
2 762.712 45.133 43.308 53.639 OTHERS 0
3 26.572 77.530 44.025 54.053 OTHERS 0
4 67.273 -0.406 41.114 41.896 OTHERS 0
5 349.203 48.444 42.380 53.512 OTHERS 0
6 664.625 49.619 41.350 53.061 OTHERS 0
7 256.993 74.242 40.400 50.772 OTHERS 0
8 291.808 113.155 42.474 58.680 OTHERS 1
9 154.631 83.390 39.273 53.442 OTHERS 0
10 865.811 46.612 39.868 49.117 OTHERS 0
11 572.665 65.916 37.968 48.845 OTHERS -1
12 457.062 71.846 41.292 54.033 OTHERS 0
13 296.561 -2.539 37.512 29.299 OTHERS -1
