0 315.590 102.483 43.852 58.738 XJP 1
1 212.462 133.525 26.949 37.265 OTHERS 0
2 119.857 186.375 28.822 34.774 OTHERS -1
3 475.289 133.590 44.007 49.234 OTHERS 0
4 69.561 143.436 43.097 66.435 OTHERS -1
5 273.598 140.082 14.715 18.911 OTHERS 0
6 189.183 141.991 14.112 18.569 OTHERS 0
7 458.187 129.098 25.269 32.649 OTHERS -1
8 241.678 135.062 22.427 28.094 OTHERS 0
9 139.661 165.668 22.437 27.555 OTHERS -1
10 385.550 141.082 17.965 21.189 OTHERS -1
11 292.689 138.605 18.215 21.614 OTHERS -1
12 1.492 135.681 25.696 43.858 OTHERS -1
