2 263.726 59.211 35.945 43.663 XJP 0
0 491.096 66.165 33.775 36.577 OTHERS 0
1 31.898 79.739 32.503 34.782 OTHERS 0
3 72.446 102.567 19.168 21.155 OTHERS -1
4 202.968 102.785 17.326 19.537 OTHERS -1
5 151.672 102.772 16.018 20.949 OTHERS 0
6 119.412 107.593 16.547 18.019 OTHERS 0
7 376.195 91.627 22.675 24.700 OTHERS -1
8 3.184 107.060 20.329 21.592 OTHERS -1
9 170.020 94.274 22.990 25.213 OTHERS 0
10 453.742 95.618 14.457 16.379 OTHERS -1
11 304.360 87.168 21.396 24.063 OTHERS 0
12 349.927 97.837 12.917 13.718 OTHERS -1
13 238.009 94.360 15.597 19.020 OTHERS -1
14 252.335 85.239 14.638 21.270 OTHERS -1
