0 471.558 235.975 47.265 56.284 XJP 0
1 589.798 215.202 52.175 63.233 OTHERS 0
2 763.150 222.261 37.828 43.869 OTHERS 0
3 83.313 251.114 49.167 61.438 OTHERS 1
4 17.307 211.663 29.040 33.888 OTHERS 0
5 742.598 181.194 30.617 38.619 OTHERS 0
6 152.994 173.073 27.517 34.129 OTHERS 0
7 435.378 219.964 35.973 48.179 OTHERS 0
8 380.033 225.571 41.997 55.119 OTHERS 0
9 408.931 196.693 28.707 37.352 OTHERS -1
10 692.997 190.642 42.377 49.391 OTHERS 0
11 257.805 211.975 40.848 55.476 OTHERS 1
12 51.351 183.517 22.837 26.368 OTHERS -1
13 334.895 218.238 39.237 49.536 OTHERS -1
14 510.096 177.819 19.181 24.478 OTHERS -1
15 175.336 227.781 42.804 46.908 OTHERS -1
16 348.453 188.628 21.128 24.310 OTHERS 0
17 257.341 162.742 20.883 24.094 OTHERS -1
18 33.281 277.323 30.881 42.830 OTHERS -1
19 644.404 160.438 9.971 13.905 OTHERS -1
20 127.502 153.825 9.222 11.970 OTHERS -1
21 42.620 151.366 9.809 13.221 OTHERS -1
22 134.164 175.854 17.837 25.368 OTHERS -1
23 69.640 147.914 9.524 12.390 OTHERS -1
24 12.787 148.142 9.983 12.487 OTHERS -1
25 295.674 227.279 21.615 34.880 OTHERS -1
26 466.582 173.125 20.219 25.827 OTHERS 0
27 0.920 157.450 9.129 11.841 OTHERS -1
28 58.535 147.890 9.492 12.014 OTHERS -1
29 81.633 151.009 9.694 12.465 OTHERS -1
30 225.062 153.768 9.112 11.477 OTHERS -1
31 665.625 200.000 21.714 26.016 OTHERS -1
32 527.551 177.326 13.407 19.811 OTHERS -1
33 545.429 171.072 9.729 12.094 OTHERS -1
34 192.075 157.328 9.367 11.680 OTHERS -1
35 111.945 160.320 9.894 12.458 OTHERS -1
36 99.966 147.343 9.746 11.880 OTHERS -1
37 256.750 300.035 34.979 49.686 OTHERS -1
38 143.178 157.866 8.084 9.936 OTHERS -1
39 607.403 174.104 10.959 12.711 OTHERS -1
40 156.858 155.453 8.860 11.109 OTHERS -1
41 171.177 158.612 9.292 11.707 OTHERS -1
