0 608.561 252.547 36.716 28.898 OTHERS -1
1 335.164 239.900 35.299 32.929 OTHERS -1
2 849.604 224.017 39.863 33.495 OTHERS 0
3 444.181 196.834 44.722 54.183 OTHERS 0
4 561.912 243.287 33.182 27.146 OTHERS -1
5 784.354 223.829 46.871 45.442 OTHERS 0
6 729.103 191.511 14.197 17.899 OTHERS -1
7 923.118 219.785 18.942 21.615 OTHERS -1
8 119.048 209.729 44.671 42.847 OTHERS -1
9 890.280 202.651 14.633 19.911 OTHERS -1
10 182.036 203.891 16.418 21.173 OTHERS -1
11 395.310 202.875 16.735 16.951 OTHERS -1
12 688.055 217.447 20.774 22.013 OTHERS -1
13 608.413 200.802 11.827 15.152 OTHERS -1
