0 244.632 152.038 63.304 80.727 XJP 0
1 348.961 186.075 47.280 59.059 OTHERS 0
2 606.751 140.932 54.588 88.244 OTHERS 1
3 49.434 144.092 67.550 99.826 OTHERS 1
4 516.287 203.500 26.662 29.988 OTHERS 0
5 547.315 196.462 23.822 28.030 OTHERS -1
6 153.297 186.847 23.897 28.414 OTHERS 0
7 674.046 194.078 70.280 116.215 OTHERS 1
8 300.237 214.125 23.746 30.275 OTHERS -1
9 395.374 218.484 14.811 19.393 OTHERS -1
10 107.691 201.917 40.908 52.932 OTHERS 0
11 450.442 211.424 18.827 21.843 OTHERS -1
12 206.618 203.049 16.157 21.650 OTHERS -1
13 421.400 218.973 11.652 15.954 OTHERS -1
14 405.618 209.152 8.991 10.631 OTHERS -1
