3 215.327 66.960 46.028 59.693 XJP 1
0 13.488 89.622 34.810 42.452 OTHERS 0
1 146.334 80.916 33.306 42.845 OTHERS 0
2 321.822 104.105 27.317 37.725 OTHERS -1
4 506.685 126.150 16.588 21.058 OTHERS -1
5 263.206 114.260 12.956 16.301 OTHERS -1
6 430.798 111.438 16.534 22.509 OTHERS -1
7 376.735 105.891 21.749 28.554 OTHERS -1
8 414.687 124.992 16.735 21.967 OTHERS -1
9 359.802 111.327 13.294 16.544 OTHERS -1
10 472.387 119.557 14.836 19.022 OTHERS -1
11 284.105 100.668 18.728 23.217 OTHERS -1
12 520.408 120.789 15.099 19.100 OTHERS -1
