0 378.352 196.281 94.538 119.668 XJP 0
4 564.245 186.340 64.187 83.768 PLY 0
1 807.761 228.449 69.533 78.618 OTHERS 0
2 7.358 202.745 58.867 76.089 OTHERS 0
3 498.918 103.960 50.817 70.216 OTHERS 0
5 738.589 84.116 47.273 67.368 OTHERS 0
6 695.921 190.752 57.396 69.547 OTHERS -1
7 806.416 150.345 53.261 60.365 OTHERS -1
8 257.287 191.996 68.259 100.421 OTHERS 1
9 604.049 250.875 78.925 118.438 OTHERS 1
10 586.548 108.738 44.693 64.482 OTHERS 1
11 54.363 155.534 38.764 49.307 OTHERS 0
12 678.441 125.421 38.897 48.714 OTHERS 0
13 459.900 147.186 29.276 35.167 OTHERS -1
14 631.998 104.301 36.498 57.098 OTHERS 1
15 844.301 129.933 36.644 53.476 OTHERS -1
16 340.637 177.229 27.772 41.630 OTHERS -1
17 150.161 101.294 34.431 72.859 OTHERS -1
