0 51.973 115.896 37.184 47.215 XJP 0
1 88.506 110.188 27.017 36.328 OTHERS 0
2 101.551 95.519 23.549 31.119 OTHERS -1
3 361.138 105.080 18.876 23.084 OTHERS 0
4 268.714 85.582 16.278 20.853 OTHERS 0
5 298.791 99.604 19.240 18.938 OTHERS 0
6 388.427 90.101 15.406 19.848 OTHERS -1
7 167.433 105.237 22.359 23.683 OTHERS 0
8 410.103 86.593 13.102 16.671 OTHERS -1
9 333.855 95.095 14.169 15.938 OTHERS -1
10 359.092 83.281 12.011 17.084 OTHERS -1
11 284.024 67.069 10.113 12.962 OTHERS -1
12 377.233 79.197 10.074 14.372 OTHERS -1
13 353.062 73.397 9.222 11.169 OTHERS -1
14 390.746 74.212 8.722 10.286 OTHERS -1
15 319.813 83.387 12.731 15.104 OTHERS -1
16 199.950 109.342 18.805 25.506 OTHERS -1
