35 208 87 29 33 XJP -1
0 47.254 88.611 25.543 36.574 OTHERS 1
1 24.987 39.340 23.882 31.348 OTHERS -1
2 111.558 89.160 21.959 30.116 OTHERS -1
3 91.047 35.426 15.939 20.017 OTHERS -1
4 115.103 52.944 15.546 21.403 OTHERS -1
5 142.871 64.084 13.288 17.298 OTHERS -1
6 68.225 30.185 17.155 22.836 OTHERS -1
7 41.708 9.312 18.899 24.745 OTHERS -1
8 95.786 60.710 17.216 21.099 OTHERS -1
9 195.051 102.877 12.856 15.973 OTHERS -1
10 4.543 7.905 21.376 29.203 OTHERS -1
11 55.883 -0.150 20.197 21.434 OTHERS -1
12 82.609 7.979 15.033 18.583 OTHERS -1
13 156.740 71.155 14.486 17.969 OTHERS -1
14 108.430 25.908 12.446 15.951 OTHERS -1
15 136.502 47.296 11.676 14.918 OTHERS -1
16 151.615 40.688 10.330 13.367 OTHERS -1
17 190.235 78.177 10.566 13.820 OTHERS -1
18 64.707 51.375 19.595 25.460 OTHERS 1
19 121.020 21.586 11.024 14.154 OTHERS -1
20 170.445 103.923 13.143 17.713 OTHERS -1
21 249.604 88.923 8.312 10.666 OTHERS -1
22 164.672 56.258 13.148 16.852 OTHERS -1
23 259.679 101.861 17.729 24.250 OTHERS -1
24 158.554 103.474 13.476 20.418 OTHERS -1
25 144.579 29.311 9.382 11.420 OTHERS -1
26 131.394 14.125 9.610 12.297 OTHERS -1
27 178.646 81.734 10.428 13.768 OTHERS -1
28 133.671 34.004 11.383 13.902 OTHERS -1
29 207.346 56.638 8.179 10.152 OTHERS -1
30 179.929 63.890 9.707 12.442 OTHERS -1
31 220.271 60.937 7.860 9.985 OTHERS -1
32 161.019 31.511 8.732 10.652 OTHERS -1
33 169.310 20.091 8.533 10.937 OTHERS -1
34 228.554 42.282 7.719 10.213 OTHERS -1
