4 246.760 119.671 75.388 105.638 XJP 1
0 574.548 287.889 51.801 63.336 OTHERS 0
1 709.682 193.594 141.637 148.336 OTHERS -1
2 57.562 196.675 40.588 47.918 OTHERS 0
3 404.176 317.197 49.329 52.902 OTHERS -1
5 345.006 206.718 26.027 36.157 OTHERS 0
6 423.732 219.008 36.085 45.761 OTHERS 0
7 114.631 212.398 22.744 30.711 OTHERS -1
8 14.309 204.474 23.792 25.733 OTHERS -1
9 705.556 35.726 10.972 13.669 OTHERS -1
10 294.228 210.117 17.184 22.944 OTHERS -1
11 104.555 210.954 19.139 26.751 OTHERS -1
12 674.677 48.879 9.203 11.886 OTHERS -1
