0 463.199 202.380 50.084 61.572 XJP 0
1 111.365 200.953 54.391 64.945 PLY 0
2 783.904 205.567 48.532 57.579 OTHERS 0
3 49.902 213.649 50.992 58.231 OTHERS 0
4 299.248 251.526 51.690 54.858 OTHERS 0
5 223.499 243.721 45.611 57.516 OTHERS 0
6 348.262 225.109 43.003 52.685 OTHERS 0
7 181.929 208.921 39.128 48.244 OTHERS 0
8 847.565 253.180 31.385 35.052 OTHERS -1
9 595.918 253.048 40.151 46.027 OTHERS -1
10 640.029 234.538 47.107 48.196 OTHERS 0
11 150.660 237.266 39.306 53.811 OTHERS 0
12 535.219 272.035 25.184 32.257 OTHERS 0
13 723.781 235.596 43.352 47.806 OTHERS 0
14 220.459 221.919 26.128 37.836 OTHERS -1
