0 163.298 155.513 11.307 14.365 XJP -1
1 449.195 127.962 13.774 20.665 OTHERS -1
2 421.481 117.166 12.421 17.639 OTHERS -1
3 470.957 122.220 12.834 20.489 OTHERS -1
4 106.914 172.000 10.077 13.507 OTHERS -1
5 81.509 170.759 9.227 12.449 OTHERS -1
6 179.646 161.205 10.540 13.786 OTHERS -1
7 370.709 122.700 10.576 12.909 OTHERS -1
8 122.347 174.639 9.858 12.597 OTHERS -1
9 387.759 123.711 9.598 13.034 OTHERS -1
10 364.346 92.501 8.604 11.143 OTHERS -1
11 136.139 168.564 8.565 11.296 OTHERS -1
12 109.516 160.458 8.414 10.435 OTHERS -1
13 348.961 115.743 8.684 11.610 OTHERS -1
14 142.894 158.480 7.889 9.861 OTHERS -1
