0 136.166 120.095 34.976 42.342 XJP 0
1 333.369 132.465 34.274 45.302 OTHERS 0
2 470.171 79.177 27.884 33.323 OTHERS -1
3 330.303 65.133 24.796 30.154 OTHERS -1
4 386.312 72.299 26.509 30.469 OTHERS -1
5 413.030 74.983 25.700 31.935 OTHERS -1
6 42.238 40.548 23.986 28.516 OTHERS -1
7 301.624 60.899 23.406 28.934 OTHERS -1
8 444.020 81.200 24.047 30.301 OTHERS -1
9 353.847 67.354 25.230 30.802 OTHERS -1
10 226.892 58.413 22.045 27.045 OTHERS -1
11 198.637 52.409 21.802 26.241 OTHERS -1
12 251.654 58.144 21.330 28.702 OTHERS -1
13 104.322 42.556 18.411 23.700 OTHERS -1
14 22.430 42.427 21.264 27.225 OTHERS -1
