0 430.937 168.988 36.043 43.100 XJP 0
1 307.535 209.585 29.863 35.240 OTHERS 0
2 774.331 170.680 33.474 43.386 OTHERS 0
3 111.374 161.182 35.296 46.123 OTHERS 0
4 255.658 214.582 31.742 40.823 OTHERS 0
5 177.666 198.283 26.726 34.159 OTHERS 0
6 536.834 201.842 27.422 36.537 OTHERS 0
7 381.032 174.770 28.164 35.739 OTHERS 0
8 647.172 179.838 33.953 40.575 OTHERS 0
9 57.065 200.566 26.895 38.594 OTHERS 0
10 825.125 183.524 22.624 30.276 OTHERS 0
11 28.157 218.557 22.708 27.124 OTHERS 0
12 637.970 166.972 25.765 32.393 OTHERS -1
13 568.904 204.455 22.665 30.675 OTHERS -1
14 691.452 205.569 22.778 24.779 OTHERS -1
15 352.929 197.401 20.380 25.941 OTHERS -1
16 202.559 211.635 20.645 27.065 OTHERS -1
17 509.603 196.140 20.455 25.815 OTHERS -1
18 287.239 221.004 18.591 24.057 OTHERS -1
19 -3.925 226.647 16.253 24.265 OTHERS -1
