1 345.909 229.528 34.169 41.437 XJP 0
0 491.198 231.749 30.869 34.552 OTHERS 0
2 558.078 253.762 15.452 16.847 OTHERS -1
3 450.526 253.049 16.038 16.811 OTHERS -1
4 398.481 254.106 15.115 15.980 OTHERS -1
5 680.006 292.260 22.823 27.429 OTHERS -1
6 184.505 255.016 14.261 15.794 OTHERS -1
7 236.413 255.362 14.400 15.360 OTHERS -1
8 291.760 255.937 14.478 15.857 OTHERS -1
9 165.954 259.492 13.801 15.423 OTHERS -1
10 148.022 257.705 12.964 14.350 OTHERS -1
11 45.985 256.971 14.709 15.709 OTHERS -1
12 216.964 258.321 14.940 16.681 OTHERS -1
13 200.938 257.057 14.533 16.740 OTHERS -1
14 266.702 258.068 13.056 14.483 OTHERS -1
15 20.448 256.780 15.474 16.695 OTHERS -1
16 128.992 256.586 15.018 16.054 OTHERS -1
17 596.359 259.001 15.187 19.600 OTHERS -1
18 73.714 256.603 16.729 17.500 OTHERS -1
19 637.829 285.011 20.532 26.460 OTHERS -1
20 117.237 257.930 13.165 15.330 OTHERS -1
21 97.164 257.327 14.558 15.480 OTHERS -1
22 251.447 255.513 13.385 17.061 OTHERS -1
23 306.334 256.574 11.846 14.983 OTHERS -1
24 421.974 256.013 14.001 15.962 OTHERS -1
