0 352.255 100.453 21.029 30.691 XJP 1
1 307.071 115.652 15.872 21.200 OTHERS -1
2 296.166 119.328 12.338 15.949 OTHERS -1
3 235.512 100.538 21.024 27.008 OTHERS 0
4 73.462 129.931 9.804 12.543 OTHERS -1
5 55.321 125.471 10.941 13.230 OTHERS -1
6 274.035 125.082 13.753 15.892 OTHERS -1
7 9.923 117.337 14.068 15.880 OTHERS -1
8 39.393 119.776 12.048 13.211 OTHERS -1
9 136.826 121.554 9.027 10.814 OTHERS -1
10 212.188 122.967 8.433 10.818 OTHERS -1
11 93.525 119.390 10.074 11.684 OTHERS -1
12 373.099 96.695 20.688 36.262 OTHERS 1
13 112.607 125.219 9.726 10.927 OTHERS -1
14 336.250 112.726 12.825 13.923 OTHERS -1
15 196.278 123.229 9.015 10.358 OTHERS -1
