3 196.743 81.479 12.199 15.032 XJP -1
0 331.833 101.805 14.242 18.016 OTHERS 0
1 1.762 82.381 23.165 26.097 OTHERS 0
2 371.401 100.793 22.591 25.719 OTHERS 0
4 45.223 94.361 16.494 19.331 OTHERS -1
5 291.380 97.515 12.263 15.245 OTHERS -1
6 261.224 85.675 12.559 15.350 OTHERS 0
7 64.816 105.209 14.725 17.649 OTHERS -1
8 99.962 103.797 12.378 14.800 OTHERS -1
9 199.065 136.558 9.478 11.109 OTHERS -1
10 59.955 85.535 11.604 14.835 OTHERS -1
11 77.657 85.271 13.458 17.436 OTHERS -1
12 315.438 92.086 10.551 13.675 OTHERS -1
13 385.097 86.831 15.968 20.300 OTHERS -1
14 167.659 102.379 8.788 11.359 OTHERS -1
15 165.871 90.933 9.123 10.744 OTHERS -1
16 342.436 90.313 12.170 14.922 OTHERS -1
17 116.176 101.837 9.346 11.980 OTHERS -1
