2 249.670 189.125 55.808 90.846 XJP 1
0 795.808 88.708 57.061 92.887 OTHERS 1
1 633.958 107.674 55.676 67.801 OTHERS 1
3 689.203 128.970 57.321 85.333 OTHERS 1
4 441.716 187.193 32.608 40.554 OTHERS -1
5 478.337 243.503 47.034 72.528 OTHERS 1
6 426.030 237.212 49.644 65.832 OTHERS 0
7 547.891 125.068 30.175 41.445 OTHERS 1
8 652.173 48.691 36.009 44.360 OTHERS -1
9 597.494 137.648 53.100 65.586 OTHERS 0
10 545.495 244.050 59.780 89.548 OTHERS 1
11 51.941 247.157 30.200 40.874 OTHERS -1
12 477.024 187.471 33.040 51.189 OTHERS 1
13 553.225 87.276 32.472 40.464 OTHERS -1
14 592.634 54.090 32.775 43.734 OTHERS 1
15 312.443 206.673 28.276 31.940 OTHERS -1
16 498.270 102.569 32.491 48.356 OTHERS 1
17 399.286 126.247 25.722 32.667 OTHERS 0
18 369.300 135.270 24.339 30.351 OTHERS -1
19 99.724 254.272 27.990 41.651 OTHERS -1
20 370.870 204.370 23.522 40.461 OTHERS -1
21 777.007 276.258 54.882 103.804 OTHERS -1
22 122.203 213.296 16.166 18.923 OTHERS -1
23 549.976 174.155 36.703 53.712 OTHERS -1
24 708.308 36.612 32.124 45.443 OTHERS -1
25 72.174 208.148 14.547 20.078 OTHERS -1
26 51.196 174.768 16.692 20.020 OTHERS -1
27 153.817 237.862 38.766 55.242 OTHERS -1
28 346.719 138.446 22.546 30.278 OTHERS -1
29 77.365 229.181 18.710 22.514 OTHERS -1
30 1.611 264.459 17.559 23.445 OTHERS -1
31 426.472 124.329 21.989 31.474 OTHERS -1
32 454.566 111.447 24.417 41.763 OTHERS 1
33 395.329 182.774 22.628 43.312 OTHERS -1
34 13.995 210.554 14.905 19.165 OTHERS -1
35 3.569 183.644 15.365 18.990 OTHERS -1
36 28.479 221.053 17.905 20.916 OTHERS -1
37 76.256 180.693 15.878 19.705 OTHERS -1
38 99.761 193.400 19.659 24.197 OTHERS -1
39 377.370 245.743 30.729 55.787 OTHERS -1
40 104.722 232.611 18.987 22.359 OTHERS -1
41 145.687 191.132 18.085 24.286 OTHERS -1
42 26.451 180.731 15.768 20.740 OTHERS -1
43 50.728 215.439 15.014 18.394 OTHERS -1
44 124.185 176.580 17.298 21.276 OTHERS -1
45 363.421 169.387 20.725 32.656 OTHERS -1
46 174.193 186.053 19.612 25.080 OTHERS -1
47 178.855 165.057 19.696 22.966 OTHERS -1
48 294.630 243.915 31.524 55.065 OTHERS 1
49 182.671 218.591 21.095 28.114 OTHERS -1
50 155.434 170.221 18.969 23.416 OTHERS -1
51 307.225 137.392 18.571 24.449 OTHERS -1
52 331.103 178.879 20.741 31.409 OTHERS -1
53 142.328 174.064 14.546 19.689 OTHERS -1
54 106.231 181.158 17.098 18.489 OTHERS -1
55 582.724 233.556 50.095 96.999 OTHERS -1
56 593.765 99.318 34.161 46.709 OTHERS -1
57 -0.877 237.816 11.900 19.082 OTHERS -1
58 302.842 167.137 18.573 27.122 OTHERS -1
59 287.218 144.021 18.352 24.546 OTHERS -1
