4 557.126 201.416 87.005 108.414 XJP 0
11 819.109 283.202 80.992 102.129 PLY 0
0 172.795 92.764 51.449 63.966 OTHERS 0
1 848.962 187.083 58.320 62.650 OTHERS -1
2 793.866 116.168 51.682 60.619 OTHERS -1
3 434.663 111.814 51.994 53.583 OTHERS 0
5 950.992 100.316 54.501 57.814 OTHERS 0
6 33.485 179.732 54.064 59.603 OTHERS 0
7 299.235 112.829 49.566 53.260 OTHERS -1
8 521.683 127.060 47.977 55.455 OTHERS -1
9 330.220 271.792 87.819 98.004 OTHERS 0
10 119.110 282.575 83.489 99.245 OTHERS 0
12 688.994 112.565 44.171 50.456 OTHERS 0
13 333.535 195.477 54.270 56.462 OTHERS -1
14 286.384 280.002 33.535 45.041 OTHERS -1
