0 393.140 289.710 24.383 37.603 OTHERS -1
1 601.354 266.460 15.686 21.930 OTHERS -1
2 196.860 285.078 18.577 23.329 OTHERS -1
3 715.895 285.349 18.044 25.351 OTHERS -1
4 529.034 273.450 19.127 23.440 OTHERS -1
5 494.838 270.720 15.326 19.343 OTHERS -1
6 778.525 271.099 17.870 23.232 OTHERS -1
7 871.558 276.121 17.515 23.292 OTHERS -1
8 220.808 274.620 17.158 21.572 OTHERS -1
9 132.863 277.993 18.110 22.374 OTHERS -1
10 249.143 292.995 21.751 26.809 OTHERS -1
11 302.083 281.001 19.755 25.413 OTHERS -1
12 650.490 231.306 11.284 14.722 OTHERS -1
13 259.988 269.013 12.071 15.117 OTHERS -1
14 585.507 292.530 16.405 22.515 OTHERS -1
15 698.382 267.287 16.116 19.852 OTHERS -1
16 450.508 280.338 19.625 24.668 OTHERS -1
17 5.004 257.516 7.914 9.832 OTHERS -1
18 288.873 263.640 9.515 12.225 OTHERS -1
19 489.897 296.288 19.981 31.296 OTHERS -1
20 10.231 273.379 14.044 16.061 OTHERS -1
21 445.303 264.623 8.862 10.795 OTHERS -1
22 247.559 266.426 9.816 12.047 OTHERS -1
23 352.190 276.096 23.170 25.605 OTHERS -1
24 339.945 267.071 8.408 10.405 OTHERS -1
25 60.289 257.640 7.866 9.789 OTHERS -1
26 164.811 253.901 8.462 10.918 OTHERS -1
