2 113.951 68.929 14.647 17.772 XJP 0
0 75.075 71.780 14.760 19.293 OTHERS -1
1 151.489 73.013 13.833 17.343 OTHERS -1
3 140.960 64.218 10.930 13.447 OTHERS -1
4 34.575 81.368 13.199 16.756 OTHERS -1
5 131.126 56.117 9.514 11.930 OTHERS -1
6 202.365 91.447 15.231 18.529 OTHERS -1
7 185.182 85.612 13.281 15.493 OTHERS -1
8 90.889 66.695 11.510 14.678 OTHERS -1
9 103.321 58.526 9.974 12.170 OTHERS -1
10 61.760 56.471 10.069 11.908 OTHERS -1
11 17.031 79.367 10.187 12.535 OTHERS -1
12 -0.485 68.349 9.745 13.936 OTHERS -1
