0 297.904 98.721 32.725 43.421 XJP 0
1 140.153 111.938 33.232 45.596 OTHERS 0
2 251.794 110.813 27.683 34.287 OTHERS 0
3 456.377 127.490 29.267 32.077 OTHERS 0
4 353.421 121.229 28.248 32.761 OTHERS 0
5 409.125 107.664 27.118 31.918 OTHERS 0
6 153.942 71.788 25.729 31.210 OTHERS 0
7 62.742 100.188 26.240 31.195 OTHERS 0
8 212.274 113.952 27.622 30.336 OTHERS 0
9 92.945 82.460 24.114 27.986 OTHERS 0
10 338.454 93.049 22.932 29.824 OTHERS -1
11 363.897 76.103 23.954 26.498 OTHERS 0
12 189.933 103.734 25.315 31.274 OTHERS -1
13 252.709 87.227 24.327 28.331 OTHERS -1
14 414.737 84.280 25.814 31.155 OTHERS -1
15 124.504 90.081 19.355 21.440 OTHERS -1
16 117.620 117.435 20.711 30.900 OTHERS -1
