1 381.223 142.677 44.445 55.458 XJP 0
0 580.276 188.137 50.524 64.172 OTHERS 0
2 630.814 96.194 35.687 44.813 OTHERS 0
3 175.831 116.908 38.842 44.725 OTHERS -1
4 719.880 217.162 44.126 68.357 OTHERS 1
5 714.522 114.324 30.685 42.420 OTHERS 0
6 15.863 82.715 29.947 38.040 OTHERS -1
7 215.886 131.276 35.555 46.970 OTHERS 0
8 795.892 98.291 28.766 38.835 OTHERS 0
9 68.688 95.022 30.605 41.330 OTHERS -1
10 642.251 37.019 28.417 35.704 OTHERS -1
11 100.261 107.916 29.025 40.977 OTHERS -1
12 327.959 142.626 40.044 52.428 OTHERS 0
13 131.151 109.174 30.644 42.590 OTHERS -1
14 663.266 76.662 28.274 36.098 OTHERS -1
15 298.109 136.241 34.772 53.451 OTHERS -1
16 597.761 45.215 26.322 34.067 OTHERS -1
17 510.074 182.974 37.568 52.336 OTHERS 1
18 335.065 3.693 26.755 36.769 OTHERS -1
19 541.322 85.373 24.905 38.837 OTHERS -1
20 515.262 89.969 22.030 28.206 OTHERS -1
21 385.117 82.954 25.247 29.931 OTHERS -1
22 679.470 45.496 20.713 28.660 OTHERS -1
23 602.983 72.784 19.489 31.337 OTHERS -1
24 647.291 203.557 24.416 54.618 OTHERS -1
25 270.574 18.671 23.891 30.484 OTHERS -1
26 453.380 26.563 26.563 32.537 OTHERS -1
27 627.758 16.085 21.781 29.147 OTHERS -1
28 827.880 35.221 18.921 29.138 OTHERS -1
