2 148.212 197.242 38.994 47.810 XJP 0
0 34.412 346.747 38.512 42.664 OTHERS 0
1 294.672 397.582 35.145 37.894 OTHERS -1
3 129.234 403.187 40.061 43.474 OTHERS 0
4 423.076 313.861 13.623 16.359 OTHERS -1
5 444.717 314.398 13.444 15.844 OTHERS -1
6 340.378 310.259 12.794 14.743 OTHERS -1
7 398.102 313.644 12.979 14.712 OTHERS -1
8 283.030 308.533 12.183 15.002 OTHERS -1
9 319.632 310.131 12.497 14.912 OTHERS -1
10 301.335 309.352 12.251 14.117 OTHERS -1
11 378.662 312.169 11.905 14.357 OTHERS -1
12 360.765 312.266 12.081 14.470 OTHERS -1
