0 476.108 176.653 36.665 49.977 XJP 1
1 13.004 156.130 14.408 16.003 OTHERS -1
2 120.002 151.791 10.976 13.806 OTHERS -1
3 70.318 155.462 12.194 15.037 OTHERS -1
4 355.452 154.712 9.605 11.544 OTHERS -1
5 320.144 152.852 8.336 10.849 OTHERS -1
6 165.579 158.599 9.677 11.500 OTHERS -1
7 52.032 146.387 8.974 11.082 OTHERS -1
8 462.775 152.694 9.822 12.029 OTHERS -1
9 409.124 160.024 9.521 11.360 OTHERS -1
10 393.507 150.407 7.497 9.541 OTHERS -1
11 26.870 147.233 9.119 10.855 OTHERS -1
12 45.622 146.644 8.157 10.265 OTHERS -1
13 212.166 155.694 8.754 11.190 OTHERS -1
14 283.233 155.422 8.592 10.546 OTHERS -1
15 314.050 150.123 7.661 9.668 OTHERS -1
