0 257.461 98.336 49.704 62.258 OTHERS -1
1 168.649 125.759 39.455 43.900 OTHERS -1
2 102.362 95.802 50.381 54.161 OTHERS -1
3 350.412 138.647 37.811 41.770 OTHERS -1
4 436.018 91.603 53.636 69.550 OTHERS -1
5 400.390 100.330 38.703 51.307 OTHERS -1
6 504.054 103.182 26.293 31.692 OTHERS -1
7 84.684 118.876 29.699 41.453 OTHERS -1
8 42.600 114.902 24.887 26.760 OTHERS -1
9 -1.693 82.036 44.113 61.150 OTHERS -1
10 374.282 92.623 23.173 25.482 OTHERS -1
11 227.298 109.937 23.462 25.240 OTHERS -1
12 203.873 95.944 22.110 23.186 OTHERS -1
13 232.509 72.460 17.690 20.178 OTHERS -1
14 328.480 89.074 20.500 22.992 OTHERS -1
15 343.562 8.521 11.219 13.907 OTHERS -1
16 320.325 56.998 11.113 13.734 OTHERS -1
17 45.666 83.057 20.559 20.546 OTHERS -1
18 330.984 32.643 11.054 14.117 OTHERS -1
19 362.918 74.681 18.098 23.665 OTHERS -1
20 307.157 38.799 9.572 12.003 OTHERS -1
21 330.062 18.142 9.672 11.612 OTHERS -1
22 319.922 25.371 8.951 10.963 OTHERS -1
23 256.826 26.382 9.153 11.454 OTHERS -1
24 364.614 19.903 9.166 11.434 OTHERS -1
