0 296.238 48.734 53.177 68.354 XJP 1
1 249.244 97.329 35.324 43.393 OTHERS 0
2 206.762 103.623 30.289 33.581 OTHERS 0
3 158.637 122.468 17.426 19.064 OTHERS -1
4 144.832 77.816 16.871 18.777 OTHERS -1
5 164.006 95.501 13.256 14.326 OTHERS -1
6 106.955 23.946 13.728 15.818 OTHERS -1
7 141.491 19.844 10.917 13.009 OTHERS -1
8 184.570 105.537 12.316 14.654 OTHERS -1
9 59.594 89.998 39.513 55.412 OTHERS 1
10 183.674 78.337 11.502 12.980 OTHERS -1
11 155.027 37.521 10.472 12.555 OTHERS -1
12 138.032 41.569 12.784 15.341 OTHERS -1
13 72.242 13.811 16.666 18.964 OTHERS -1
14 221.887 41.002 10.420 11.480 OTHERS -1
15 233.866 47.283 9.885 11.470 OTHERS -1
16 172.651 118.548 10.893 13.868 OTHERS -1
17 172.096 42.175 11.820 14.305 OTHERS -1
18 168.335 58.555 12.256 14.366 OTHERS -1
19 11.816 8.026 44.670 99.256 OTHERS -1
20 132.029 24.750 8.551 10.374 OTHERS -1
21 183.271 126.500 12.433 14.220 OTHERS -1
22 131.886 115.315 20.924 22.495 OTHERS -1
23 189.422 128.728 11.980 13.343 OTHERS -1
24 277.557 53.774 8.983 10.362 OTHERS -1
25 78.877 109.179 27.423 33.762 OTHERS -1
26 424.474 131.285 8.456 9.695 OTHERS -1
