8 391.485 174.141 47.291 66.947 XJP 1
0 44.621 210.453 52.259 68.270 OTHERS 1
1 142.860 176.121 48.496 67.815 OTHERS 1
2 84.400 2.932 33.389 38.953 OTHERS 1
3 81.132 108.177 50.690 57.333 OTHERS 0
4 123.857 10.721 29.436 33.460 OTHERS -1
5 249.879 160.902 31.407 37.299 OTHERS 0
6 513.696 220.421 29.236 35.080 OTHERS -1
7 14.270 0.718 35.869 43.684 OTHERS -1
9 197.142 139.334 36.922 40.386 OTHERS -1
10 153.432 44.854 29.129 31.306 OTHERS 0
11 214.174 194.142 27.048 51.717 OTHERS -1
12 282.840 168.715 27.081 30.673 OTHERS -1
13 319.484 168.656 26.003 28.683 OTHERS 0
14 392.051 129.952 18.078 19.690 OTHERS -1
15 254.939 224.130 25.229 42.610 OTHERS -1
16 278.637 219.302 27.587 38.599 OTHERS -1
17 336.988 208.035 25.764 33.586 OTHERS -1
18 160.679 1.846 23.709 26.897 OTHERS -1
19 288.004 134.233 24.478 25.918 OTHERS 0
20 484.345 131.766 13.424 14.846 OTHERS -1
21 612.028 187.082 13.119 14.362 OTHERS -1
22 586.396 235.192 14.155 15.855 OTHERS -1
23 221.565 47.033 23.874 26.691 OTHERS -1
24 217.844 108.650 26.117 33.418 OTHERS -1
25 604.060 231.729 16.373 17.176 OTHERS -1
26 273.168 91.733 24.333 26.952 OTHERS 0
27 372.824 87.116 17.948 20.241 OTHERS -1
28 640.635 215.790 12.948 15.208 OTHERS -1
29 380.988 153.024 18.427 21.467 OTHERS -1
30 559.758 236.032 15.952 17.847 OTHERS -1
31 716.851 196.027 12.226 13.314 OTHERS -1
32 460.986 125.860 14.923 17.012 OTHERS -1
33 203.956 25.657 22.682 28.278 OTHERS -1
34 356.925 102.969 16.064 18.683 OTHERS -1
35 359.256 208.591 22.869 31.234 OTHERS -1
36 179.392 87.750 24.999 36.040 OTHERS -1
37 299.736 75.787 19.968 24.130 OTHERS -1
38 649.343 142.025 11.462 12.652 OTHERS -1
39 581.031 147.674 11.766 12.861 OTHERS -1
40 674.344 231.629 13.916 14.956 OTHERS -1
41 314.377 110.924 20.599 23.156 OTHERS -1
42 625.456 152.284 11.957 13.127 OTHERS -1
43 269.717 63.720 22.778 25.136 OTHERS -1
44 632.986 237.153 15.333 17.276 OTHERS -1
45 633.648 187.055 12.648 13.172 OTHERS -1
46 749.667 204.024 11.859 13.218 OTHERS -1
47 680.950 137.625 11.499 12.450 OTHERS -1
48 685.150 160.593 12.598 13.317 OTHERS -1
49 355.125 144.107 20.957 23.963 OTHERS -1
50 500.775 204.459 14.805 15.669 OTHERS -1
51 602.437 207.906 13.586 15.431 OTHERS -1
52 500.627 180.348 16.084 18.644 OTHERS -1
53 649.831 168.587 11.750 13.592 OTHERS -1
54 654.182 233.885 13.203 14.406 OTHERS -1
55 342.213 64.465 20.725 22.223 OTHERS -1
56 708.056 234.168 12.373 13.771 OTHERS -1
57 521.659 121.892 11.998 12.809 OTHERS -1
58 757.128 237.595 12.859 14.124 OTHERS -1
59 617.983 213.301 13.380 14.783 OTHERS -1
60 381.394 208.826 24.568 35.913 OTHERS -1
61 445.191 109.445 13.706 14.796 OTHERS -1
62 709.371 214.603 10.790 12.324 OTHERS -1
63 412.772 110.491 15.876 16.706 OTHERS -1
64 698.131 187.448 13.789 13.953 OTHERS -1
65 690.714 230.048 12.764 14.235 OTHERS -1
66 586.594 186.573 13.012 14.422 OTHERS -1
67 508.840 142.112 12.268 13.769 OTHERS -1
68 679.934 191.111 10.279 11.731 OTHERS -1
69 554.063 157.199 12.561 13.760 OTHERS -1
70 726.896 213.469 12.009 14.165 OTHERS -1
71 679.627 210.139 11.053 13.452 OTHERS -1
72 781.901 242.424 11.889 13.199 OTHERS -1
73 661.906 157.415 11.711 12.556 OTHERS -1
74 625.086 136.883 9.941 10.738 OTHERS -1
75 599.106 138.455 11.297 12.074 OTHERS -1
76 564.870 207.552 13.963 16.557 OTHERS -1
77 602.498 162.449 10.034 11.406 OTHERS -1
78 571.041 184.064 11.279 12.866 OTHERS -1
79 530.298 146.565 11.801 13.720 OTHERS -1
80 241.637 52.966 20.798 22.808 OTHERS -1
81 734.810 234.105 11.753 12.471 OTHERS -1
