12 358.249 126.736 43.294 50.273 XJP 0
0 688.723 109.628 37.914 40.035 OTHERS -1
1 850.662 96.038 31.491 41.541 OTHERS -1
2 588.729 118.453 29.847 32.853 OTHERS -1
3 93.360 122.344 41.788 45.074 OTHERS 0
4 544.125 133.883 28.665 32.208 OTHERS -1
5 448.374 137.675 26.616 31.528 OTHERS -1
6 582.613 152.866 38.924 51.321 OTHERS 0
7 646.054 114.417 30.188 36.142 OTHERS -1
8 737.541 102.827 32.007 40.091 OTHERS -1
9 517.004 137.628 26.838 30.123 OTHERS 0
10 797.157 100.584 35.209 41.055 OTHERS -1
11 421.802 128.148 25.796 30.273 OTHERS -1
13 616.147 120.339 25.273 32.199 OTHERS -1
14 485.836 138.077 23.840 29.374 OTHERS -1
15 205.203 142.629 22.042 24.370 OTHERS -1
16 277.449 135.241 20.724 25.584 OTHERS -1
17 229.375 149.295 22.123 24.661 OTHERS -1
18 396.007 127.873 23.697 31.655 OTHERS -1
19 330.182 136.014 20.239 26.236 OTHERS -1
20 254.950 139.886 14.840 20.991 OTHERS -1
