0 211.081 97.373 36.498 46.087 XJP 0
1 405.728 138.494 29.197 34.197 OTHERS 0
2 103.556 121.786 32.359 40.462 OTHERS 0
3 497.837 85.506 28.333 30.813 OTHERS 0
4 355.118 102.863 26.344 36.848 OTHERS -1
5 25.464 133.037 40.781 51.320 OTHERS -1
6 171.414 126.253 26.332 31.835 OTHERS 0
7 461.254 129.345 41.827 52.864 OTHERS -1
8 314.516 119.830 39.345 43.438 OTHERS -1
9 172.717 75.521 24.617 28.169 OTHERS 0
10 390.492 83.944 22.916 28.629 OTHERS 0
11 122.675 83.857 23.165 27.324 OTHERS 0
12 250.062 131.549 23.257 28.957 OTHERS -1
13 452.071 91.757 24.069 24.922 OTHERS 0
14 521.166 128.655 36.466 60.139 OTHERS 1
15 267.242 106.241 19.579 22.095 OTHERS -1
