3 403.570 180.972 79.985 104.165 XJP 0
0 291.509 146.553 67.363 89.016 OTHERS 0
1 650.383 405.382 80.994 71.802 OTHERS -1
2 77.259 273.548 58.650 92.227 OTHERS -1
4 61.151 203.456 63.597 70.340 OTHERS -1
5 168.305 180.879 64.014 86.841 OTHERS -1
6 638.702 196.768 67.459 103.692 OTHERS -1
7 246.373 201.701 43.097 57.917 OTHERS -1
8 713.375 298.063 51.528 99.745 OTHERS -1
9 198.052 258.610 44.485 97.479 OTHERS -1
10 703.510 100.805 50.781 102.042 OTHERS -1
11 770.072 309.241 52.583 125.522 OTHERS -1
