2 265.834 106.037 25.522 31.633 PLY 0
0 81.716 123.864 26.374 34.537 OTHERS 0
1 479.679 108.878 24.736 30.255 OTHERS 0
3 168.091 125.865 24.864 30.199 OTHERS 0
4 372.638 102.969 22.944 28.883 OTHERS 0
5 14.158 87.055 22.708 28.224 OTHERS 0
6 302.494 75.405 16.754 22.043 OTHERS 0
7 528.793 67.396 16.216 19.056 OTHERS -1
8 445.089 113.177 21.236 27.253 OTHERS 0
9 525.636 99.087 17.421 19.275 OTHERS -1
10 432.424 80.709 11.895 15.277 OTHERS -1
11 457.765 78.627 12.923 16.926 OTHERS -1
12 119.853 60.504 19.570 25.481 OTHERS 0
13 367.219 66.283 12.514 16.555 OTHERS -1
14 316.676 61.481 15.660 20.008 OTHERS -1
15 146.319 63.363 11.075 14.731 OTHERS -1
16 325.889 108.351 21.430 25.340 OTHERS 0
17 182.239 81.204 20.058 25.023 OTHERS 0
18 162.564 64.294 12.076 15.812 OTHERS -1
19 249.294 67.774 15.599 17.446 OTHERS -1
20 196.600 65.788 11.102 13.681 OTHERS -1
21 -0.525 41.689 14.269 24.818 OTHERS -1
