8 281.008 200.392 15.665 19.627 PLY 0
0 333.453 196.165 16.098 19.537 OTHERS 0
1 315.977 192.865 16.289 21.505 OTHERS -1
2 222.773 166.552 13.058 16.055 OTHERS -1
3 170.176 199.181 15.446 17.998 OTHERS -1
4 229.290 192.380 17.035 22.090 OTHERS 0
5 119.372 199.507 14.987 19.340 OTHERS 0
6 139.779 192.088 13.401 16.775 OTHERS -1
7 272.165 159.219 13.517 15.317 OTHERS -1
9 69.271 198.436 13.493 17.011 OTHERS -1
10 425.054 200.252 15.056 18.245 OTHERS 0
11 381.159 195.390 15.568 20.085 OTHERS 0
12 379.969 162.672 13.161 15.060 OTHERS -1
13 556.652 187.627 16.343 20.991 OTHERS 0
14 105.521 191.298 13.478 17.511 OTHERS -1
15 180.439 156.752 13.907 17.495 OTHERS -1
16 200.679 187.941 13.760 17.531 OTHERS -1
17 304.489 164.192 13.611 18.375 OTHERS -1
18 245.696 180.699 13.901 18.496 OTHERS -1
19 405.575 192.181 14.022 17.876 OTHERS -1
20 341.162 157.645 14.634 16.821 OTHERS -1
21 505.820 161.668 13.632 17.738 OTHERS -1
22 460.714 166.849 14.439 17.510 OTHERS -1
23 440.942 184.658 14.191 18.981 OTHERS -1
24 89.002 161.794 13.764 17.266 OTHERS -1
25 551.327 165.961 13.086 14.944 OTHERS -1
26 479.659 186.147 18.089 24.383 OTHERS 0
27 517.960 205.142 13.564 17.943 OTHERS -1
28 366.110 195.726 12.882 16.479 OTHERS -1
29 129.864 173.208 12.613 16.513 OTHERS -1
30 203.529 215.620 13.260 18.229 OTHERS -1
31 514.570 189.795 14.913 18.365 OTHERS -1
32 415.406 169.552 13.346 15.283 OTHERS -1
33 460.733 204.456 14.503 19.260 OTHERS -1
