3 293.650 89.937 24.672 30.302 XJP 0
13 242.835 109.605 19.567 25.807 PLY 0
0 446.723 124.403 26.423 32.398 OTHERS 0
1 476.730 114.912 27.585 37.110 OTHERS 1
2 368.828 116.736 24.594 30.333 OTHERS 1
4 225.730 187.812 20.070 21.902 OTHERS -1
5 431.822 106.370 22.714 28.945 OTHERS -1
6 172.375 96.729 19.073 23.190 OTHERS -1
7 139.564 121.048 18.862 21.642 OTHERS -1
8 275.893 162.903 21.627 27.027 OTHERS -1
9 133.034 100.601 19.862 23.854 OTHERS -1
10 357.348 101.426 20.584 30.104 OTHERS -1
11 322.176 155.716 21.351 26.105 OTHERS -1
12 183.128 116.630 18.806 23.840 OTHERS -1
14 5.846 112.220 9.336 11.348 OTHERS -1
15 59.315 111.578 9.704 12.394 OTHERS -1
