0 529.600 39.331 54.327 65.610 XJP 0
5 115.055 81.895 42.109 53.144 PLY 0
1 759.995 33.191 50.842 66.461 OTHERS 0
2 188.189 43.609 34.354 44.051 OTHERS 0
3 589.631 47.980 37.444 40.743 OTHERS 0
4 638.667 58.287 31.804 39.875 OTHERS 0
6 41.745 80.999 30.573 36.446 OTHERS -1
7 408.725 69.857 26.847 34.923 OTHERS -1
8 294.905 77.459 44.343 47.553 OTHERS 0
9 -0.121 76.340 28.046 46.335 OTHERS 0
10 457.194 87.615 33.382 43.565 OTHERS -1
11 736.070 38.876 34.204 47.808 OTHERS -1
12 475.179 68.023 27.326 35.949 OTHERS -1
13 280.464 63.464 29.653 44.655 OTHERS -1
14 92.805 94.238 26.463 34.825 OTHERS -1
