3 253.565 238.838 16.000 21.559 PLY -1
7 218.066 222.983 22.183 24.614 XJP 0
0 826.248 207.619 34.068 43.523 OTHERS 1
1 764.104 224.958 27.164 38.561 OTHERS 1
2 715.352 251.164 22.239 31.190 OTHERS 1
4 793.298 196.478 22.434 30.956 OTHERS -1
5 712.100 224.258 17.186 22.334 OTHERS -1
6 762.892 190.620 16.242 24.090 OTHERS -1
8 617.533 256.654 17.332 23.325 OTHERS -1
9 4.444 268.501 10.144 12.730 OTHERS -1
10 141.457 199.297 21.080 25.766 OTHERS 1
11 598.087 263.539 13.962 20.223 OTHERS -1
12 646.777 255.032 17.575 25.151 OTHERS -1
13 18.349 274.326 9.528 11.232 OTHERS -1
14 96.284 211.096 17.261 25.215 OTHERS 1
15 664.230 230.081 16.075 20.889 OTHERS -1
16 680.691 228.436 15.102 22.034 OTHERS -1
17 733.817 209.345 19.415 27.576 OTHERS -1
18 683.047 252.685 19.069 27.231 OTHERS -1
