19 351.527 282.225 9.982 12.964 PLY -1
0 452.283 241.908 10.372 13.510 OTHERS -1
1 63.727 279.916 10.237 13.684 OTHERS -1
2 434.959 259.643 10.189 13.283 OTHERS -1
3 96.359 255.760 9.981 12.923 OTHERS -1
4 406.543 259.046 10.364 12.806 OTHERS -1
5 78.812 244.763 9.886 12.034 OTHERS -1
6 308.258 245.590 11.465 14.098 OTHERS -1
7 147.809 277.282 10.124 13.152 OTHERS -1
8 117.028 250.375 8.680 10.816 OTHERS -1
9 360.152 253.514 9.177 11.772 OTHERS -1
10 503.419 281.211 10.108 13.488 OTHERS -1
11 401.151 284.095 10.074 12.738 OTHERS -1
12 24.346 279.330 10.485 13.396 OTHERS -1
13 129.942 260.334 9.977 12.185 OTHERS -1
14 526.517 247.173 8.854 11.454 OTHERS -1
15 386.680 246.122 9.265 11.715 OTHERS -1
16 343.642 257.734 9.155 11.542 OTHERS -1
17 206.698 256.045 10.252 12.792 OTHERS -1
18 565.170 254.303 9.550 11.786 OTHERS -1
20 476.073 278.134 10.017 13.330 OTHERS -1
21 52.746 256.586 9.646 12.210 OTHERS -1
22 193.335 245.016 9.710 12.164 OTHERS -1
23 155.213 244.904 9.792 11.804 OTHERS -1
24 286.181 258.923 9.009 11.708 OTHERS -1
25 264.518 246.804 8.519 10.924 OTHERS -1
26 115.418 287.049 9.976 12.829 OTHERS -1
27 239.791 271.539 9.463 12.239 OTHERS -1
28 574.228 272.365 10.799 13.432 OTHERS -1
29 478.981 253.726 8.253 10.569 OTHERS -1
30 488.561 258.815 9.487 12.557 OTHERS -1
31 511.790 262.207 9.013 11.175 OTHERS -1
32 416.447 246.407 9.143 11.039 OTHERS -1
