1 563.698 41.893 58.161 68.439 XJP 0
2 122.508 85.823 45.114 58.229 PLY 0
0 809.063 35.382 54.303 71.483 OTHERS 0
3 678.303 61.872 35.046 42.639 OTHERS 0
4 199.823 46.232 36.672 47.556 OTHERS 0
5 44.528 87.916 33.352 37.266 OTHERS 0
6 433.574 74.718 29.967 36.709 OTHERS -1
7 314.070 84.909 47.633 50.307 OTHERS 0
8 486.440 94.133 36.423 46.014 OTHERS -1
9 -0.295 80.352 29.839 50.168 OTHERS -1
10 504.734 70.748 31.219 40.177 OTHERS -1
11 297.873 68.957 30.430 45.369 OTHERS -1
12 786.752 37.171 40.551 61.785 OTHERS -1
13 628.224 52.069 38.232 43.230 OTHERS 0
14 96.956 97.105 30.279 39.712 OTHERS -1
