0 591.624 143.271 23.137 27.921 OTHERS -1
1 240.335 128.022 13.657 17.125 OTHERS -1
2 424.743 131.051 17.368 20.828 OTHERS -1
3 186.166 230.499 16.989 25.072 OTHERS -1
4 83.204 134.914 17.036 21.021 OTHERS -1
5 325.757 130.348 14.376 17.498 OTHERS -1
6 218.094 151.809 14.987 18.710 OTHERS -1
7 111.698 151.757 13.500 17.476 OTHERS -1
8 404.094 156.596 23.060 27.140 OTHERS -1
9 376.053 155.314 18.681 22.290 OTHERS -1
10 300.311 122.224 19.209 24.604 OTHERS -1
11 165.685 175.180 15.067 17.866 OTHERS -1
12 72.385 166.939 15.796 19.981 OTHERS -1
13 364.156 131.039 16.438 21.987 OTHERS -1
14 205.808 130.550 14.432 19.376 OTHERS -1
15 18.475 234.445 17.387 23.418 OTHERS -1
16 340.251 143.445 13.664 15.508 OTHERS -1
17 149.407 228.429 17.493 21.161 OTHERS -1
18 137.419 152.324 14.676 20.477 OTHERS -1
19 255.075 145.816 17.630 23.759 OTHERS -1
20 190.556 139.688 11.611 15.563 OTHERS -1
21 483.176 131.027 20.484 23.474 OTHERS -1
22 322.922 158.111 14.060 20.900 OTHERS -1
23 333.672 236.909 20.451 26.147 OTHERS -1
24 29.964 141.268 13.668 18.475 OTHERS -1
25 118.128 182.284 15.431 16.533 OTHERS -1
26 169.695 145.362 12.606 16.013 OTHERS -1
27 278.526 177.467 19.285 23.402 OTHERS -1
28 458.780 125.041 18.749 26.577 OTHERS -1
29 290.138 135.982 12.206 16.808 OTHERS -1
30 406.602 246.887 18.594 24.941 OTHERS -1
31 412.971 124.882 15.477 21.699 OTHERS -1
32 51.343 233.118 20.274 22.289 OTHERS -1
33 282.698 160.115 13.062 15.413 OTHERS -1
34 503.845 148.367 21.105 21.368 OTHERS -1
