7 418.586 176.533 22.010 26.858 XJP -1
34 364.869 190.709 20.572 26.668 PLY -1
0 693.179 246.654 18.769 22.898 OTHERS 0
1 593.805 210.362 18.736 21.375 OTHERS -1
2 124.858 195.510 19.256 22.868 OTHERS -1
3 193.339 198.057 19.423 22.779 OTHERS -1
4 663.647 232.558 19.460 22.924 OTHERS -1
5 113.645 222.476 19.611 24.195 OTHERS -1
6 167.770 255.204 21.532 26.272 OTHERS 0
8 386.886 230.128 19.855 23.471 OTHERS -1
9 485.228 235.517 20.308 24.695 OTHERS -1
10 234.745 205.629 18.645 21.092 OTHERS -1
11 392.456 175.288 22.174 27.436 OTHERS -1
12 619.805 234.707 19.349 24.836 OTHERS -1
13 92.534 198.355 16.941 21.203 OTHERS -1
14 620.189 190.643 19.440 25.497 OTHERS -1
15 206.042 239.095 21.271 24.977 OTHERS -1
16 367.149 257.736 19.541 23.836 OTHERS -1
17 257.993 254.846 19.840 25.601 OTHERS 0
18 529.767 230.250 18.985 24.711 OTHERS -1
19 162.691 194.384 17.465 20.701 OTHERS -1
20 518.861 320.306 20.646 27.056 OTHERS 0
21 490.732 192.108 21.498 24.814 OTHERS -1
22 609.366 341.294 20.255 25.121 OTHERS 0
23 28.534 241.249 20.197 24.812 OTHERS -1
24 649.472 166.035 20.476 26.807 OTHERS -1
25 273.407 223.589 20.337 24.487 OTHERS 0
26 450.232 158.408 19.881 25.716 OTHERS -1
27 117.271 261.856 21.475 22.096 OTHERS 0
28 35.147 321.589 19.730 23.928 OTHERS -1
29 156.094 233.798 20.960 26.287 OTHERS -1
30 525.243 151.589 19.689 26.897 OTHERS -1
31 42.843 215.755 20.543 25.691 OTHERS -1
32 310.558 262.884 19.407 21.592 OTHERS -1
33 418.441 275.125 20.772 23.288 OTHERS -1
35 477.030 319.970 19.878 26.944 OTHERS -1
36 340.861 174.137 21.494 26.267 OTHERS -1
37 71.288 250.644 20.751 27.634 OTHERS -1
38 459.636 280.016 20.742 25.521 OTHERS -1
39 544.068 203.931 20.072 25.366 OTHERS -1
40 587.242 168.688 20.260 26.099 OTHERS -1
41 426.069 235.738 20.191 22.371 OTHERS 0
42 723.219 195.290 18.026 22.715 OTHERS -1
43 69.118 229.274 19.711 24.552 OTHERS -1
44 740.257 162.023 20.392 26.949 OTHERS -1
45 375.949 319.916 20.224 25.998 OTHERS 0
46 674.225 193.505 19.455 25.538 OTHERS -1
47 654.158 250.521 21.959 25.583 OTHERS 0
48 190.217 326.231 20.760 26.070 OTHERS 0
49 330.843 228.613 20.978 25.886 OTHERS -1
50 209.602 170.246 20.927 25.346 OTHERS -1
51 465.625 186.782 21.335 25.263 OTHERS -1
52 672.781 315.074 20.993 26.275 OTHERS -1
53 753.531 226.465 21.155 27.021 OTHERS -1
54 91.080 331.565 18.718 24.207 OTHERS -1
55 221.553 252.431 20.808 25.872 OTHERS -1
56 322.873 332.080 19.283 24.628 OTHERS -1
57 83.182 170.675 21.608 25.475 OTHERS -1
58 267.265 202.413 19.560 25.388 OTHERS -1
59 597.103 256.872 18.293 25.073 OTHERS -1
60 642.988 212.813 19.392 25.102 OTHERS 0
61 274.229 171.618 22.356 24.141 OTHERS -1
62 311.504 177.391 19.186 23.640 OTHERS -1
63 143.434 338.074 19.590 22.741 OTHERS -1
64 430.685 329.818 19.569 24.574 OTHERS -1
65 575.187 188.423 18.691 23.520 OTHERS -1
66 258.429 332.111 21.182 26.283 OTHERS 0
67 570.966 226.526 19.084 24.917 OTHERS 0
68 694.315 164.607 20.711 26.731 OTHERS -1
69 509.590 277.130 21.913 23.499 OTHERS -1
70 562.838 335.321 19.744 26.091 OTHERS 0
71 715.226 249.715 20.432 25.806 OTHERS -1
72 747.160 338.900 20.568 25.563 OTHERS -1
73 59.067 206.517 16.596 24.740 OTHERS -1
74 555.794 255.142 16.324 26.647 OTHERS -1
