0 559.048 130.791 107.486 150.438 PLY 1
1 747.102 194.633 94.260 159.320 OTHERS 1
2 353.672 516.748 23.570 33.675 OTHERS -1
3 72.536 549.020 22.881 29.625 OTHERS 0
4 41.288 573.499 22.905 28.307 OTHERS -1
5 190.924 522.533 22.800 30.277 OTHERS -1
6 300.238 515.568 19.639 23.588 OTHERS -1
7 7.316 550.020 22.144 28.327 OTHERS -1
8 275.868 535.934 20.757 26.791 OTHERS -1
9 6.984 520.382 17.857 22.393 OTHERS -1
10 133.086 540.850 22.255 24.931 OTHERS -1
11 65.019 509.779 17.135 21.542 OTHERS -1
12 247.636 580.723 21.260 25.599 OTHERS -1
13 332.122 514.668 19.429 25.113 OTHERS -1
14 399.340 610.684 19.659 24.825 OTHERS -1
