0 446.398 209.412 52.037 77.036 PLY 1
1 681.100 219.877 49.368 61.228 OTHERS -1
2 213.458 263.385 33.525 44.987 OTHERS 0
3 881.563 165.390 57.397 83.353 OTHERS -1
4 1.361 261.019 38.260 42.932 OTHERS 0
5 767.094 238.368 41.276 59.142 OTHERS -1
6 567.491 229.254 39.166 46.262 OTHERS 0
7 516.815 233.834 34.808 49.038 OTHERS 0
8 786.270 225.138 44.948 68.608 OTHERS -1
9 140.244 251.945 40.552 48.624 OTHERS 0
10 499.537 257.949 25.112 33.928 OTHERS -1
11 357.394 235.735 33.921 47.030 OTHERS 1
12 907.723 322.740 69.007 115.840 OTHERS 1
13 614.705 197.508 38.604 54.983 OTHERS 1
14 112.940 267.841 12.921 17.440 OTHERS -1
15 56.666 276.160 16.113 17.252 OTHERS -1
16 179.363 259.212 11.309 14.464 OTHERS -1
17 606.941 239.599 23.859 35.171 OTHERS -1
