0 151.034 158.966 29.263 37.371 PLY 0
1 68.320 167.092 28.881 35.487 OTHERS 0
2 208.854 162.038 26.125 32.524 OTHERS 0
3 7.168 163.164 26.589 34.190 OTHERS 0
4 333.191 158.039 26.794 32.447 OTHERS 0
5 429.093 150.849 28.116 39.786 OTHERS 1
6 365.235 187.854 27.650 29.134 OTHERS -1
7 260.088 162.006 25.460 35.153 OTHERS 1
8 100.236 165.539 23.783 30.614 OTHERS 0
9 250.881 114.412 23.201 29.343 OTHERS 0
10 355.496 117.405 22.991 26.437 OTHERS 0
11 304.970 76.541 20.728 29.269 OTHERS -1
12 183.369 146.452 23.058 28.073 OTHERS -1
13 420.048 50.366 20.855 27.300 OTHERS -1
14 62.599 85.804 19.014 23.964 OTHERS -1
15 93.907 139.881 22.807 27.976 OTHERS -1
16 170.780 58.745 21.360 26.398 OTHERS -1
17 125.528 86.598 20.779 25.241 OTHERS -1
18 178.406 118.298 20.845 25.257 OTHERS -1
19 587.251 87.813 19.327 24.647 OTHERS -1
20 489.209 135.082 23.874 27.521 OTHERS -1
21 218.863 91.679 19.798 26.701 OTHERS 0
22 254.303 58.251 19.653 25.882 OTHERS -1
23 454.636 115.525 21.801 27.660 OTHERS -1
24 0.198 121.517 16.649 24.722 OTHERS -1
25 603.364 61.629 18.995 25.147 OTHERS -1
26 343.803 58.096 19.558 25.691 OTHERS -1
