4 363.092 131.437 34.956 43.902 PLY 0
0 20.884 106.590 30.061 37.199 OTHERS 0
1 653.607 135.793 35.032 42.075 OTHERS 0
2 229.606 158.945 33.805 40.910 OTHERS 0
3 507.801 126.310 31.592 40.531 OTHERS 0
5 607.246 142.370 29.265 36.336 OTHERS 0
6 249.225 99.311 26.826 31.532 OTHERS 0
7 110.496 155.426 36.302 45.651 OTHERS 0
8 164.310 71.565 25.962 31.176 OTHERS 0
9 444.794 135.837 27.359 31.885 OTHERS 0
10 589.629 96.770 16.776 21.636 OTHERS -1
11 412.467 91.068 23.006 28.482 OTHERS 0
12 221.751 73.732 16.881 23.235 OTHERS -1
13 721.116 79.275 21.797 25.646 OTHERS 0
14 499.276 77.960 18.695 23.579 OTHERS 0
15 199.546 72.969 16.185 22.336 OTHERS -1
16 718.082 122.890 22.474 25.109 OTHERS 0
17 433.464 71.867 19.967 26.042 OTHERS -1
18 623.197 93.976 17.840 23.898 OTHERS -1
19 338.368 80.778 21.457 22.110 OTHERS -1
20 621.958 75.444 15.112 18.542 OTHERS -1
21 267.435 76.098 13.307 17.208 OTHERS -1
22 0.222 43.876 19.291 34.758 OTHERS -1
