5 265.025 131.364 18.471 24.183 PLY 0
0 446.399 132.549 15.855 20.953 OTHERS 0
1 325.554 141.911 16.448 21.069 OTHERS -1
2 506.464 123.590 17.014 22.127 OTHERS -1
3 484.688 125.227 16.029 22.175 OTHERS -1
4 230.963 135.004 14.984 19.205 OTHERS -1
6 381.637 134.562 13.545 17.879 OTHERS -1
7 210.933 140.973 19.391 25.343 OTHERS 0
8 101.901 113.281 22.642 30.986 OTHERS -1
9 439.492 207.714 15.083 21.407 OTHERS -1
10 329.979 124.722 13.410 16.715 OTHERS -1
11 443.888 117.078 14.310 18.862 OTHERS -1
12 397.776 137.455 9.870 14.528 OTHERS -1
13 500.113 212.165 17.875 25.101 OTHERS -1
14 431.259 133.447 11.149 14.391 OTHERS -1
15 35.164 142.577 18.888 30.247 OTHERS -1
16 468.592 129.390 11.270 15.123 OTHERS -1
