0 417.833 316.958 23.989 31.965 PLY 0
1 352.316 317.580 24.031 31.819 OTHERS 0
2 869.424 323.106 24.164 30.350 OTHERS -1
3 492.241 311.525 25.043 33.412 OTHERS 0
4 269.370 314.852 24.265 29.709 OTHERS -1
5 800.432 321.148 24.335 28.995 OTHERS 0
6 742.583 321.250 23.875 29.580 OTHERS 0
7 685.983 321.071 23.485 31.269 OTHERS 1
8 123.215 325.066 22.754 27.661 OTHERS -1
9 65.212 331.394 22.946 29.668 OTHERS -1
10 185.406 314.713 22.355 27.631 OTHERS -1
11 615.893 312.916 21.556 29.376 OTHERS 0
12 920.395 323.398 22.558 24.797 OTHERS -1
13 558.041 346.603 19.651 27.218 OTHERS -1
