2 139.275 75.597 33.514 51.100 PLY 1
0 291.021 78.478 28.769 36.224 OTHERS 0
1 206.528 87.688 26.548 34.394 OTHERS 0
3 383.448 74.781 27.424 35.304 OTHERS -1
4 440.726 70.608 31.266 35.634 OTHERS 0
5 74.154 81.371 27.560 33.141 OTHERS 0
6 12.235 97.478 28.528 34.434 OTHERS 0
7 167.020 57.442 25.851 29.966 OTHERS 0
8 249.771 90.836 26.487 33.381 OTHERS -1
9 244.398 59.725 24.465 28.244 OTHERS 0
10 321.289 57.728 32.822 41.113 OTHERS -1
11 50.768 88.005 17.226 23.541 OTHERS -1
12 407.424 67.083 22.565 30.593 OTHERS -1
13 205.008 66.259 22.516 25.827 OTHERS -1
