15 231.909 102.182 20.898 25.136 XJP 1
0 1.310 70.766 26.479 41.222 OTHERS 1
1 102.923 113.974 13.286 17.472 OTHERS -1
2 420.265 108.577 21.998 29.153 OTHERS 1
3 341.143 122.428 17.540 19.376 OTHERS -1
4 511.656 100.983 22.569 32.950 OTHERS 1
5 471.977 104.544 18.475 22.157 OTHERS 0
6 316.423 111.882 19.268 21.867 OTHERS -1
7 118.912 108.284 15.920 21.140 OTHERS -1
8 271.890 96.414 18.215 24.756 OTHERS -1
9 64.145 104.379 14.674 18.935 OTHERS -1
10 406.994 98.852 13.486 18.205 OTHERS -1
11 35.692 107.682 16.665 21.148 OTHERS -1
12 149.764 125.444 13.463 17.511 OTHERS -1
13 186.413 101.764 20.473 26.306 OTHERS 0
14 494.124 103.424 19.836 28.976 OTHERS -1
16 129.853 142.624 17.405 26.912 OTHERS -1
17 162.101 110.776 11.922 14.386 OTHERS -1
