7 297.388 132.859 43.981 53.825 PLY 0
0 553.996 127.397 49.047 57.215 OTHERS 0
1 228.211 127.009 37.677 41.391 OTHERS 0
2 409.535 121.698 49.056 56.100 OTHERS 0
3 28.120 128.355 33.326 38.854 OTHERS -1
4 475.547 121.078 37.218 38.715 OTHERS -1
5 150.658 125.826 46.117 53.993 OTHERS 0
6 482.444 153.258 40.474 44.861 OTHERS -1
8 540.137 233.549 43.236 44.879 OTHERS 0
9 348.968 2.888 22.272 25.103 OTHERS -1
10 401.774 56.388 22.987 25.445 OTHERS -1
11 421.967 11.190 20.069 23.253 OTHERS -1
12 270.471 8.259 19.890 21.800 OTHERS -1
13 203.302 8.388 19.562 23.061 OTHERS -1
14 181.795 65.914 20.767 23.540 OTHERS -1
15 369.710 130.445 25.358 29.484 OTHERS -1
16 383.862 93.432 26.579 31.596 OTHERS -1
17 551.146 67.709 21.656 25.222 OTHERS -1
18 135.731 9.203 21.374 23.316 OTHERS -1
19 63.087 8.685 21.065 22.731 OTHERS -1
20 479.119 64.223 20.803 23.404 OTHERS -1
21 244.926 58.374 25.151 26.829 OTHERS -1
22 199.266 125.779 34.694 45.290 OTHERS -1
23 494.755 15.398 19.615 21.997 OTHERS -1
24 -1.457 91.933 34.818 57.084 OTHERS -1
