22 221.961 162.477 14.715 19.003 PLY 0
0 305.090 113.087 15.390 18.425 OTHERS 0
1 274.683 134.268 16.080 19.232 OTHERS 0
2 352.284 117.786 13.383 15.879 OTHERS -1
3 359.505 162.863 14.218 17.829 OTHERS 0
4 203.368 137.360 13.621 17.663 OTHERS -1
5 270.805 158.341 15.467 18.298 OTHERS -1
6 443.906 233.410 15.636 20.483 OTHERS 0
7 502.628 222.755 17.878 22.548 OTHERS 0
8 100.349 147.720 13.709 17.361 OTHERS -1
9 320.919 238.052 15.329 16.729 OTHERS 0
10 487.988 116.936 15.649 19.445 OTHERS -1
11 51.465 118.386 13.651 15.995 OTHERS -1
12 289.465 242.293 14.157 18.550 OTHERS -1
13 93.117 110.954 14.346 17.277 OTHERS -1
14 171.748 151.539 16.921 20.224 OTHERS 0
15 0.617 226.450 16.493 21.097 OTHERS 0
16 484.342 159.067 15.770 20.101 OTHERS 0
17 36.494 125.198 14.108 18.491 OTHERS -1
18 145.160 109.653 14.111 18.226 OTHERS -1
19 316.356 155.281 16.464 21.425 OTHERS -1
20 11.803 117.142 14.134 16.841 OTHERS -1
21 123.311 103.723 14.602 18.040 OTHERS -1
23 403.948 231.013 16.757 21.523 OTHERS 0
24 241.085 136.197 14.330 18.314 OTHERS -1
25 443.740 135.701 15.582 19.905 OTHERS -1
26 161.280 144.877 13.539 19.206 OTHERS -1
27 258.210 108.606 15.589 17.977 OTHERS -1
28 113.304 160.379 14.810 16.681 OTHERS -1
29 364.489 227.312 15.729 21.192 OTHERS 0
30 529.122 153.068 14.413 19.798 OTHERS -1
31 30.135 154.650 13.642 17.206 OTHERS -1
32 210.492 110.325 13.614 17.394 OTHERS -1
33 403.832 147.420 18.295 23.811 OTHERS 0
34 61.076 159.043 14.938 18.527 OTHERS -1
35 166.044 111.530 13.690 16.770 OTHERS -1
36 96.464 230.227 15.407 20.471 OTHERS 0
37 197.196 121.908 13.425 16.049 OTHERS -1
38 233.353 114.983 14.050 15.852 OTHERS -1
39 333.088 111.897 14.731 17.597 OTHERS -1
40 45.724 229.259 15.066 20.265 OTHERS -1
41 451.763 150.206 16.915 21.640 OTHERS -1
42 129.781 153.717 13.224 16.773 OTHERS -1
43 145.842 236.315 15.565 16.636 OTHERS 0
44 129.770 128.241 13.199 17.359 OTHERS -1
45 268.276 119.204 15.653 20.517 OTHERS -1
46 392.773 124.776 15.137 16.077 OTHERS -1
47 182.611 112.221 13.106 15.469 OTHERS -1
48 439.310 121.880 15.745 19.048 OTHERS -1
