6 239.781 186.717 60.317 88.901 PLY 1
0 748.592 76.780 53.864 69.619 OTHERS 1
1 426.051 132.272 60.728 87.614 OTHERS 1
2 339.861 108.039 59.120 84.659 OTHERS 0
3 10.046 48.510 55.889 71.841 OTHERS 1
4 610.424 108.874 47.531 77.289 OTHERS 0
5 664.214 39.894 58.772 85.544 OTHERS 0
7 800.925 7.586 55.482 75.099 OTHERS 1
8 123.740 217.135 50.038 78.954 OTHERS 1
9 112.678 127.025 60.815 77.253 OTHERS 0
10 104.529 12.975 53.037 80.478 OTHERS 0
11 462.391 20.815 46.225 65.917 OTHERS 1
12 852.824 6.579 48.001 60.764 OTHERS -1
13 260.947 35.130 54.635 80.176 OTHERS 1
14 542.892 64.078 51.703 85.824 OTHERS 1
15 384.430 4.882 53.363 83.195 OTHERS 1
16 519.307 112.828 53.159 84.545 OTHERS 1
17 179.821 105.806 53.259 76.826 OTHERS -1
18 335.201 8.391 48.726 76.312 OTHERS 1
19 150.462 5.495 47.205 74.994 OTHERS 0
20 310.013 56.357 40.415 61.547 OTHERS -1
21 590.029 79.585 57.913 81.657 OTHERS 1
