1 310.205 157.612 11.524 14.000 XJP -1
0 43.192 174.277 14.592 21.535 OTHERS -1
2 281.208 150.678 10.446 12.189 OTHERS -1
3 413.499 142.312 8.465 10.744 OTHERS -1
4 577.908 152.301 8.950 11.378 OTHERS -1
5 123.622 155.094 9.070 11.586 OTHERS -1
6 466.132 150.883 8.867 11.531 OTHERS -1
7 197.923 154.164 11.755 13.896 OTHERS -1
8 444.695 149.701 9.052 11.101 OTHERS -1
9 539.957 148.773 8.391 10.631 OTHERS -1
10 608.950 157.527 8.696 10.944 OTHERS -1
11 516.546 160.433 8.847 11.121 OTHERS -1
12 328.308 155.907 10.243 12.648 OTHERS -1
13 642.562 159.345 8.521 11.154 OTHERS -1
14 82.132 142.901 8.719 10.754 OTHERS -1
15 486.924 158.977 8.499 11.272 OTHERS -1
16 108.526 149.145 7.856 9.459 OTHERS -1
17 398.486 149.061 8.254 9.812 OTHERS -1
18 553.975 140.067 7.827 9.603 OTHERS -1
19 600.993 149.083 8.353 10.129 OTHERS -1
20 424.785 144.760 7.638 9.502 OTHERS -1
21 498.308 148.561 8.325 9.956 OTHERS -1
22 631.295 148.856 8.106 10.218 OTHERS -1
