0 656.893 202.508 64.765 89.118 PLY 0
1 311.675 182.081 49.912 62.949 OTHERS -1
2 553.034 226.929 27.212 35.911 OTHERS -1
3 480.524 217.209 27.892 31.617 OTHERS -1
4 760.266 211.381 25.511 32.019 OTHERS -1
5 155.168 218.123 46.444 51.580 OTHERS 0
6 28.434 253.610 27.227 31.079 OTHERS -1
7 574.084 341.238 29.184 43.790 OTHERS 0
8 13.379 365.837 28.723 35.093 OTHERS -1
9 813.087 228.096 26.815 33.596 OTHERS -1
10 515.512 222.473 25.294 30.189 OTHERS -1
11 67.203 231.219 26.029 32.048 OTHERS -1
12 438.565 237.907 26.380 29.509 OTHERS -1
13 289.920 231.892 22.801 27.477 OTHERS -1
14 596.179 222.620 25.045 29.885 OTHERS -1
15 865.113 212.059 25.084 30.897 OTHERS -1
16 267.785 194.698 23.553 27.329 OTHERS -1
17 781.540 338.371 31.102 45.548 OTHERS -1
18 562.291 58.701 16.531 20.088 OTHERS -1
19 785.738 114.202 16.070 21.408 OTHERS -1
20 847.807 114.891 17.071 21.694 OTHERS -1
21 761.283 160.153 21.175 23.694 OTHERS -1
22 93.397 177.018 20.525 22.839 OTHERS -1
23 248.361 221.849 21.737 26.037 OTHERS -1
24 753.449 121.292 16.715 20.766 OTHERS -1
25 808.496 114.338 18.792 23.563 OTHERS -1
26 593.664 65.877 15.117 18.648 OTHERS -1
27 715.698 66.107 15.582 20.228 OTHERS -1
28 838.107 16.127 13.689 17.187 OTHERS -1
29 774.498 2.640 12.829 16.190 OTHERS -1
30 271.212 230.017 19.519 28.717 OTHERS -1
31 394.476 235.292 24.452 26.607 OTHERS -1
32 530.411 84.632 13.948 16.688 OTHERS -1
33 627.502 57.361 16.646 20.920 OTHERS -1
