15 212.367 105.892 41.660 49.203 PLY 1
0 476.666 76.899 36.257 39.498 OTHERS 0
1 278.699 158.343 34.033 41.816 OTHERS 0
2 82.101 76.575 36.854 40.765 OTHERS 0
3 420.188 5.916 31.756 39.049 OTHERS 0
4 21.119 190.495 38.950 41.426 OTHERS 0
5 333.900 50.109 37.453 42.786 OTHERS 0
6 18.815 75.345 29.839 36.283 OTHERS 0
7 512.710 190.521 43.986 69.721 OTHERS 0
8 323.652 174.269 41.980 61.665 OTHERS 1
9 334.821 1.390 27.128 36.717 OTHERS 0
10 284.171 46.071 29.334 31.203 OTHERS 0
11 519.656 39.006 29.713 30.316 OTHERS 0
12 198.264 26.806 25.926 27.982 OTHERS 0
13 255.875 26.752 25.631 29.858 OTHERS 0
14 132.240 33.238 26.150 31.530 OTHERS 0
16 141.273 97.536 23.199 26.310 OTHERS 0
17 171.556 26.778 22.689 26.198 OTHERS 0
18 222.196 7.283 22.168 25.881 OTHERS 0
19 480.749 32.060 22.633 26.606 OTHERS -1
20 104.932 24.278 21.440 26.456 OTHERS 0
21 306.338 0.359 22.179 28.045 OTHERS -1
22 1.364 57.136 22.738 31.223 OTHERS -1
23 1.684 137.678 21.614 41.739 OTHERS -1
24 52.171 22.701 21.634 24.820 OTHERS 0
25 364.763 33.613 27.720 33.322 OTHERS -1
26 0.272 17.351 20.399 26.370 OTHERS -1
