8 290.620 75.708 29.507 53.197 PLY -1
0 444.170 110.523 14.690 18.849 OTHERS -1
1 416.294 100.943 12.657 17.227 OTHERS -1
2 470.812 113.969 18.598 19.657 OTHERS -1
3 184.327 58.370 34.890 47.765 OTHERS 1
4 387.677 109.084 12.528 14.662 OTHERS -1
5 234.908 103.736 14.015 18.242 OTHERS -1
6 432.111 101.462 13.855 17.166 OTHERS -1
7 26.201 94.020 16.222 19.868 OTHERS -1
9 210.372 84.198 18.081 22.063 OTHERS -1
10 107.727 92.764 13.462 18.341 OTHERS -1
11 268.864 106.328 10.367 12.661 OTHERS -1
12 47.575 85.824 11.028 13.713 OTHERS -1
13 362.639 104.856 11.589 14.008 OTHERS -1
14 259.399 96.966 9.376 11.810 OTHERS -1
15 140.997 88.667 8.917 10.606 OTHERS -1
