12 431.252 172.119 41.031 52.045 PLY 0
0 25.844 143.114 34.006 42.622 OTHERS 0
1 603.967 167.430 37.023 46.853 OTHERS 0
2 719.912 183.573 36.167 46.103 OTHERS 0
3 194.307 100.929 30.990 36.699 OTHERS 0
4 295.981 133.744 31.911 38.360 OTHERS 0
5 272.988 203.927 40.068 49.210 OTHERS 0
6 527.963 176.558 32.437 38.870 OTHERS 0
7 489.925 124.636 27.325 33.053 OTHERS 0
8 853.006 162.246 26.923 29.556 OTHERS 0
9 776.532 175.801 42.142 52.201 OTHERS 0
10 132.176 198.238 42.725 55.319 OTHERS 0
11 856.664 110.414 26.022 29.808 OTHERS 0
13 513.813 100.091 25.186 31.702 OTHERS 0
14 740.797 128.221 21.028 27.484 OTHERS -1
15 402.124 110.638 25.161 25.833 OTHERS 0
16 700.500 130.999 19.776 25.669 OTHERS 0
17 593.856 108.467 22.098 27.604 OTHERS 0
18 738.637 104.574 19.137 22.510 OTHERS -1
19 263.352 104.079 20.648 27.729 OTHERS -1
20 235.644 103.724 20.600 26.732 OTHERS -1
21 577.394 102.726 20.247 28.648 OTHERS -1
22 -0.289 68.328 21.555 41.057 OTHERS -1
23 317.821 106.863 15.682 20.902 OTHERS -1
24 485.734 105.541 21.103 25.185 OTHERS -1
25 150.699 122.090 15.611 16.813 OTHERS -1
