0 347.452 158.008 17.980 22.446 XJP 0
1 316.659 175.394 10.829 12.709 OTHERS -1
2 443.954 150.103 18.134 24.292 OTHERS 0
3 121.817 158.841 16.392 18.703 OTHERS -1
4 299.641 180.095 8.108 10.275 OTHERS -1
5 460.549 161.881 14.116 16.739 OTHERS -1
6 289.250 177.738 8.107 10.211 OTHERS -1
7 332.025 175.673 9.893 11.377 OTHERS -1
8 222.296 168.976 11.256 13.611 OTHERS -1
9 38.748 163.850 14.058 15.357 OTHERS -1
10 20.301 154.072 16.676 19.972 OTHERS -1
11 207.619 143.545 9.788 13.706 OTHERS -1
12 262.873 173.590 10.275 12.221 OTHERS -1
13 198.050 164.515 13.918 14.689 OTHERS -1
14 277.384 173.237 8.963 10.497 OTHERS -1
