0 797.855 281.646 48.698 61.865 OTHERS -1
1 859.889 26.258 32.666 36.291 OTHERS -1
2 650.647 220.542 31.924 41.267 OTHERS -1
3 472.284 224.199 27.977 36.186 OTHERS -1
4 757.129 213.895 32.970 43.384 OTHERS -1
5 53.361 237.545 27.874 34.112 OTHERS -1
6 692.019 181.263 29.098 34.533 OTHERS -1
7 288.952 224.151 28.977 36.232 OTHERS -1
8 218.068 233.900 27.855 35.714 OTHERS -1
9 601.503 191.318 28.094 32.965 OTHERS -1
10 564.604 221.686 27.344 33.156 OTHERS -1
11 73.367 291.346 37.309 48.861 OTHERS -1
12 509.086 180.564 26.273 34.175 OTHERS -1
13 439.579 188.171 25.529 34.466 OTHERS -1
14 874.650 196.667 27.608 38.687 OTHERS -1
15 120.342 244.594 24.946 30.062 OTHERS -1
16 370.406 226.702 27.935 31.993 OTHERS -1
17 738.117 162.551 26.632 29.878 OTHERS -1
18 560.570 184.862 26.279 32.914 OTHERS -1
19 647.202 176.455 25.241 31.744 OTHERS -1
20 353.961 184.354 24.652 29.423 OTHERS -1
21 284.606 304.085 39.040 50.390 OTHERS -1
22 114.212 166.397 16.270 21.311 OTHERS -1
23 547.423 309.873 39.177 48.896 OTHERS -1
24 413.283 176.668 23.236 27.972 OTHERS -1
25 480.701 181.107 24.148 29.742 OTHERS -1
26 658.292 129.843 19.516 23.705 OTHERS -1
27 631.022 119.987 17.335 20.867 OTHERS -1
28 177.121 208.506 24.153 25.761 OTHERS -1
29 495.757 141.849 18.169 21.362 OTHERS -1
30 581.600 130.755 15.474 18.930 OTHERS -1
31 677.470 106.289 19.254 23.963 OTHERS -1
32 286.091 129.893 14.816 19.245 OTHERS -1
33 779.414 131.470 17.278 22.021 OTHERS -1
34 605.546 130.423 17.984 21.926 OTHERS -1
35 306.509 149.734 14.883 20.351 OTHERS -1
36 0.459 223.642 22.779 26.949 OTHERS -1
37 440.983 161.851 18.894 22.632 OTHERS -1
38 66.599 169.944 14.945 18.670 OTHERS -1
39 7.728 159.376 13.638 17.531 OTHERS -1
40 137.868 207.158 18.686 24.683 OTHERS -1
41 389.083 177.512 19.166 23.720 OTHERS -1
42 424.674 148.192 19.746 23.955 OTHERS -1
43 443.836 142.936 16.131 19.951 OTHERS -1
44 122.904 139.630 15.068 18.823 OTHERS -1
45 193.475 155.497 15.208 20.098 OTHERS -1
46 44.453 187.106 16.843 23.306 OTHERS -1
47 330.200 125.701 15.494 21.124 OTHERS -1
48 806.880 124.724 22.053 26.466 OTHERS -1
49 92.084 184.721 21.422 25.968 OTHERS -1
50 599.237 151.948 24.099 32.203 OTHERS -1
51 730.215 93.980 17.859 21.983 OTHERS -1
52 147.274 176.505 15.995 24.484 OTHERS -1
53 259.347 200.150 20.669 31.567 OTHERS -1
54 538.886 174.200 21.229 30.338 OTHERS -1
55 57.933 213.034 22.698 27.247 OTHERS -1
56 117.862 208.571 17.587 23.622 OTHERS -1
57 358.805 148.533 14.949 19.135 OTHERS -1
58 423.756 124.751 16.039 20.437 OTHERS -1
59 760.461 140.263 21.330 26.481 OTHERS -1
60 211.444 157.445 17.226 22.985 OTHERS -1
61 465.807 168.845 19.119 27.946 OTHERS -1
62 793.867 103.780 21.428 26.236 OTHERS -1
63 200.728 141.963 11.127 15.132 OTHERS -1
64 548.287 126.643 15.318 19.362 OTHERS -1
65 386.792 151.408 14.470 19.611 OTHERS -1
66 31.590 167.684 11.644 15.020 OTHERS -1
67 242.305 190.108 19.766 26.892 OTHERS -1
68 480.699 124.926 15.086 21.633 OTHERS -1
69 528.208 129.033 15.710 21.964 OTHERS -1
70 267.573 171.386 16.290 22.113 OTHERS -1
71 169.131 164.524 14.652 20.953 OTHERS -1
72 744.887 132.623 15.268 23.400 OTHERS -1
73 384.709 132.255 12.779 16.062 OTHERS -1
74 106.333 151.247 12.679 18.748 OTHERS -1
