6 343.733 210.442 31.255 41.496 PLY 0
0 486.503 38.949 32.542 39.960 OTHERS 0
1 812.209 167.456 30.963 39.636 OTHERS 0
2 789.104 96.459 32.117 41.346 OTHERS 0
3 735.449 177.479 30.889 37.800 OTHERS 0
4 191.029 103.899 30.980 38.054 OTHERS 0
5 194.871 43.373 30.716 39.475 OTHERS 0
7 502.271 116.266 31.343 35.665 OTHERS 0
8 168.540 217.644 32.041 39.001 OTHERS 0
9 866.988 116.367 30.383 38.609 OTHERS 0
10 270.104 93.603 28.978 36.946 OTHERS 0
11 510.803 174.754 32.685 39.227 OTHERS 0
12 588.743 184.093 30.673 38.927 OTHERS -1
13 670.676 165.365 29.560 39.880 OTHERS 0
14 829.377 40.148 29.634 35.883 OTHERS 0
15 416.024 166.647 32.366 40.353 OTHERS 0
16 654.639 72.832 29.984 37.859 OTHERS 0
17 365.687 81.756 27.794 38.082 OTHERS 1
18 750.028 40.322 27.677 35.272 OTHERS -1
19 609.776 142.856 29.182 35.955 OTHERS 0
20 699.247 108.052 27.985 38.198 OTHERS 1
21 594.995 62.281 30.057 38.648 OTHERS 0
22 660.524 111.824 28.946 35.090 OTHERS -1
23 315.446 102.841 29.520 39.728 OTHERS -1
24 331.232 65.494 28.856 34.108 OTHERS -1
25 593.341 110.786 30.438 36.013 OTHERS -1
26 462.777 97.571 26.368 35.555 OTHERS 1
27 723.676 91.437 25.885 38.293 OTHERS -1
28 146.942 27.992 28.631 33.807 OTHERS -1
29 417.560 139.703 27.730 35.003 OTHERS -1
30 390.453 70.850 24.100 35.028 OTHERS -1
31 340.741 99.689 22.203 33.641 OTHERS -1
32 516.669 94.955 25.493 38.151 OTHERS -1
