1 293.823 250.255 22.631 27.937 PLY 0
0 693.967 267.436 18.056 21.919 OTHERS -1
2 606.655 261.973 17.014 22.207 OTHERS -1
3 509.426 246.890 21.718 25.697 OTHERS 0
4 234.594 278.300 19.677 24.293 OTHERS 0
5 350.776 266.472 19.144 23.072 OTHERS 0
6 595.589 273.576 13.979 17.712 OTHERS -1
7 122.916 288.730 13.491 15.861 OTHERS -1
8 414.998 230.636 20.353 25.550 OTHERS -1
9 492.614 270.159 16.772 22.161 OTHERS -1
10 -1.289 182.271 20.997 46.804 OTHERS -1
11 566.175 293.229 10.653 15.477 OTHERS -1
12 178.746 300.085 12.201 15.716 OTHERS -1
