7 235.072 143.032 15.124 19.664 PLY -1
0 290.155 142.093 15.753 18.199 OTHERS -1
1 386.255 137.305 16.998 21.393 OTHERS 0
2 170.661 205.548 15.912 19.041 OTHERS -1
3 173.847 142.363 15.799 19.398 OTHERS 0
4 404.328 201.441 19.232 20.544 OTHERS 0
5 473.333 132.239 18.069 20.450 OTHERS 0
6 212.826 202.927 16.010 18.714 OTHERS -1
8 18.640 134.706 17.948 20.233 OTHERS -1
9 53.891 139.510 16.141 17.717 OTHERS -1
10 430.502 137.153 17.042 18.929 OTHERS -1
11 458.430 199.587 18.706 20.505 OTHERS 0
12 28.461 191.770 18.164 20.634 OTHERS 0
13 131.220 200.113 16.612 18.037 OTHERS -1
14 345.031 198.351 17.917 19.401 OTHERS 0
15 133.301 143.999 14.343 17.555 OTHERS -1
16 296.036 197.778 16.916 17.640 OTHERS -1
17 256.270 203.771 16.460 17.952 OTHERS 0
18 344.430 130.878 15.901 20.528 OTHERS -1
19 88.716 146.850 14.987 18.933 OTHERS -1
20 74.938 203.080 17.766 19.247 OTHERS 0
