1 294.701 117.816 28.079 34.587 PLY 0
0 88.929 136.187 30.586 38.848 OTHERS 0
2 531.563 120.961 28.362 33.888 OTHERS 0
3 186.380 139.499 27.227 33.003 OTHERS 0
4 412.144 112.815 26.567 33.326 OTHERS 0
5 492.801 125.145 24.606 31.202 OTHERS 0
6 16.166 97.359 25.329 30.236 OTHERS 0
7 585.968 74.282 18.418 22.119 OTHERS 0
8 406.444 73.791 14.524 18.893 OTHERS -1
9 479.006 89.278 13.204 16.955 OTHERS -1
10 179.905 71.162 13.564 18.161 OTHERS -1
11 507.289 87.643 13.978 18.627 OTHERS -1
12 202.368 90.350 21.870 26.644 OTHERS 0
13 362.024 120.459 23.025 27.886 OTHERS 0
14 351.667 68.036 17.162 22.562 OTHERS -1
15 162.087 70.526 12.466 17.275 OTHERS -1
16 133.092 68.289 21.008 26.456 OTHERS 0
17 276.076 74.627 18.224 19.573 OTHERS -1
18 335.347 84.168 19.436 25.017 OTHERS 0
19 582.445 108.887 20.601 22.724 OTHERS 0
20 217.004 73.032 11.294 14.073 OTHERS -1
21 -1.584 46.259 16.855 28.645 OTHERS -1
