7 174.360 72.660 16.901 22.257 PLY 0
0 29.682 176.709 17.129 20.035 OTHERS 0
1 356.851 53.612 14.923 18.633 OTHERS 0
2 229.520 95.717 17.425 22.542 OTHERS 0
3 310.437 60.604 15.963 19.981 OTHERS -1
4 281.856 37.184 15.297 18.206 OTHERS -1
5 56.407 54.862 14.230 18.106 OTHERS -1
6 146.245 59.498 14.918 19.332 OTHERS 0
8 296.817 166.817 17.776 23.349 OTHERS 0
9 341.657 46.544 14.842 18.690 OTHERS -1
10 326.429 56.560 14.381 18.991 OTHERS 0
11 197.775 169.486 18.427 23.501 OTHERS 0
12 175.922 45.801 14.796 18.827 OTHERS -1
13 244.232 157.676 19.781 24.607 OTHERS 0
14 24.592 62.298 15.284 19.194 OTHERS 0
15 93.138 63.389 14.954 20.174 OTHERS 0
16 337.570 166.213 18.720 23.722 OTHERS 0
17 75.646 77.820 16.738 21.932 OTHERS 0
18 233.115 48.816 15.262 17.934 OTHERS 0
19 376.162 168.929 19.920 24.120 OTHERS 0
20 155.169 163.510 17.892 23.299 OTHERS 0
21 124.841 110.695 14.930 16.982 OTHERS -1
22 112.948 52.791 14.174 17.450 OTHERS 0
23 260.864 55.005 14.602 19.783 OTHERS 0
24 111.695 164.060 19.301 24.816 OTHERS 0
25 209.876 54.971 15.400 20.109 OTHERS 0
26 372.250 77.712 16.638 21.948 OTHERS 0
27 297.692 47.951 14.496 18.642 OTHERS 0
28 70.629 169.376 19.616 24.513 OTHERS 0
29 23.035 91.782 17.772 22.084 OTHERS 0
30 2.616 45.761 12.759 15.852 OTHERS -1
31 390.632 59.741 12.438 18.952 OTHERS -1
