23 547.122 37.524 35.654 58.892 PLY 1
0 542.675 174.698 56.121 64.751 OTHERS 0
1 371.491 233.446 52.420 58.841 OTHERS 0
2 147.184 251.983 48.639 57.095 OTHERS 0
3 309.409 186.711 48.488 54.114 OTHERS 0
4 21.684 194.946 52.298 60.707 OTHERS 0
5 22.630 69.912 52.223 61.539 OTHERS 0
6 813.936 182.776 50.978 55.499 OTHERS 0
7 892.019 105.448 33.108 45.229 OTHERS 0
8 658.046 148.410 39.855 45.228 OTHERS 0
9 854.509 46.839 38.377 45.498 OTHERS 0
10 626.938 61.628 32.455 48.857 OTHERS -1
11 208.249 177.865 44.708 54.885 OTHERS 0
12 190.580 33.811 42.893 57.445 OTHERS 0
13 683.666 102.478 39.008 46.534 OTHERS 0
14 100.693 76.183 37.473 42.907 OTHERS 0
15 865.456 153.912 36.085 46.054 OTHERS -1
16 466.625 47.101 38.080 49.459 OTHERS 1
17 773.864 97.939 40.769 48.173 OTHERS 0
18 302.085 104.322 44.766 48.165 OTHERS 0
19 730.796 154.718 42.568 50.819 OTHERS 0
20 191.422 150.452 45.877 38.535 OTHERS -1
21 322.281 55.457 41.987 51.121 OTHERS 0
22 435.350 36.820 26.307 41.823 OTHERS -1
