10 279.372 176.830 18.436 24.075 PLY 1
0 524.650 323.401 32.703 41.251 OTHERS 0
1 310.318 148.457 17.088 18.818 OTHERS 1
2 87.899 55.826 18.409 23.050 OTHERS -1
3 59.116 88.179 16.923 21.187 OTHERS 1
4 232.082 133.164 17.092 20.982 OTHERS 1
5 404.608 177.961 20.265 23.973 OTHERS 0
6 23.953 79.928 18.762 19.270 OTHERS 1
7 119.405 114.178 21.490 24.238 OTHERS -1
8 203.682 126.388 14.995 17.584 OTHERS -1
9 178.128 172.857 17.636 20.876 OTHERS 1
11 343.282 166.328 13.915 21.298 OTHERS -1
12 100.777 105.411 18.902 25.197 OTHERS 1
