1 311.769 168.338 15.447 20.979 PLY 0
0 448.490 148.834 18.066 21.153 OTHERS 0
2 493.947 157.710 18.652 21.958 OTHERS 0
3 134.054 173.206 16.509 19.979 OTHERS 0
4 267.678 169.809 14.097 18.082 OTHERS 0
5 352.823 165.520 18.037 22.835 OTHERS 0
6 174.665 140.635 14.941 19.019 OTHERS 0
7 477.806 140.782 14.970 18.154 OTHERS -1
8 539.649 159.057 19.250 21.522 OTHERS 0
9 402.970 158.240 17.026 21.653 OTHERS 0
10 374.373 139.001 13.812 18.194 OTHERS -1
11 252.671 144.053 12.054 15.198 OTHERS -1
12 42.220 177.213 20.231 20.815 OTHERS 0
13 125.505 136.055 15.691 18.620 OTHERS 0
14 87.958 173.075 17.435 20.579 OTHERS -1
15 404.457 129.734 15.474 18.471 OTHERS 0
16 340.998 136.729 12.936 16.959 OTHERS -1
17 205.098 143.511 13.371 16.881 OTHERS -1
18 216.541 161.755 16.634 20.659 OTHERS 0
19 171.893 169.976 16.961 21.176 OTHERS 0
20 283.455 151.221 13.279 15.413 OTHERS -1
21 306.253 148.235 12.249 15.110 OTHERS -1
