7 543.423 162.036 43.162 56.598 PLY 0
0 419.008 326.897 36.567 41.550 OTHERS 0
1 288.930 318.367 36.411 46.742 OTHERS -1
2 655.892 327.876 39.096 47.628 OTHERS 0
3 247.546 308.872 38.357 48.921 OTHERS 0
4 486.178 338.347 40.620 41.111 OTHERS 0
5 173.641 333.348 37.514 48.646 OTHERS 0
6 588.587 316.870 36.083 48.441 OTHERS 0
8 210.096 335.541 35.025 46.339 OTHERS -1
9 332.872 307.326 39.084 49.546 OTHERS 0
10 626.195 292.636 37.913 47.785 OTHERS 0
11 373.380 326.686 38.764 46.774 OTHERS 0
12 68.674 310.954 43.269 53.170 OTHERS 0
13 456.492 306.310 36.815 50.163 OTHERS 0
14 391.720 130.822 40.562 56.011 OTHERS 0
15 547.737 341.801 39.837 49.391 OTHERS 0
16 117.822 326.614 39.786 49.305 OTHERS 0
