1 240.544 173.543 39.645 46.120 PLY 0
0 505.518 120.490 36.513 45.125 OTHERS 0
2 327.007 140.322 31.085 37.706 OTHERS 0
3 92.718 109.036 31.841 41.246 OTHERS 0
4 384.056 140.742 30.193 36.845 OTHERS 0
5 101.944 193.530 34.263 38.279 OTHERS 0
6 163.409 204.657 28.863 34.100 OTHERS 0
7 199.622 160.443 27.189 32.153 OTHERS 0
8 411.545 154.862 25.846 37.064 OTHERS -1
9 149.167 171.990 23.964 28.253 OTHERS 0
10 363.096 132.286 19.079 22.197 OTHERS 0
11 132.766 130.158 22.308 27.966 OTHERS 1
12 184.848 141.953 19.362 25.790 OTHERS -1
13 270.096 129.609 20.716 28.661 OTHERS -1
14 245.256 130.125 10.064 12.575 OTHERS -1
15 299.205 127.381 11.794 15.943 OTHERS -1
16 319.132 133.126 10.329 12.996 OTHERS -1
17 175.145 123.605 8.389 12.231 OTHERS -1
18 526.633 239.189 33.044 67.871 OTHERS 1
