0 208.912 77.190 25.521 31.298 XJP 0
10 364.911 90.966 22.542 28.025 PLY 0
1 124.347 83.114 23.337 29.913 OTHERS 0
2 72.978 77.508 23.294 27.939 OTHERS 0
3 333.178 85.837 18.402 21.706 OTHERS 0
4 285.100 69.574 15.190 18.724 OTHERS 0
5 441.459 60.638 18.996 23.503 OTHERS 0
6 189.192 65.610 18.886 23.944 OTHERS 0
7 353.201 49.815 14.825 18.233 OTHERS -1
8 327.198 67.518 14.091 16.490 OTHERS -1
9 416.265 84.153 19.597 24.463 OTHERS 0
11 87.552 64.425 20.292 24.706 OTHERS -1
12 300.106 63.575 15.657 20.938 OTHERS 0
13 400.200 58.028 17.561 22.290 OTHERS -1
14 155.288 54.126 18.042 22.999 OTHERS 0
15 388.885 81.444 13.873 18.771 OTHERS -1
16 383.831 48.900 10.852 13.324 OTHERS -1
17 333.094 42.224 9.736 12.941 OTHERS -1
18 463.688 61.726 12.527 18.223 OTHERS -1
19 424.074 54.313 8.446 11.866 OTHERS -1
