0 456.639 120.252 59.701 79.761 PLY 1
1 680.997 135.779 47.739 60.962 OTHERS 0
2 107.074 120.754 36.342 38.199 OTHERS 0
3 337.725 88.178 58.323 92.659 OTHERS 1
4 522.525 140.635 46.421 53.377 OTHERS 0
5 64.573 90.126 36.440 43.904 OTHERS 0
6 831.965 114.469 49.442 57.421 OTHERS 0
7 754.484 159.918 39.622 44.775 OTHERS 0
8 610.662 174.499 29.725 37.407 OTHERS 0
9 564.464 160.200 35.235 42.078 OTHERS 0
10 198.209 74.323 35.075 45.559 OTHERS 0
11 647.112 149.053 34.601 43.716 OTHERS 0
12 2.056 49.516 44.204 58.153 OTHERS 0
13 260.988 104.102 24.678 35.568 OTHERS -1
