1 582.242 42.542 60.223 71.624 XJP 0
2 125.962 89.009 46.827 59.666 PLY 0
0 833.188 35.551 55.266 74.726 OTHERS 0
3 699.902 62.596 36.179 45.809 OTHERS 0
4 323.880 87.413 48.747 53.129 OTHERS 0
5 447.230 76.392 30.952 39.461 OTHERS -1
6 46.605 90.091 33.040 38.806 OTHERS 0
7 205.267 47.732 39.038 48.816 OTHERS 0
8 648.241 51.401 40.526 45.693 OTHERS 0
9 307.862 69.964 31.391 47.869 OTHERS -1
10 -0.420 82.068 30.797 53.182 OTHERS 0
11 501.641 96.075 38.292 48.485 OTHERS 0
12 520.612 73.859 31.565 41.459 OTHERS -1
13 807.826 40.186 39.170 59.178 OTHERS -1
14 99.849 101.204 32.541 41.170 OTHERS -1
