1 231.829 107.936 38.663 50.503 PLY 0
0 435.231 198.951 37.566 43.026 OTHERS 0
2 175.832 104.522 31.968 36.758 OTHERS 0
3 382.085 98.901 29.438 31.948 OTHERS -1
4 109.633 101.039 41.060 50.399 OTHERS 0
5 386.805 131.473 34.360 36.213 OTHERS 0
6 325.204 97.834 41.706 52.083 OTHERS 0
7 8.306 104.388 29.052 34.022 OTHERS 0
8 449.035 104.517 40.539 52.538 OTHERS 0
9 136.666 47.401 18.184 21.043 OTHERS -1
10 152.098 105.061 25.917 34.753 OTHERS -1
11 385.568 47.999 17.704 18.816 OTHERS -1
12 398.131 2.437 18.382 20.349 OTHERS 0
13 154.937 0.160 18.207 17.401 OTHERS 0
14 427.180 81.964 17.764 22.257 OTHERS -1
15 445.638 50.177 19.704 21.879 OTHERS -1
16 337.224 -0.092 17.890 19.802 OTHERS -1
17 321.865 42.009 18.386 20.117 OTHERS -1
18 98.506 -0.236 18.553 17.258 OTHERS -1
19 36.352 -0.790 20.921 16.817 OTHERS -1
20 293.736 106.617 22.405 26.003 OTHERS -1
21 211.205 0.671 18.085 15.049 OTHERS -1
22 79.659 47.566 15.419 19.409 OTHERS -1
23 276.251 -2.933 21.757 16.113 OTHERS -1
24 307.104 73.540 21.538 26.058 OTHERS -1
25 252.772 41.152 19.136 22.340 OTHERS -1
26 120.400 79.612 19.089 19.870 OTHERS -1
27 190.325 42.487 20.126 23.563 OTHERS -1
28 460.277 2.019 17.933 19.819 OTHERS -1
29 11.149 48.094 22.193 23.194 OTHERS -1
30 56.391 82.856 17.637 21.471 OTHERS -1
