22 386.321 142.829 19.961 25.485 PLY 0
0 43.956 156.464 26.233 28.379 OTHERS 0
1 117.124 142.833 24.393 27.191 OTHERS 0
2 455.839 148.168 19.214 21.232 OTHERS 0
3 531.154 134.689 22.237 27.318 OTHERS 0
4 492.380 214.057 22.586 26.664 OTHERS 0
5 554.391 203.659 23.182 26.385 OTHERS 0
6 441.676 166.225 18.518 23.776 OTHERS 0
7 757.171 210.658 23.836 27.571 OTHERS 0
8 622.311 196.824 22.436 27.880 OTHERS 0
9 679.216 205.137 23.012 27.077 OTHERS 0
10 279.383 150.335 20.770 24.942 OTHERS 0
11 688.157 149.399 21.884 25.716 OTHERS 0
12 628.653 146.584 20.773 24.365 OTHERS 0
13 228.162 145.965 21.739 25.492 OTHERS 0
14 579.868 144.327 20.849 25.033 OTHERS 0
15 330.620 155.006 18.677 22.795 OTHERS 0
16 488.562 149.047 20.725 25.968 OTHERS 0
17 272.872 203.966 21.669 26.335 OTHERS 0
18 169.254 151.588 20.660 25.361 OTHERS 0
19 330.300 225.499 20.457 27.885 OTHERS 0
20 402.501 220.093 20.679 26.260 OTHERS 0
21 211.217 211.252 20.238 27.914 OTHERS 0
