0 209.598 86.635 58.100 66.808 XJP 0
1 455.379 112.864 50.333 61.337 PLY 0
2 588.091 77.485 30.462 40.206 OTHERS 0
3 364.062 75.112 37.545 47.106 OTHERS 0
4 496.472 96.710 36.033 48.045 OTHERS -1
5 179.942 72.586 30.223 40.564 OTHERS 0
6 281.144 71.746 27.686 34.481 OTHERS 0
7 90.518 79.287 42.471 49.912 OTHERS 0
8 146.029 80.199 25.998 31.151 OTHERS 0
9 613.035 80.910 40.496 51.180 OTHERS 0
10 560.892 79.346 25.073 29.822 OTHERS -1
11 67.700 70.772 23.493 33.207 OTHERS -1
12 403.473 72.831 24.246 31.001 OTHERS 0
13 316.759 91.734 22.069 29.439 OTHERS 0
14 532.056 75.587 22.892 27.193 OTHERS 0
15 47.779 73.369 20.869 29.041 OTHERS 0
16 336.531 81.669 20.833 26.642 OTHERS 0
17 430.175 72.674 20.547 25.862 OTHERS 0
18 -0.585 108.508 21.080 39.360 OTHERS -1
