3 464.449 136.534 46.145 58.819 PLY 0
0 629.204 120.082 51.976 64.027 OTHERS 0
1 818.488 142.277 51.310 64.359 OTHERS 0
2 260.847 121.077 46.292 57.974 OTHERS 0
4 689.981 134.308 44.813 57.856 OTHERS 0
5 274.593 60.939 34.819 40.031 OTHERS -1
6 157.967 101.507 45.523 54.296 OTHERS 0
7 342.356 114.452 40.376 52.993 OTHERS 0
8 134.593 61.790 35.730 44.404 OTHERS -1
9 195.827 64.453 41.835 50.500 OTHERS 0
10 338.130 83.837 37.053 43.648 OTHERS -1
11 517.304 119.547 40.490 53.364 OTHERS -1
12 77.764 46.458 41.371 49.546 OTHERS 0
13 606.131 80.051 39.613 46.662 OTHERS -1
14 231.712 61.599 34.131 47.070 OTHERS -1
15 764.336 82.927 41.141 50.074 OTHERS 0
16 60.459 114.911 42.240 60.494 OTHERS -1
17 363.474 63.610 28.758 39.718 OTHERS -1
18 626.568 83.815 38.505 46.199 OTHERS -1
19 496.848 93.652 29.094 38.423 OTHERS -1
