10 471.876 136.495 33.470 45.296 PLY 1
11 321.974 121.947 38.211 48.136 XJP 1
0 268.114 123.731 33.792 38.976 OTHERS 0
1 459.448 97.821 33.470 40.715 OTHERS 0
2 434.588 52.081 34.863 38.284 OTHERS 0
3 381.529 66.104 33.024 44.235 OTHERS 0
4 405.683 82.969 35.743 47.454 OTHERS 0
5 512.935 72.427 41.275 48.420 OTHERS 0
6 337.643 71.865 33.573 40.604 OTHERS 0
7 356.715 133.410 34.958 45.312 OTHERS -1
8 217.442 95.713 35.788 49.840 OTHERS 1
9 275.334 70.825 31.388 40.204 OTHERS 0
12 252.561 67.836 25.976 35.428 OTHERS -1
13 74.889 59.421 25.436 31.124 OTHERS -1
14 160.993 148.344 40.261 53.258 OTHERS 1
15 454.491 53.554 28.338 33.794 OTHERS -1
16 24.347 200.351 22.497 44.790 OTHERS -1
17 329.624 0.023 22.905 25.993 OTHERS -1
18 314.665 37.094 21.571 25.187 OTHERS -1
19 578.983 88.401 21.608 45.369 OTHERS -1
