13 291.047 48.345 38.734 50.173 PLY 0
0 417.179 101.845 38.153 47.598 OTHERS 0
1 229.715 20.198 33.850 41.370 OTHERS 0
2 373.725 10.049 33.259 42.550 OTHERS 0
3 182.203 135.743 34.090 37.015 OTHERS 0
4 150.930 3.657 33.860 40.106 OTHERS 0
5 486.000 8.353 32.639 45.918 OTHERS 0
6 110.137 26.951 34.127 45.802 OTHERS 0
7 24.220 8.143 32.733 40.080 OTHERS 0
8 249.858 254.940 37.661 48.597 OTHERS 0
9 70.432 61.007 35.825 48.570 OTHERS 0
10 424.883 -1.129 34.128 34.946 OTHERS 0
11 449.184 239.402 43.930 55.010 OTHERS 0
12 598.538 20.106 38.149 47.564 OTHERS 0
14 567.933 -1.103 33.296 36.230 OTHERS 0
15 569.316 261.600 38.613 51.488 OTHERS 0
16 343.947 267.148 41.614 51.302 OTHERS 0
17 152.348 255.472 41.714 52.728 OTHERS 0
18 634.451 11.318 29.794 44.269 OTHERS 0
19 88.961 18.874 28.667 36.830 OTHERS -1
20 61.630 268.522 39.791 51.826 OTHERS 0
21 294.905 -0.267 31.524 30.090 OTHERS -1
22 355.994 3.898 26.608 38.021 OTHERS -1
23 233.521 -0.392 27.477 29.930 OTHERS -1
