9 398.349 300.208 46.225 50.756 PLY 0
0 201.228 319.354 40.215 39.224 OTHERS 0
1 513.542 359.578 37.875 43.030 OTHERS 0
2 840.706 331.280 33.533 38.131 OTHERS -1
3 92.138 299.760 43.511 32.444 OTHERS 1
4 484.984 282.884 38.797 46.771 OTHERS 0
5 139.439 366.177 29.097 31.468 OTHERS 0
6 455.595 372.677 33.789 35.001 OTHERS 0
7 787.987 218.222 40.453 48.314 OTHERS -1
8 260.912 360.880 26.624 35.412 OTHERS -1
10 903.482 291.581 44.450 47.316 OTHERS 0
11 244.193 255.472 21.494 27.133 OTHERS 0
12 303.351 252.617 20.191 25.570 OTHERS 0
13 55.002 357.418 22.665 27.600 OTHERS -1
14 29.730 348.807 25.102 24.862 OTHERS -1
15 167.699 265.891 20.236 27.902 OTHERS -1
16 852.792 385.335 42.333 29.919 OTHERS 1
