1 394.023 176.134 74.189 97.466 XJP 0
3 294.457 262.721 36.694 46.343 PLY 0
0 122.339 202.930 48.670 58.785 OTHERS 0
2 618.015 238.656 28.769 38.609 OTHERS 0
4 66.947 255.865 27.886 33.388 OTHERS -1
5 694.596 252.788 23.984 32.583 OTHERS -1
6 793.757 231.960 24.673 46.102 OTHERS -1
7 752.820 243.392 19.369 36.565 OTHERS -1
8 719.158 238.194 22.298 35.494 OTHERS -1
9 581.163 256.522 15.179 19.253 OTHERS -1
10 276.820 252.907 26.093 40.457 OTHERS -1
11 456.101 233.082 20.719 35.023 OTHERS -1
12 661.890 262.572 11.483 16.787 OTHERS -1
