0 369.046 69.648 42.932 63.731 OTHERS -1
1 70.076 87.445 28.461 34.386 OTHERS -1
2 497.402 171.350 41.033 47.290 OTHERS -1
3 518.865 131.947 31.818 35.754 OTHERS -1
4 293.329 166.546 30.094 34.065 OTHERS -1
5 357.828 281.536 63.747 92.816 OTHERS -1
6 144.852 238.648 36.439 73.763 OTHERS -1
7 5.587 205.400 44.696 58.216 OTHERS -1
8 259.519 145.736 18.130 22.207 OTHERS -1
9 313.904 121.804 19.372 24.022 OTHERS -1
10 211.474 167.399 20.307 29.999 OTHERS -1
11 146.371 142.624 19.382 23.420 OTHERS -1
