5 582.128 86.538 43.731 55.860 PLY 0
0 838.851 48.982 46.871 56.204 OTHERS 0
1 61.598 46.899 46.327 52.030 OTHERS 0
2 705.521 61.906 45.550 56.549 OTHERS 0
3 450.570 87.031 38.289 48.228 OTHERS 0
4 307.277 79.936 38.815 48.707 OTHERS -1
6 816.031 18.327 43.327 44.657 OTHERS -1
7 515.471 87.034 45.341 51.131 OTHERS 0
8 390.525 49.635 42.775 53.797 OTHERS 0
9 221.025 88.265 42.285 52.058 OTHERS 0
10 204.987 56.563 41.586 47.719 OTHERS -1
11 350.531 83.483 42.822 53.589 OTHERS 0
12 692.267 12.437 44.155 51.531 OTHERS 0
13 664.614 71.003 42.030 53.218 OTHERS -1
14 545.362 60.827 39.593 51.255 OTHERS -1
15 815.793 56.495 29.491 47.117 OTHERS -1
