0 171.957 52.506 25.511 33.903 OTHERS -1
1 99.544 25.573 11.580 15.398 OTHERS -1
2 21.510 17.433 14.556 16.110 OTHERS -1
3 86.226 27.117 10.092 12.988 OTHERS -1
4 5.045 22.516 11.554 14.584 OTHERS -1
5 148.779 49.010 12.476 15.588 OTHERS -1
6 92.087 48.714 20.699 24.151 OTHERS -1
7 143.961 77.281 22.064 26.035 OTHERS -1
8 71.280 29.993 11.591 14.821 OTHERS -1
9 171.492 31.375 10.749 13.500 OTHERS -1
10 143.526 31.889 9.789 12.949 OTHERS -1
11 199.246 43.872 20.139 23.904 OTHERS -1
12 226.103 28.722 12.221 17.044 OTHERS -1
13 38.250 25.673 11.782 14.887 OTHERS -1
