0 539.413 65.383 20.877 36.185 OTHERS -1
1 135.444 95.820 24.975 26.212 OTHERS -1
2 68.606 106.865 23.182 29.127 OTHERS -1
3 421.089 95.878 15.860 18.694 OTHERS -1
4 448.087 90.684 13.305 16.461 OTHERS -1
5 371.745 98.654 15.714 17.440 OTHERS -1
6 467.035 90.502 13.259 16.122 OTHERS -1
7 201.212 105.028 23.792 25.905 OTHERS -1
8 6.121 95.023 22.153 26.474 OTHERS -1
9 488.714 79.175 15.581 17.247 OTHERS -1
10 263.169 83.323 20.854 25.898 OTHERS -1
11 408.552 97.189 11.966 14.410 OTHERS -1
12 333.724 86.427 14.418 18.785 OTHERS -1
13 315.246 93.718 18.640 20.584 OTHERS -1
