7 389.003 305.000 42.661 50.868 MZD -1
0 568.813 339.726 28.205 36.141 OTHERS -1
1 716.277 332.821 34.394 40.000 OTHERS -1
2 241.032 322.835 36.427 45.370 OTHERS 0
3 594.361 332.313 31.163 40.400 OTHERS -1
4 296.845 338.250 33.274 38.996 OTHERS 0
5 664.471 341.882 31.948 35.667 OTHERS -1
6 17.838 334.148 34.895 42.712 OTHERS -1
8 807.817 330.111 28.933 35.596 OTHERS -1
9 53.149 322.944 28.215 40.848 OTHERS -1
10 833.914 332.742 25.249 40.553 OTHERS -1
11 480.887 328.725 27.854 40.126 OTHERS -1
12 112.152 343.260 26.739 35.537 OTHERS -1
13 762.784 342.813 26.582 31.646 OTHERS -1
