0 570.545 210.629 14.669 17.163 OTHERS -1
1 402.285 209.003 14.226 16.239 OTHERS -1
2 377.290 158.599 11.736 14.386 OTHERS -1
3 233.290 180.448 11.979 14.047 OTHERS -1
4 322.351 202.275 12.766 15.753 OTHERS -1
5 403.073 136.160 9.759 12.607 OTHERS -1
6 359.550 89.760 9.494 12.425 OTHERS -1
7 265.353 185.198 11.545 14.455 OTHERS -1
8 333.305 94.253 10.437 12.938 OTHERS -1
9 597.625 206.414 10.913 14.009 OTHERS -1
10 91.391 169.200 9.036 12.532 OTHERS -1
11 416.791 135.796 9.144 11.002 OTHERS -1
12 377.639 90.721 9.829 12.099 OTHERS -1
13 329.290 190.234 11.331 13.565 OTHERS -1
14 249.096 193.706 13.106 17.533 OTHERS -1
15 77.319 167.868 10.755 13.643 OTHERS -1
