0 26.303 57.758 30.504 36.276 OTHERS -1
1 192.804 90.869 27.281 31.408 OTHERS -1
2 150.870 101.007 26.490 35.041 OTHERS -1
3 104.447 68.103 28.970 37.676 OTHERS -1
4 93.045 90.655 24.813 35.668 OTHERS -1
5 259.415 105.914 25.305 29.027 OTHERS -1
6 227.245 94.163 23.851 30.602 OTHERS -1
7 476.183 100.471 16.568 20.764 OTHERS -1
8 352.104 106.147 20.994 25.784 OTHERS -1
9 153.166 71.531 23.320 27.914 OTHERS -1
10 494.255 98.300 15.746 20.305 OTHERS -1
11 304.989 106.996 22.673 24.019 OTHERS -1
12 267.847 75.697 22.058 27.498 OTHERS -1
13 460.667 95.783 17.149 20.341 OTHERS -1
14 334.354 81.540 20.059 25.764 OTHERS -1
15 374.065 102.969 20.378 25.691 OTHERS -1
16 434.071 98.197 20.049 24.408 OTHERS -1
17 294.970 82.689 20.660 25.915 OTHERS -1
18 407.171 104.237 19.454 22.948 OTHERS -1
