0 526.129 186.779 14.804 18.885 OTHERS -1
1 139.840 187.668 11.865 15.614 OTHERS -1
2 423.215 185.308 12.989 16.693 OTHERS -1
3 157.593 185.467 12.608 15.864 OTHERS -1
4 94.283 186.189 14.005 18.009 OTHERS -1
5 260.432 187.973 12.681 16.324 OTHERS -1
6 443.188 191.143 12.836 16.346 OTHERS -1
7 466.968 184.423 13.379 16.949 OTHERS -1
8 21.072 185.282 14.694 17.431 OTHERS -1
9 252.700 240.942 13.870 17.273 OTHERS -1
10 45.738 183.719 14.862 18.186 OTHERS -1
11 171.703 241.241 12.483 15.810 OTHERS -1
12 307.397 179.869 11.679 14.755 OTHERS -1
13 245.624 184.980 12.613 15.991 OTHERS -1
14 209.342 243.175 13.942 18.284 OTHERS -1
15 329.617 242.938 12.762 16.416 OTHERS -1
16 80.051 186.796 11.284 14.850 OTHERS -1
17 226.678 188.176 12.401 16.157 OTHERS -1
18 211.743 184.649 11.297 14.934 OTHERS -1
19 67.201 190.911 11.718 13.968 OTHERS -1
20 189.740 185.858 12.652 16.995 OTHERS -1
21 122.975 189.801 12.189 15.914 OTHERS -1
22 406.304 190.305 13.011 16.684 OTHERS -1
23 139.975 243.838 12.130 14.787 OTHERS -1
24 350.209 188.847 12.931 16.725 OTHERS -1
25 98.648 247.532 12.026 16.283 OTHERS -1
26 365.459 184.046 13.243 16.714 OTHERS -1
27 487.386 189.583 12.342 15.395 OTHERS -1
28 382.685 188.512 11.986 14.151 OTHERS -1
29 405.062 241.042 14.146 17.090 OTHERS -1
30 294.330 188.456 11.957 14.485 OTHERS -1
31 111.558 190.132 10.242 13.103 OTHERS -1
32 322.435 189.782 10.876 14.018 OTHERS -1
33 302.233 239.693 13.219 15.961 OTHERS -1
34 366.591 243.855 11.812 14.275 OTHERS -1
