0 652.289 272.164 31.778 42.354 OTHERS -1
1 343.882 353.771 28.694 39.375 OTHERS -1
2 533.740 259.639 42.355 53.105 OTHERS -1
3 781.894 283.845 24.661 52.934 OTHERS -1
4 664.057 361.603 36.867 48.670 OTHERS -1
5 252.936 319.485 25.515 45.823 OTHERS -1
6 176.284 308.308 33.050 49.083 OTHERS -1
7 280.558 291.092 38.019 52.632 OTHERS -1
8 734.027 297.929 27.202 44.586 OTHERS -1
9 463.985 278.012 28.098 38.573 OTHERS -1
10 443.877 426.756 20.152 27.661 OTHERS -1
11 837.179 271.366 28.076 54.109 OTHERS -1
12 725.716 294.984 22.870 33.386 OTHERS -1
13 51.348 219.618 32.858 64.946 OTHERS -1
