0 231.490 124.096 28.936 42.202 MZD 1
1 581.491 333.702 28.004 47.430 OTHERS -1
2 521.067 331.727 26.153 38.704 OTHERS -1
3 641.925 337.426 27.239 37.968 OTHERS -1
4 874.518 337.172 27.538 45.684 OTHERS -1
5 552.667 331.804 30.911 46.316 OTHERS -1
6 385.071 390.287 34.849 26.914 OTHERS -1
7 682.034 350.548 27.923 43.288 OTHERS 1
8 790.480 337.682 38.856 48.358 OTHERS -1
9 498.677 349.825 21.510 27.381 OTHERS -1
10 110.395 114.434 34.268 55.329 OTHERS -1
11 8.124 349.824 26.898 34.810 OTHERS -1
12 480.267 336.782 13.060 17.523 OTHERS -1
