0 47.309 370.880 13.065 17.306 OTHERS -1
1 420.397 396.143 13.125 14.918 OTHERS -1
2 121.302 339.166 12.162 15.277 OTHERS -1
3 7.924 380.102 13.382 17.282 OTHERS -1
4 364.783 370.717 10.541 14.713 OTHERS -1
5 26.373 343.148 12.912 15.791 OTHERS -1
6 34.043 357.579 12.046 15.398 OTHERS -1
7 289.608 371.758 12.481 18.319 OTHERS -1
8 66.016 337.417 12.419 15.191 OTHERS -1
9 195.268 344.383 11.380 13.588 OTHERS -1
10 230.128 383.344 11.906 14.704 OTHERS -1
11 48.466 397.092 11.409 14.765 OTHERS -1
12 38.623 290.100 10.708 13.355 OTHERS -1
13 322.991 317.328 10.319 13.074 OTHERS -1
14 220.892 284.341 9.245 11.616 OTHERS -1
15 278.120 253.817 8.343 10.246 OTHERS -1
16 248.076 304.948 10.500 13.224 OTHERS -1
17 103.858 270.433 10.284 13.158 OTHERS -1
18 52.490 280.975 9.500 11.702 OTHERS -1
19 310.138 296.424 9.223 11.799 OTHERS -1
20 288.699 238.550 8.627 10.903 OTHERS -1
21 291.391 292.850 11.451 13.567 OTHERS -1
22 326.880 290.238 9.377 11.791 OTHERS -1
23 364.663 338.629 9.219 11.472 OTHERS -1
24 151.356 283.758 9.764 12.397 OTHERS -1
25 406.365 235.110 9.516 12.156 OTHERS -1
26 135.175 330.744 9.640 11.781 OTHERS -1
27 24.094 181.921 8.528 10.420 OTHERS -1
28 206.665 368.977 10.955 13.375 OTHERS -1
29 415.588 278.786 9.461 11.812 OTHERS -1
30 175.839 300.279 10.247 12.714 OTHERS -1
31 112.477 356.867 11.012 13.425 OTHERS -1
32 259.820 291.971 9.143 12.316 OTHERS -1
33 84.004 279.832 9.308 11.958 OTHERS -1
34 203.345 333.577 9.077 11.381 OTHERS -1
35 381.617 330.595 8.606 10.002 OTHERS -1
36 5.892 408.917 11.938 16.131 OTHERS -1
37 190.825 196.761 8.076 10.133 OTHERS -1
38 79.039 265.691 8.254 10.285 OTHERS -1
39 428.028 323.146 10.116 12.681 OTHERS -1
40 343.946 314.624 9.533 11.782 OTHERS -1
41 223.993 272.943 8.173 9.553 OTHERS -1
42 19.802 169.304 8.414 10.469 OTHERS -1
43 320.260 264.060 8.289 10.080 OTHERS -1
44 111.619 190.199 8.153 10.077 OTHERS -1
45 161.120 179.146 8.482 10.953 OTHERS -1
46 189.372 273.151 8.200 9.883 OTHERS -1
