0 122.176 89.878 27.456 33.242 OTHERS -1
1 278.547 78.675 28.275 34.576 OTHERS -1
2 88.534 78.256 25.737 37.675 OTHERS -1
3 33.354 107.075 23.093 35.839 OTHERS -1
4 38.946 75.813 24.279 30.268 OTHERS -1
5 373.804 95.617 23.799 30.408 OTHERS -1
6 338.640 91.827 16.567 22.630 OTHERS -1
7 179.487 82.131 22.120 28.333 OTHERS -1
8 157.145 93.728 20.808 27.485 OTHERS -1
9 21.180 63.008 19.662 25.276 OTHERS -1
10 353.509 100.557 13.632 18.050 OTHERS -1
11 258.323 115.687 18.552 25.669 OTHERS -1
12 227.388 90.622 18.296 25.404 OTHERS -1
