0 45.429 218.397 28.025 34.637 OTHERS -1
1 180.989 119.766 26.214 35.417 OTHERS -1
2 494.739 112.252 27.150 35.244 OTHERS -1
3 395.691 221.270 26.619 36.684 OTHERS -1
4 243.122 129.622 25.516 34.167 OTHERS -1
5 396.795 82.218 24.039 32.754 OTHERS -1
6 316.821 214.667 26.770 37.413 OTHERS -1
7 231.452 225.819 25.822 33.190 OTHERS -1
8 82.917 70.322 24.084 31.506 OTHERS -1
9 114.172 113.581 25.648 33.145 OTHERS -1
10 487.308 221.418 26.431 36.936 OTHERS -1
11 52.046 116.504 24.346 32.625 OTHERS -1
12 427.602 117.398 25.925 35.941 OTHERS -1
13 132.903 68.570 22.893 30.672 OTHERS -1
14 141.652 212.187 25.001 38.448 OTHERS -1
15 305.690 125.882 26.166 35.446 OTHERS -1
16 456.134 71.035 23.598 30.905 OTHERS -1
17 198.501 71.261 23.587 30.792 OTHERS -1
18 367.999 121.603 24.117 32.480 OTHERS -1
19 260.364 76.796 25.364 35.644 OTHERS -1
20 328.121 64.775 25.564 34.193 OTHERS -1
