3 166.127 44.562 14.335 21.074 MZD -1
0 98.359 80.176 15.459 20.440 OTHERS -1
1 130.598 52.628 16.166 20.918 OTHERS 0
2 1.647 84.610 16.189 22.471 OTHERS 0
4 51.900 138.975 19.967 27.116 OTHERS 0
5 39.030 68.405 13.609 18.790 OTHERS -1
6 68.040 118.115 17.149 22.610 OTHERS 0
7 100.266 6.934 11.345 14.503 OTHERS -1
8 73.607 58.992 14.772 19.507 OTHERS -1
9 25.137 102.775 20.388 27.822 OTHERS 0
10 22.722 41.079 12.156 15.276 OTHERS 0
11 69.384 38.478 13.627 17.754 OTHERS 0
12 55.951 49.803 13.512 16.888 OTHERS -1
13 84.922 10.571 11.077 15.064 OTHERS -1
14 158.847 25.591 12.164 15.105 OTHERS -1
15 53.706 68.783 13.071 17.756 OTHERS -1
16 41.190 16.940 11.613 15.347 OTHERS -1
17 55.582 1.691 11.160 13.840 OTHERS -1
18 110.821 56.889 13.277 16.567 OTHERS -1
