0 201.032 192.482 12.177 14.778 OTHERS -1
1 225.346 176.001 11.523 14.209 OTHERS -1
2 173.243 214.786 11.991 15.098 OTHERS -1
3 331.612 215.071 12.296 15.515 OTHERS -1
4 208.256 216.592 12.942 16.749 OTHERS -1
5 301.584 195.073 11.882 15.583 OTHERS -1
6 293.085 212.771 12.828 14.168 OTHERS -1
7 141.050 216.285 11.455 14.497 OTHERS -1
8 253.512 176.128 10.971 13.913 OTHERS -1
9 284.993 176.574 11.007 13.222 OTHERS -1
10 271.110 188.299 12.137 16.111 OTHERS -1
11 253.274 218.670 11.740 13.474 OTHERS -1
12 165.826 176.785 10.917 13.383 OTHERS -1
13 347.149 176.898 11.649 14.125 OTHERS -1
14 318.087 178.636 11.708 14.057 OTHERS -1
15 239.362 192.650 12.557 16.387 OTHERS -1
16 340.748 196.065 11.614 14.060 OTHERS -1
17 141.929 176.333 10.793 12.741 OTHERS -1
18 193.298 178.033 10.382 12.486 OTHERS -1
19 145.360 204.371 10.832 12.792 OTHERS -1
20 166.461 203.230 11.669 14.467 OTHERS -1
