0 225.296 61.488 12.038 14.758 OTHERS -1
1 49.078 57.465 11.124 13.841 OTHERS -1
2 248.119 44.290 11.175 13.991 OTHERS -1
3 168.028 46.670 10.684 14.131 OTHERS -1
4 69.892 51.511 11.528 13.413 OTHERS -1
5 197.650 40.656 10.138 12.971 OTHERS -1
6 42.926 41.299 10.657 13.440 OTHERS -1
7 210.976 43.151 10.447 13.804 OTHERS -1
8 111.884 53.806 9.894 12.445 OTHERS -1
9 180.594 50.517 10.665 13.652 OTHERS -1
10 136.417 55.832 10.534 12.569 OTHERS -1
11 88.786 58.210 11.999 12.940 OTHERS -1
12 18.368 58.261 11.494 13.595 OTHERS -1
13 152.875 55.658 10.789 13.605 OTHERS -1
14 123.240 49.332 9.632 12.606 OTHERS -1
15 190.822 66.946 10.387 12.897 OTHERS -1
16 146.133 46.074 10.289 12.514 OTHERS -1
