0 69.191 99.995 17.190 21.498 OTHERS -1
1 150.158 81.648 16.718 21.253 OTHERS -1
2 372.563 123.019 19.977 24.795 OTHERS -1
3 269.967 76.946 16.930 23.106 OTHERS -1
4 272.206 107.407 19.129 24.708 OTHERS -1
5 248.664 121.289 18.979 25.112 OTHERS -1
6 43.688 111.804 18.026 22.906 OTHERS -1
7 296.939 96.131 16.758 22.275 OTHERS -1
8 345.722 107.908 18.416 24.461 OTHERS -1
9 238.977 93.306 17.478 24.119 OTHERS -1
10 184.215 96.897 17.650 22.577 OTHERS -1
11 316.495 132.459 19.045 26.116 OTHERS -1
12 160.524 111.054 17.429 24.169 OTHERS -1
13 161.216 157.684 19.924 24.898 OTHERS -1
14 8.411 123.052 20.863 26.056 OTHERS -1
15 33.499 161.645 21.174 26.030 OTHERS -1
16 359.442 152.088 20.293 26.544 OTHERS -1
17 211.905 77.666 15.955 21.909 OTHERS -1
18 294.499 156.240 20.626 26.908 OTHERS -1
19 69.228 130.443 19.535 26.046 OTHERS -1
20 123.641 97.366 17.767 23.531 OTHERS -1
21 99.162 113.059 18.238 24.157 OTHERS -1
22 222.898 158.690 19.684 24.956 OTHERS -1
23 214.624 112.297 18.872 24.288 OTHERS -1
24 191.413 126.030 18.506 24.616 OTHERS -1
25 131.185 125.323 18.669 25.136 OTHERS -1
26 94.683 162.155 19.902 25.708 OTHERS -1
