0 88.338 120.382 47.328 62.130 OTHERS -1
1 403.934 88.547 36.636 39.811 OTHERS -1
2 382.001 52.088 30.990 40.343 OTHERS -1
3 238.607 143.930 45.449 55.228 OTHERS -1
4 6.529 163.993 47.033 61.300 OTHERS -1
5 356.165 86.502 31.962 38.933 OTHERS -1
6 359.345 143.130 38.239 40.167 OTHERS -1
7 194.072 42.552 26.111 37.692 OTHERS -1
8 479.358 108.332 40.223 60.628 OTHERS -1
9 348.079 59.233 26.797 32.387 OTHERS -1
10 133.061 98.082 47.756 57.675 OTHERS -1
11 61.624 48.236 24.668 31.147 OTHERS -1
12 255.308 82.437 35.679 43.665 OTHERS -1
13 448.017 43.875 23.581 36.578 OTHERS -1
14 302.490 63.112 29.313 36.190 OTHERS -1
15 145.656 185.720 37.061 45.484 OTHERS -1
16 337.149 24.948 19.699 25.350 OTHERS -1
