0 151.560 140.833 10.422 13.705 OTHERS -1
1 119.526 143.338 10.068 12.739 OTHERS -1
2 83.874 147.786 11.165 13.546 OTHERS -1
3 227.907 149.427 8.963 11.523 OTHERS -1
4 50.964 144.230 9.910 12.405 OTHERS -1
5 239.863 122.352 8.325 10.560 OTHERS -1
6 203.956 141.762 8.494 10.631 OTHERS -1
7 373.518 140.964 8.637 10.748 OTHERS -1
8 322.143 152.994 9.033 11.559 OTHERS -1
9 288.484 127.074 8.397 10.505 OTHERS -1
10 374.404 115.589 8.516 10.675 OTHERS -1
11 238.040 143.539 8.234 10.507 OTHERS -1
12 364.112 107.999 8.518 10.655 OTHERS -1
13 265.601 146.606 8.250 10.648 OTHERS -1
14 192.342 127.474 8.457 10.531 OTHERS -1
15 18.415 148.453 10.056 12.534 OTHERS -1
16 364.887 150.742 7.982 9.993 OTHERS -1
17 280.413 134.121 8.329 10.395 OTHERS -1
18 84.384 97.966 7.893 9.868 OTHERS -1
19 164.751 131.119 8.287 10.192 OTHERS -1
20 279.161 115.828 7.397 9.180 OTHERS -1
