0 244.342 141.526 23.234 30.252 OTHERS -1
1 253.889 194.434 27.120 30.986 OTHERS -1
2 43.820 128.845 17.988 21.001 OTHERS -1
3 518.264 213.914 17.159 21.839 OTHERS -1
4 296.168 90.392 21.994 29.066 OTHERS -1
5 403.390 121.733 19.612 23.225 OTHERS -1
6 210.485 83.794 23.803 32.875 OTHERS -1
7 92.249 113.588 19.241 23.659 OTHERS -1
8 463.569 116.076 19.923 24.327 OTHERS -1
9 526.612 175.016 17.435 19.882 OTHERS -1
10 154.266 123.278 19.800 23.731 OTHERS -1
11 428.063 201.231 19.064 27.397 OTHERS -1
