0 78.282 97.961 65.909 78.877 MZD 0
1 173.773 113.632 33.022 63.063 OTHERS 1
2 147.639 110.493 26.232 37.861 OTHERS -1
3 190.670 48.236 21.734 27.633 OTHERS -1
4 161.202 13.358 16.781 22.129 OTHERS -1
5 139.783 44.692 17.573 21.348 OTHERS -1
6 119.624 46.194 16.215 20.021 OTHERS -1
7 165.634 42.584 17.540 20.373 OTHERS -1
8 48.484 76.285 12.518 16.496 OTHERS -1
9 179.719 5.324 19.144 24.633 OTHERS -1
10 46.164 29.499 12.626 16.438 OTHERS -1
11 134.446 12.389 14.811 20.062 OTHERS -1
12 86.305 16.675 14.913 18.923 OTHERS -1
13 2.922 47.375 13.121 14.907 OTHERS -1
14 48.067 54.450 12.022 15.534 OTHERS -1
15 12.259 32.614 11.926 13.990 OTHERS -1
16 4.068 80.231 13.036 16.177 OTHERS -1
17 43.000 123.184 38.820 49.672 OTHERS -1
18 73.418 65.699 11.680 15.079 OTHERS -1
