14 236.319 173.445 17.569 20.243 MZD -1
0 80.914 181.179 18.610 21.094 OTHERS -1
1 344.719 155.070 16.912 19.177 OTHERS -1
2 207.075 184.686 14.713 17.536 OTHERS -1
3 315.036 180.420 17.170 19.491 OTHERS 0
4 37.100 179.515 19.093 21.675 OTHERS -1
5 218.335 150.824 15.039 17.030 OTHERS -1
6 371.688 168.394 18.394 21.281 OTHERS -1
7 282.196 183.703 17.243 19.873 OTHERS 0
8 111.019 182.596 16.365 18.288 OTHERS -1
9 283.302 123.385 15.544 18.291 OTHERS -1
10 333.017 117.692 17.500 21.091 OTHERS -1
11 113.462 152.199 14.966 18.053 OTHERS -1
12 199.898 137.775 14.224 17.377 OTHERS -1
13 141.729 146.057 14.009 16.946 OTHERS -1
15 296.388 158.713 16.152 18.199 OTHERS -1
16 178.413 183.704 14.982 17.670 OTHERS -1
17 233.074 107.496 14.284 16.089 OTHERS -1
18 431.546 136.489 18.167 21.525 OTHERS -1
19 172.217 159.062 14.710 17.369 OTHERS -1
20 256.141 152.046 15.747 17.845 OTHERS -1
21 121.498 136.380 14.987 17.101 OTHERS -1
22 388.553 131.960 15.623 19.498 OTHERS -1
23 267.536 56.425 9.698 11.528 OTHERS -1
24 29.132 140.417 16.142 19.202 OTHERS -1
