0 371.006 177.098 49.422 63.243 MZD 0
13 324.831 183.686 37.795 48.690 DXP -1
1 272.068 202.575 47.341 58.260 OTHERS 0
2 203.834 138.077 31.056 43.106 OTHERS -1
3 468.154 222.884 58.233 67.825 OTHERS 0
4 416.022 111.350 35.444 40.924 OTHERS 0
5 25.658 75.886 46.230 62.350 OTHERS 1
6 476.846 118.369 30.653 37.769 OTHERS -1
7 294.643 134.011 31.062 41.965 OTHERS 0
8 75.428 59.787 35.603 46.720 OTHERS 0
9 70.847 112.329 36.158 47.633 OTHERS 1
10 431.414 168.204 38.949 53.306 OTHERS 0
11 11.842 193.448 46.996 61.472 OTHERS 1
12 234.679 150.705 38.625 51.688 OTHERS 0
14 399.308 135.642 28.051 37.071 OTHERS -1
15 159.773 111.649 24.886 32.597 OTHERS -1
16 236.910 101.379 13.417 16.989 OTHERS -1
17 271.093 146.053 27.280 39.621 OTHERS -1
