0 415.367 234.385 25.046 33.135 OTHERS -1
1 513.878 48.699 10.203 12.719 OTHERS -1
2 410.473 55.336 10.731 14.393 OTHERS -1
3 356.696 53.510 11.082 13.350 OTHERS -1
4 502.442 43.037 9.902 12.092 OTHERS -1
5 27.586 173.789 12.785 14.255 OTHERS -1
6 89.556 174.400 13.853 16.023 OTHERS -1
7 347.895 249.941 19.154 32.767 OTHERS -1
8 557.641 238.205 19.598 35.111 OTHERS -1
9 428.207 41.797 10.265 13.042 OTHERS -1
10 534.719 101.556 12.038 14.286 OTHERS -1
11 390.360 101.541 11.757 14.761 OTHERS -1
12 148.998 166.490 13.514 15.490 OTHERS -1
13 455.484 40.525 10.725 13.794 OTHERS -1
14 478.753 50.881 9.173 11.247 OTHERS -1
15 205.672 172.793 13.461 14.319 OTHERS -1
16 398.686 47.025 9.122 11.023 OTHERS -1
17 382.913 54.288 12.242 14.347 OTHERS -1
