0 175.629 75.748 10.948 14.583 OTHERS -1
1 96.996 56.333 10.358 13.313 OTHERS -1
2 25.574 73.853 11.319 14.950 OTHERS -1
3 203.686 83.241 10.807 13.798 OTHERS -1
4 108.790 59.728 9.901 12.772 OTHERS -1
5 225.581 82.265 10.724 13.801 OTHERS -1
6 213.420 67.441 9.424 12.526 OTHERS -1
7 377.976 205.449 22.130 35.434 OTHERS -1
8 234.701 58.187 9.537 12.841 OTHERS -1
9 128.504 61.534 10.180 13.407 OTHERS -1
10 159.605 80.087 10.103 12.769 OTHERS -1
11 386.067 80.417 9.141 11.688 OTHERS -1
12 70.908 62.597 9.327 11.873 OTHERS -1
13 284.396 66.670 9.678 12.678 OTHERS -1
14 354.886 70.283 11.189 14.607 OTHERS -1
15 386.953 63.547 8.889 11.114 OTHERS -1
16 248.012 82.999 10.925 14.028 OTHERS -1
17 85.452 60.593 8.678 11.005 OTHERS -1
18 430.396 71.631 9.148 12.273 OTHERS -1
19 186.996 52.309 8.102 10.097 OTHERS -1
20 360.278 58.421 8.359 10.513 OTHERS -1
21 250.015 60.646 9.312 12.414 OTHERS -1
22 290.479 65.345 9.905 12.724 OTHERS -1
23 69.773 49.648 9.055 11.381 OTHERS -1
24 263.394 72.991 9.803 13.562 OTHERS -1
25 301.724 91.219 9.397 12.312 OTHERS -1
26 200.417 69.743 8.694 10.809 OTHERS -1
27 262.454 55.197 8.200 10.671 OTHERS -1
28 140.728 70.292 10.791 14.644 OTHERS -1
29 477.245 164.849 25.084 48.003 OTHERS -1
