0 1001.129 380.856 33.215 36.254 OTHERS -1
1 1143.387 385.777 44.689 43.533 OTHERS -1
2 885.131 377.792 26.327 30.607 OTHERS -1
3 163.605 374.912 24.169 35.185 OTHERS -1
4 328.333 377.920 17.864 19.886 OTHERS -1
5 598.230 365.450 15.221 16.786 OTHERS -1
6 525.335 373.473 18.001 20.463 OTHERS -1
7 255.308 364.875 21.147 21.885 OTHERS -1
8 553.838 370.652 14.318 16.688 OTHERS -1
9 660.667 363.209 12.097 14.167 OTHERS -1
10 396.404 374.502 16.967 19.552 OTHERS -1
11 756.699 376.733 21.109 26.288 OTHERS -1
12 730.076 370.766 18.492 21.217 OTHERS -1
13 820.476 369.806 22.290 27.182 OTHERS -1
14 633.261 368.010 16.242 19.792 OTHERS -1
15 369.975 378.826 18.412 20.521 OTHERS -1
16 191.007 372.420 20.900 23.040 OTHERS -1
17 480.058 378.283 15.842 19.300 OTHERS -1
18 801.027 368.195 20.321 27.310 OTHERS -1
19 459.831 373.730 18.745 21.676 OTHERS -1
20 684.762 370.127 19.582 22.124 OTHERS -1
21 620.272 373.319 11.688 15.210 OTHERS -1
22 328.549 365.265 10.985 12.515 OTHERS -1
