4 158.898 17.072 23.117 31.564 MZD 0
0 9.325 26.231 24.622 32.966 OTHERS 0
1 207.637 119.432 23.947 32.780 OTHERS 0
2 92.066 45.079 21.605 29.937 OTHERS 0
3 291.910 21.260 24.128 34.263 OTHERS 0
5 55.394 9.984 22.165 30.449 OTHERS -1
6 180.384 9.082 20.862 27.695 OTHERS 0
7 270.244 105.016 21.645 33.358 OTHERS 1
8 132.154 134.443 22.730 30.535 OTHERS 0
9 222.950 39.710 19.987 28.106 OTHERS 1
10 239.572 3.374 20.641 26.427 OTHERS 0
11 4.866 143.756 26.995 29.715 OTHERS 0
12 109.926 12.866 20.356 25.638 OTHERS 0
13 135.549 -1.607 20.865 21.727 OTHERS 0
14 18.198 1.115 20.857 24.300 OTHERS 0
