0 15.071 32.008 25.930 33.737 0.9997292161
1 101.067 39.318 22.897 29.882 0.9969283938
2 208.191 49.447 15.094 18.596 0.9945245981
3 89.609 78.238 24.315 25.699 0.9939701557
4 184.234 45.562 16.639 21.450 0.9938760400
5 66.547 27.749 18.063 22.536 0.9916877151
6 268.609 48.323 15.374 21.900 0.9906366467
7 194.386 79.355 22.664 26.068 0.9835870862
8 218.040 39.218 12.187 15.962 0.9778698683
9 164.494 64.800 21.900 25.606 0.9741641283
10 163.202 43.879 17.856 21.267 0.9732019901
11 235.542 35.927 18.673 22.929 0.9649150968
12 128.998 41.560 17.157 21.351 0.9571974874
