0 359.030 84.298 63.590 72.225 0.9999983311
1 360.400 272.163 59.660 74.325 0.9999898672
2 831.059 266.756 52.246 68.272 0.9999793768
3 380.528 453.886 72.347 92.990 0.9999331236
4 795.501 460.589 43.664 54.174 0.9996656179
5 820.872 78.582 44.914 52.800 0.9994544387
6 151.480 81.604 28.723 30.552 0.9993070364
7 609.350 77.768 27.522 30.189 0.9982282519
8 148.199 272.682 24.439 29.160 0.9979451299
9 845.223 500.122 42.907 53.869 0.9979184270
10 182.383 500.232 23.147 28.408 0.9977471232
11 116.227 520.789 23.686 29.965 0.9976872206
12 211.769 282.113 22.284 25.933 0.9935984612
13 781.970 92.714 20.978 29.189 0.9888830781
14 588.074 275.875 19.695 22.754 0.9723744392
16 890.742 93.842 20.213 25.128 0.9554985166
20 84.850 287.818 22.292 24.246 0.9159643054
