0 301.579 117.016 79.452 121.654 0.9999722242
1 846.916 306.723 30.867 37.197 0.9997527003
2 710.205 304.844 37.413 45.254 0.9997017980
3 578.310 321.409 40.403 53.091 0.9986945987
4 672.046 275.164 12.482 15.456 0.9950448275
5 764.750 275.196 23.685 26.304 0.9935914874
6 623.043 307.787 22.185 29.111 0.9934955835
7 841.165 264.000 15.649 20.327 0.9886725545
8 692.967 285.315 21.668 28.045 0.9864093065
9 876.306 276.567 23.776 27.360 0.9846337438
10 642.981 290.003 16.716 23.361 0.9832172394
11 591.604 292.855 17.928 22.836 0.9816997647
12 411.042 297.826 19.631 27.150 0.9724158049
13 536.251 297.012 19.659 21.851 0.9651570916
14 625.920 280.363 12.904 16.220 0.9621688128
15 533.207 315.518 23.090 27.753 0.9566891193
16 573.386 281.133 14.257 19.312 0.9500032067
17 814.859 278.739 19.724 26.567 0.9499207735
18 746.058 278.544 11.893 15.107 0.9203013778
19 788.315 267.785 11.077 14.871 0.9121490717
