0 262.155 21.885 32.240 37.220 0.9999651909
1 144.116 73.209 29.277 35.416 0.9998756647
2 367.257 82.631 30.479 36.507 0.9998496771
3 66.360 97.065 25.794 31.255 0.9996135831
4 188.616 66.599 25.091 32.469 0.9993094206
5 35.802 52.337 26.442 33.678 0.9992848039
6 107.375 40.960 27.104 29.783 0.9983711839
7 18.782 80.743 22.630 30.627 0.9980612397
8 64.573 51.925 23.994 32.043 0.9978983402
9 374.562 37.262 24.744 36.903 0.9978435040
10 195.302 38.086 23.922 27.997 0.9968885779
11 157.545 50.898 20.882 25.027 0.9646584392
12 366.305 44.961 9.089 11.558 0.9460182786
