0 359.457 113.428 27.402 32.957 0.9998438358
1 43.752 87.453 28.779 41.175 0.9998304844
2 119.251 134.088 25.133 30.586 0.9996299744
3 305.911 142.000 24.664 30.446 0.9995238781
4 452.356 103.408 27.319 32.051 0.9993605018
5 324.865 103.523 17.160 21.658 0.9979708791
6 260.238 111.034 18.756 24.699 0.9950180054
7 140.022 117.634 16.143 19.732 0.9945782423
8 380.997 97.612 23.117 28.900 0.9933946729
9 280.103 118.835 20.741 27.969 0.9922336340
10 161.559 115.410 16.945 20.358 0.9916865230
11 164.982 132.452 22.380 26.945 0.9884237647
12 181.137 107.511 12.311 15.456 0.9841873646
13 226.862 122.657 20.268 27.852 0.9800835848
14 98.675 100.000 16.970 20.865 0.9791924953
15 198.456 116.584 14.695 18.386 0.9473635554
16 219.161 102.832 18.109 21.732 0.9427732825
17 16.102 117.332 11.784 14.236 0.9076535106
