0 200.067 54.935 14.624 19.115 0.9903652072
1 163.988 111.571 16.139 21.644 0.9868038297
2 236.071 82.100 14.410 19.035 0.9856042862
3 169.291 80.829 13.091 17.534 0.9841704369
4 307.398 10.332 13.477 17.299 0.9839224815
5 278.980 55.937 14.538 18.015 0.9839000702
6 353.920 40.052 11.000 13.764 0.9810199142
7 304.610 108.415 14.187 17.760 0.9780896902
8 392.240 35.739 13.834 17.628 0.9772160053
9 394.924 16.577 13.160 17.245 0.9721554518
10 392.014 140.019 12.595 14.838 0.9715726972
11 155.002 50.496 13.290 16.658 0.9710049629
12 358.954 111.335 13.708 17.374 0.9704975486
13 221.734 16.568 12.875 16.052 0.9575529099
14 116.237 89.681 10.702 16.872 0.9569244981
15 61.769 91.131 15.317 17.171 0.9507787824
16 106.700 40.953 12.961 17.144 0.9499785304
17 282.685 105.945 16.159 19.406 0.9382898808
18 269.393 37.768 12.550 16.005 0.9346884489
19 317.413 84.797 13.903 17.420 0.9282415509
20 347.868 145.181 15.830 22.864 0.9217527509
