0 158.412 149.902 16.515 20.716 0.9969090819
1 114.671 138.209 16.670 22.013 0.9966224432
2 173.384 145.380 14.353 19.031 0.9932237864
3 140.923 150.508 11.597 14.624 0.9899819493
4 247.553 132.529 21.797 25.542 0.9896894693
5 218.944 162.730 12.093 16.434 0.9889153838
6 70.818 146.822 18.416 23.480 0.9888201356
7 36.522 142.615 12.578 16.744 0.9873682857
8 57.343 142.608 14.775 19.175 0.9828429818
9 18.737 147.474 19.455 24.241 0.9742197990
10 386.443 160.814 8.634 10.781 0.9584102035
11 220.058 147.372 9.558 11.594 0.9541046023
12 420.214 159.199 8.754 10.793 0.9475064278
13 7.551 156.087 8.823 11.644 0.9232971668
