0 226.369 105.980 52.283 64.622 0.9999730587
1 453.838 42.434 32.109 34.555 0.9998528957
2 291.940 78.521 37.090 43.049 0.9998413324
3 104.405 96.897 34.831 46.132 0.9997513890
4 145.857 99.839 30.571 41.225 0.9997398257
5 57.475 97.952 24.997 34.256 0.9990046620
6 66.727 61.344 16.203 20.720 0.9971994162
7 225.460 22.868 15.426 19.644 0.9940217137
8 24.011 62.760 13.430 16.909 0.9939105511
9 93.609 64.616 15.679 21.358 0.9906581640
10 283.693 25.334 11.826 16.449 0.9877017140
11 38.225 59.563 14.405 17.991 0.9854214191
12 12.521 86.448 21.696 26.469 0.9852036238
13 108.415 66.174 19.699 24.501 0.9834762812
14 149.750 31.274 13.322 16.888 0.9817140102
15 239.394 52.223 14.376 19.263 0.9816157222
16 314.773 28.695 15.720 24.018 0.9797216654
17 265.632 26.735 14.524 20.182 0.9781404734
18 184.420 55.163 19.716 25.245 0.9765273333
19 366.910 44.825 12.820 17.341 0.9717682600
20 385.841 36.126 13.374 15.893 0.9706687927
21 58.691 35.533 11.237 15.186 0.9702349901
22 96.974 44.371 12.783 16.003 0.9673708081
23 301.906 23.887 13.037 18.158 0.9661865830
24 332.605 27.225 11.636 15.782 0.9582595825
25 481.054 14.836 24.948 36.030 0.9400661588
26 136.707 47.034 15.738 18.089 0.9227595925
