0 227.373 141.572 53.760 77.162 0.9999901056
1 49.692 115.724 52.580 72.257 0.9999787807
2 417.365 122.120 47.713 62.740 0.9999762774
3 256.494 14.672 33.787 45.011 0.9999452829
4 78.163 65.936 33.904 38.177 0.9997884631
5 335.441 26.631 34.695 47.565 0.9996801615
6 31.512 41.479 37.988 48.978 0.9996699095
7 426.383 38.435 40.756 50.801 0.9995326996
8 137.264 66.299 34.490 48.403 0.9993810654
9 297.255 44.799 29.651 37.131 0.9992521405
10 200.493 37.044 40.953 52.214 0.9992490411
11 103.003 128.962 40.054 56.452 0.9975782037
