0 657.114 133.926 28.811 34.345 0.9997337461
1 571.371 111.894 24.507 33.274 0.9992890358
2 430.638 131.683 24.544 29.059 0.9989744425
3 712.461 132.457 24.532 36.704 0.9982413054
4 638.712 94.836 25.946 34.609 0.9977322817
5 550.696 103.893 21.804 31.665 0.9960750937
6 387.417 122.392 21.580 26.332 0.9897407293
7 150.393 120.904 20.218 26.198 0.9872648716
8 56.958 113.498 18.492 20.876 0.9859732389
9 192.035 114.640 20.405 26.460 0.9851738811
10 77.598 127.386 18.017 21.870 0.9797092080
11 355.179 131.756 19.505 21.001 0.9746066332
12 294.291 119.515 20.667 24.404 0.9588633180
13 110.315 116.565 19.845 25.854 0.9367061257
14 265.188 130.087 19.336 22.950 0.9291567206
