0 115.705 114.095 25.407 33.242 0.9991175532
1 2.977 41.029 22.674 27.181 0.9958114624
2 190.799 41.976 18.054 23.895 0.9903813004
3 226.633 65.605 16.377 20.088 0.9875972867
4 160.349 49.188 21.525 26.546 0.9861913919
5 255.417 114.333 21.517 27.803 0.9860521555
6 90.198 31.362 18.594 23.366 0.9856766462
7 320.369 53.299 21.158 23.407 0.9856577516
8 64.511 26.977 18.366 22.125 0.9795365334
9 387.242 31.938 14.255 22.314 0.9778165221
10 308.836 25.665 15.206 18.543 0.9745435715
11 248.174 29.235 16.783 21.822 0.9538956285
12 346.083 42.598 20.047 28.422 0.9521604776
13 218.460 31.032 18.885 25.322 0.9331200123
14 115.894 34.802 20.154 24.563 0.9231883287
