0 885.035 273.125 33.139 35.829 0.9999617338
1 425.050 283.195 50.882 58.518 0.9999572039
2 712.037 264.759 38.615 43.780 0.9999340773
3 198.043 268.060 53.706 61.116 0.9999083281
4 753.069 244.273 31.508 36.502 0.9998613596
5 554.167 237.525 31.546 39.962 0.9998475313
6 852.436 237.945 26.015 32.904 0.9997996688
7 808.048 253.712 30.604 38.731 0.9997468591
8 55.252 242.436 33.817 42.842 0.9997274280
9 308.016 267.599 36.904 46.412 0.9996066689
10 634.759 231.290 29.366 38.148 0.9995649457
11 107.418 225.182 27.715 34.198 0.9995299578
12 387.795 237.773 25.485 33.062 0.9994218349
13 587.834 280.419 44.624 51.541 0.9993036985
14 211.310 232.063 33.983 34.536 0.9991223216
15 587.035 236.243 24.620 31.505 0.9989452958
16 494.627 250.323 24.632 29.241 0.9983748198
17 147.448 248.180 47.054 58.587 0.9977662563
18 467.430 223.481 21.798 27.170 0.9953617454
19 293.571 240.869 22.251 26.798 0.9881658554
20 669.671 229.626 19.564 24.832 0.9874431491
21 358.877 235.891 20.462 26.501 0.9841570258
22 507.316 219.448 20.623 28.115 0.9815422893
23 48.657 219.492 19.324 22.509 0.9814591408
24 434.429 228.123 14.364 16.025 0.9797272682
25 185.031 233.076 25.337 31.682 0.9767138958
26 595.789 220.795 19.807 24.198 0.9701728225
27 804.046 229.144 19.081 21.836 0.9238643646
28 714.131 236.394 21.153 23.532 0.9141747355
