0 149.393 29.285 26.217 31.456 0.9996198416
1 100.696 52.182 25.755 32.964 0.9991457462
2 266.892 18.973 26.393 33.498 0.9986448884
3 12.809 42.721 23.325 34.555 0.9985797405
4 211.458 39.646 24.408 28.001 0.9984354377
5 237.703 32.866 16.726 22.275 0.9917281866
6 81.117 46.036 20.485 29.022 0.9870036244
7 190.022 25.933 16.855 25.291 0.9540088177
8 107.705 32.202 21.364 25.758 0.9530675411
9 256.694 66.362 19.245 28.611 0.9517199397
10 47.142 38.209 21.565 25.218 0.9512964487
11 272.395 90.680 20.111 30.899 0.9216017723
