0 946.096 270.639 89.164 136.209 0.9999986887
1 691.161 309.444 110.445 139.109 0.9999974966
2 279.540 194.785 95.044 132.474 0.9999794960
3 209.865 290.766 43.640 58.824 0.9993823767
4 638.884 279.279 76.552 112.265 0.9991565943
5 58.848 290.032 31.858 41.304 0.9987961054
6 153.006 282.930 40.513 52.821 0.9971227050
7 827.402 274.565 69.121 114.533 0.9968203306
8 424.115 304.122 39.690 54.508 0.9892652035
9 181.613 236.476 23.633 29.671 0.9866135716
10 266.949 176.238 21.563 28.966 0.9862778783
11 -0.511 269.852 34.115 58.634 0.9842352867
12 35.788 161.927 24.027 31.817 0.9634760022
13 207.128 182.716 20.991 29.333 0.9489200711
