0 32.660 380.932 13.276 16.653 0.9872543216
1 33.693 136.586 10.030 12.397 0.9851265550
2 199.092 137.322 9.275 12.343 0.9837709665
3 230.765 141.273 8.888 11.281 0.9801679850
4 254.665 139.128 9.727 12.015 0.9770895839
5 215.217 138.164 8.878 11.295 0.9767960310
6 155.269 134.900 8.939 11.464 0.9757767320
7 169.180 139.416 9.095 11.533 0.9732370973
8 52.888 137.207 9.228 11.284 0.9698314071
9 134.466 393.628 9.180 11.635 0.9692986608
10 389.980 135.204 9.155 11.286 0.9661754966
11 241.545 135.473 9.093 11.103 0.9653214812
12 113.926 141.343 8.990 11.308 0.9643152356
13 349.552 140.400 9.465 11.896 0.9633755684
14 313.774 135.699 8.604 10.843 0.9629386067
15 129.872 139.041 8.912 11.679 0.9626260996
16 188.137 132.965 8.677 10.814 0.9617158771
17 93.949 134.551 8.834 11.104 0.9563141465
18 369.003 135.328 9.097 10.811 0.9537799358
19 338.172 136.170 8.988 10.942 0.9535319805
20 324.836 135.376 8.948 10.970 0.9521467686
21 269.141 135.644 8.470 10.582 0.9483901858
22 139.815 145.334 8.791 11.274 0.9480055571
23 304.133 142.466 8.656 11.703 0.9470493793
24 277.402 371.014 16.727 27.042 0.9467878938
25 293.120 138.431 8.414 11.439 0.9427354336
26 75.282 138.271 8.658 10.625 0.9397338033
27 104.434 138.728 8.613 11.162 0.9150946736
