0 391.806 177.946 13.530 17.390 0.9931856394
1 88.076 173.409 12.135 16.481 0.9923426509
2 260.603 174.100 13.534 17.601 0.9921938181
3 244.426 158.880 10.769 14.225 0.9920958877
4 480.517 175.282 12.044 14.909 0.9918000102
5 299.228 176.828 12.946 17.288 0.9904205799
6 324.175 158.664 10.762 14.418 0.9900873303
7 452.221 180.532 11.712 14.372 0.9896685481
8 57.797 170.196 13.748 16.419 0.9888934493
9 335.244 176.477 12.663 16.598 0.9879862666
10 363.429 176.025 11.853 15.370 0.9877271652
11 203.931 167.223 11.208 13.694 0.9876872897
12 348.650 161.693 10.886 13.669 0.9862339497
13 269.479 155.363 11.127 14.198 0.9854745865
14 155.088 179.338 10.845 14.397 0.9854135513
15 84.700 159.715 10.485 12.681 0.9838833213
16 145.068 164.570 9.813 12.215 0.9825983047
17 299.011 159.369 10.646 13.447 0.9821674824
18 422.865 175.719 12.400 15.782 0.9821127653
19 178.279 168.930 12.303 16.078 0.9818271995
20 110.545 175.373 11.964 15.660 0.9814049602
21 134.383 175.284 12.431 15.723 0.9805326462
22 22.235 174.885 11.442 17.318 0.9805234075
23 376.464 169.542 10.198 12.439 0.9797753096
24 220.504 161.501 10.041 12.750 0.9792759418
25 165.984 162.073 10.303 12.969 0.9788797498
26 191.177 157.994 10.492 13.120 0.9783670306
27 394.614 158.208 10.571 13.133 0.9754062891
28 414.301 161.272 11.784 14.876 0.9748710990
29 226.855 178.275 11.503 15.083 0.9720829129
30 463.189 161.016 10.793 13.402 0.9718511701
31 125.637 156.476 10.637 13.077 0.9697432518
32 108.508 158.271 9.754 11.503 0.9534189701
