0 129.951 258.727 26.879 37.766 0.9999418259
1 80.105 268.294 31.689 46.076 0.9997789264
2 502.894 246.439 26.547 32.117 0.9994268417
3 541.779 253.340 25.671 38.071 0.9978913665
4 4.020 280.482 45.371 58.057 0.9973260164
5 233.135 199.638 16.838 20.691 0.9953104854
6 12.090 159.945 21.298 26.049 0.9929609895
7 582.001 279.652 33.103 44.723 0.9919324517
8 235.339 238.259 21.948 27.762 0.9895778894
9 75.821 189.478 20.113 24.793 0.9806742668
10 755.169 283.269 45.135 110.075 0.9667055607
11 598.989 177.659 20.031 29.562 0.9652975202
12 425.290 235.300 19.369 26.976 0.9615864158
13 625.520 275.391 35.574 61.400 0.9196785688
14 160.195 249.322 26.709 37.652 0.9056307077
