0 35.000 40.578 46.540 62.365 0.9998540878
1 562.011 338.709 64.438 89.387 0.9998028874
2 291.864 371.090 48.884 58.327 0.9996808767
3 406.978 192.205 46.972 52.283 0.9996798038
4 606.243 154.839 29.455 40.572 0.9995841384
5 102.545 134.966 50.694 60.367 0.9995535016
6 559.019 166.770 31.811 44.564 0.9994360805
7 581.427 248.245 31.547 41.669 0.9994208813
8 43.400 180.199 50.508 75.191 0.9993699193
9 207.961 123.678 43.023 56.326 0.9993544221
10 324.234 201.664 43.300 61.407 0.9991757274
11 616.496 74.604 28.212 35.423 0.9984741807
12 475.570 315.494 43.333 50.233 0.9983925223
13 397.008 114.503 41.441 50.822 0.9982728958
14 196.158 398.632 47.276 65.463 0.9978296161
15 170.337 66.155 36.373 52.900 0.9971006513
16 246.177 44.603 42.376 50.297 0.9968789816
17 501.104 51.720 25.201 31.405 0.9951289892
18 582.845 93.126 23.582 34.264 0.9948385358
19 499.285 174.815 34.397 46.615 0.9831991792
20 505.734 118.321 39.604 48.057 0.9815658331
21 444.273 55.919 26.878 38.822 0.9752046466
22 -0.154 -2.008 28.563 49.452 0.9634496570
23 356.506 140.988 43.999 49.652 0.9383583069
24 710.613 159.273 20.372 29.114 0.9281002283
25 670.642 29.254 18.317 22.787 0.9266463518
