0 309.103 25.983 32.188 37.861 0.9999223948
1 73.594 95.133 29.017 37.564 0.9998748302
2 143.737 25.701 30.249 37.620 0.9998717308
3 20.132 29.265 28.050 34.664 0.9998174310
4 242.252 17.778 26.116 34.697 0.9997141957
5 302.490 88.423 36.783 44.540 0.9997087121
6 185.186 9.902 24.918 31.215 0.9994540811
7 33.012 81.586 40.145 54.640 0.9987937212
8 97.136 47.397 25.167 35.078 0.9985969663
9 162.774 106.067 40.193 50.801 0.9977947474
10 215.400 29.981 23.471 28.270 0.9932245612
11 55.829 48.317 22.442 23.743 0.9210926294
