0 421.770 208.805 30.112 40.519 0.9999208450
1 173.863 168.065 29.245 36.186 0.9998912811
2 99.084 164.292 30.528 38.704 0.9997294545
3 158.742 209.832 27.493 36.001 0.9996566772
4 32.104 199.858 25.508 38.405 0.9996278286
5 267.824 173.301 25.924 32.843 0.9994879961
6 137.660 173.972 25.552 29.291 0.9993859529
7 91.183 232.510 36.789 52.783 0.9965052605
8 353.263 170.905 22.891 33.558 0.9936099648
9 203.498 153.288 18.614 24.095 0.9927026033
10 320.451 143.872 14.865 19.384 0.9912681580
11 23.525 148.854 15.476 19.907 0.9897034764
12 303.664 210.826 22.919 32.833 0.9888319969
13 336.845 180.713 18.724 23.918 0.9798230529
14 140.273 136.574 15.969 22.612 0.9745707512
15 50.799 161.540 16.497 23.337 0.9093970656
