0 27.811 202.100 14.600 17.704 0.9962427616
1 568.782 203.202 13.074 15.281 0.9944596291
2 8.437 202.860 12.170 15.798 0.9936337471
3 83.083 202.749 14.119 17.287 0.9923514724
4 290.308 196.956 14.515 17.273 0.9922593236
5 436.360 199.764 12.927 15.607 0.9904434085
6 61.654 210.929 11.403 14.197 0.9892340899
7 141.527 199.403 13.820 16.982 0.9877933860
8 373.971 201.093 13.652 17.956 0.9858158827
9 206.339 203.511 13.474 17.624 0.9856529236
10 540.176 202.238 13.233 15.926 0.9856389165
11 461.206 212.499 10.359 12.874 0.9833635092
12 489.869 196.015 13.364 17.078 0.9823051691
13 516.949 206.950 8.419 10.602 0.9713175297
14 157.892 206.071 9.427 12.104 0.9664266109
15 242.145 212.007 8.554 10.409 0.9545795321
16 520.679 205.382 8.503 10.892 0.9485794902
17 502.911 205.352 7.816 10.311 0.9350166917
18 405.759 208.358 9.419 10.937 0.9298858643
19 346.715 207.556 8.404 10.256 0.9294655919
20 52.796 216.446 7.640 9.605 0.9155725837
