0 269.654 149.773 30.549 40.738 0.9997997880
1 30.762 129.055 30.482 40.465 0.9994358420
2 189.083 112.982 21.630 26.755 0.9913334250
3 215.560 55.001 15.039 17.858 0.9871024489
4 354.480 110.528 21.181 26.255 0.9858396053
5 110.215 115.151 22.047 26.747 0.9848375320
6 7.922 91.620 19.921 24.379 0.9840478897
7 272.592 119.116 21.440 26.657 0.9803742766
8 323.932 53.847 14.958 18.553 0.9776253104
9 198.787 88.417 20.450 23.561 0.9768344760
10 137.252 92.077 19.910 25.830 0.9710302353
11 283.380 90.099 19.279 23.228 0.9689208865
12 89.417 47.127 14.596 19.406 0.9652456045
13 352.093 40.288 12.972 17.198 0.9616446495
14 365.453 47.996 15.001 18.977 0.9545331001
15 349.811 88.263 19.872 23.971 0.9322618842
