0 132.351 290.350 13.485 17.067 0.9938739538
1 67.295 296.353 13.517 17.510 0.9917207956
2 100.140 296.482 12.940 15.817 0.9909163117
3 158.692 299.350 12.318 15.605 0.9890584350
4 568.431 301.158 12.845 18.354 0.9889849424
5 193.782 290.143 13.453 16.700 0.9877008200
6 321.273 295.687 13.421 15.725 0.9858513474
7 431.784 296.246 11.720 15.227 0.9850676060
8 445.632 299.343 13.682 16.934 0.9718877673
9 505.713 304.757 11.653 12.544 0.9715067148
10 259.647 298.753 11.926 15.310 0.9713690281
11 634.875 301.542 12.032 15.522 0.9703791142
12 214.410 297.026 12.022 15.957 0.9689977765
13 386.070 292.149 11.689 15.119 0.9552093148
14 270.751 295.722 10.323 14.191 0.9301363826
