0 209.869 41.852 31.009 40.603 0.9999346733
1 273.191 40.497 27.150 33.543 0.9998565912
2 138.711 72.880 28.284 34.677 0.9997966886
3 12.748 71.928 25.727 32.349 0.9971153736
4 74.990 68.374 22.322 30.492 0.9953830838
5 51.245 26.112 16.643 21.036 0.9941013455
6 92.718 17.207 18.978 23.475 0.9935316443
7 198.674 65.042 20.964 30.380 0.9896185994
8 141.314 12.111 20.872 24.401 0.9854997993
9 95.942 106.382 20.189 26.893 0.9814860225
10 280.241 1.499 21.039 27.775 0.9791457653
11 151.037 51.015 22.191 27.718 0.9750828147
12 228.766 10.836 19.288 25.833 0.9745206833
13 14.633 29.536 16.816 22.533 0.9609967470
14 107.825 55.991 19.607 23.786 0.9458004832
