0 116.847 70.848 29.930 36.053 0.9997399449
1 24.921 54.281 28.844 37.911 0.9996241331
2 213.678 57.660 25.432 31.720 0.9994397759
3 52.606 61.211 21.735 29.326 0.9961897731
4 16.505 15.923 19.439 25.136 0.9907077551
5 218.261 14.798 21.440 26.374 0.9903883338
6 102.107 14.560 21.510 25.940 0.9897317290
7 130.976 1.587 18.445 23.949 0.9883340597
8 171.148 8.245 19.380 25.009 0.9881018400
9 69.892 28.113 18.047 24.419 0.9871736765
10 154.267 17.820 14.366 16.390 0.9786712527
11 40.619 29.334 16.351 17.730 0.9595633149
