0 207.304 176.223 12.926 17.495 0.9909743667
1 280.512 212.646 18.376 24.764 0.9900861382
2 72.599 247.036 19.988 23.249 0.9890474677
3 218.303 200.253 15.745 26.160 0.9872184992
4 410.084 193.422 15.043 19.108 0.9821664691
5 23.213 216.084 18.444 25.646 0.9595972300
6 257.714 188.610 11.383 15.426 0.9589802623
7 131.326 165.419 9.728 12.134 0.9414237142
8 108.581 173.409 8.312 10.891 0.9391617775
9 396.100 170.729 8.936 10.801 0.9345890880
10 189.267 178.507 8.378 10.662 0.9213325977
11 364.536 177.838 8.648 10.558 0.9198536277
