0 381.016 230.210 65.877 84.673 0.9999855757
1 406.912 81.019 52.111 64.303 0.9999524355
2 728.948 289.792 34.600 39.846 0.9999518394
3 508.874 302.925 25.348 30.006 0.9998750687
4 271.801 292.886 30.010 39.181 0.9997270703
5 817.764 298.006 31.436 35.662 0.9996453524
6 919.069 292.369 25.096 34.801 0.9995374680
7 8.993 300.137 41.962 47.264 0.9992095232
8 90.975 296.983 46.897 50.632 0.9991484880
9 858.458 279.064 28.385 31.914 0.9987822175
10 602.890 310.982 17.481 21.919 0.9948497415
11 669.480 302.432 22.229 28.528 0.9940004349
12 148.142 303.405 24.303 34.075 0.9939020872
13 622.587 313.798 20.321 23.928 0.9819718003
14 571.995 310.269 12.496 14.405 0.9721456766
15 48.965 303.037 15.184 18.982 0.9683121443
16 652.878 306.800 12.626 17.006 0.9341434240
17 130.558 306.509 24.873 35.057 0.9232121110
