0 426.837 147.110 34.608 42.036 0.9999214411
1 115.757 135.070 32.691 42.232 0.9999191761
2 244.732 4.496 33.857 39.765 0.9999033213
3 322.838 152.721 30.442 38.317 0.9999012947
4 334.865 18.156 30.162 39.201 0.9999008179
5 373.001 48.177 32.333 40.820 0.9998872280
6 224.010 149.471 35.091 41.491 0.9998772144
7 41.981 35.006 31.391 39.509 0.9998642206
8 79.957 17.637 29.967 37.762 0.9998513460
9 464.681 46.285 33.610 42.416 0.9997939467
10 420.960 14.272 28.770 37.290 0.9997444749
11 198.843 66.768 31.309 38.226 0.9996895790
12 27.518 157.520 28.480 34.286 0.9996752739
13 122.740 70.077 29.845 37.270 0.9996631145
14 158.399 23.381 31.576 40.279 0.9995941520
15 287.306 44.408 32.588 43.501 0.9995759130
