0 311.937 122.892 28.036 34.701 0.9998432398
1 246.027 172.851 24.895 30.210 0.9992945194
2 366.730 120.062 25.044 32.423 0.9990538955
3 88.894 130.619 24.316 25.385 0.9939216375
4 422.978 131.529 21.521 25.039 0.9884109497
5 164.814 135.014 22.535 24.836 0.9865379333
6 15.524 104.564 19.710 23.820 0.9860667586
7 395.109 129.643 14.439 19.813 0.9848645926
8 533.378 127.773 13.041 17.122 0.9720000029
9 181.158 117.754 13.509 19.831 0.9686720371
10 22.494 151.968 21.628 24.702 0.9680106640
11 255.769 123.503 9.690 12.010 0.9603226185
12 275.304 121.954 9.628 12.288 0.9555127621
