0 66.796 57.457 33.134 37.066 0.9999446869
1 215.484 44.272 38.868 44.088 0.9999353886
2 304.383 60.777 35.594 39.019 0.9999079704
3 387.923 28.388 37.839 48.351 0.9997504354
4 19.308 62.545 35.463 50.678 0.9995597005
5 145.633 75.474 37.112 49.036 0.9995521903
6 118.035 68.923 27.499 40.933 0.9992794394
7 371.124 99.496 28.216 40.174 0.9992471933
8 154.941 48.517 29.966 36.249 0.9987789989
9 343.966 49.278 23.876 31.448 0.9970116615
10 276.123 38.588 23.826 36.636 0.9967457056
11 182.475 38.864 24.434 33.963 0.9927371144
12 394.414 140.163 27.816 38.539 0.9851924181
