0 95.225 93.536 14.462 17.508 0.9946737289
1 263.406 89.783 12.919 16.402 0.9935042262
2 212.532 105.117 13.255 17.731 0.9922978282
3 351.820 103.662 12.820 16.361 0.9920699000
4 281.739 94.987 12.778 15.766 0.9904566407
5 37.921 82.666 13.232 16.561 0.9890283346
6 131.736 84.569 13.976 15.916 0.9883022904
7 176.896 90.775 11.538 16.263 0.9882871509
8 153.591 83.617 13.633 17.292 0.9871401191
9 22.693 92.283 13.992 16.728 0.9868191481
10 227.528 93.531 11.944 14.841 0.9840515852
11 388.470 92.907 12.328 17.979 0.9839125276
12 331.613 90.582 11.582 15.268 0.9810468554
13 313.815 91.800 13.776 16.218 0.9787732959
14 62.212 93.526 12.250 15.661 0.9749273062
15 249.863 99.758 13.141 16.558 0.9705101252
16 190.585 91.609 12.218 15.856 0.9674900770
