0 57.962 33.974 18.459 22.205 0.9970166683
1 150.356 46.131 22.213 27.626 0.9967357516
2 28.943 61.136 19.176 23.567 0.9958250523
3 110.627 52.315 24.598 28.817 0.9954878688
4 182.091 34.944 19.566 24.617 0.9947740436
5 224.167 35.644 21.222 27.915 0.9922302365
6 300.730 52.196 18.292 26.122 0.9908486605
7 6.284 34.330 11.729 14.363 0.9858275652
8 80.038 43.292 10.523 13.348 0.9815396667
9 273.145 47.055 14.613 21.561 0.9763600230
10 252.916 50.873 11.825 15.339 0.9760930538
11 113.509 32.015 18.886 22.109 0.9722018838
12 323.396 50.956 21.438 24.160 0.9088405371
