0 212.873 72.248 9.824 11.890 0.9681031704
1 191.241 44.793 10.234 12.980 0.9679023027
2 30.117 70.952 11.663 14.334 0.9617758393
3 59.751 74.553 9.797 11.770 0.9590287209
4 237.978 73.848 9.657 11.837 0.9565306306
5 84.405 49.970 9.281 11.709 0.9499210119
6 138.454 74.354 9.950 11.976 0.9479089975
7 87.775 73.856 9.764 11.765 0.9466677904
8 39.038 47.650 10.212 12.478 0.9465441108
9 62.378 49.552 9.720 11.655 0.9464277029
10 14.519 49.256 9.849 11.973 0.9430179000
11 111.118 74.422 10.280 12.431 0.9413803220
12 163.550 74.423 9.960 12.553 0.9388629198
13 234.291 28.207 8.961 11.115 0.9216467142
14 191.231 73.608 9.140 11.136 0.9185803533
15 111.025 51.030 9.103 10.382 0.9048754573
