0 165.663 177.868 9.320 12.306 0.9882214665
1 424.764 182.280 12.491 15.338 0.9878094196
2 36.683 172.870 13.717 16.660 0.9868047237
3 337.449 180.400 10.849 13.852 0.9864518642
4 56.291 170.507 11.239 13.557 0.9862311482
5 76.261 173.452 13.295 15.195 0.9849020839
6 107.018 171.448 11.725 14.989 0.9842106104
7 313.466 182.392 9.982 12.451 0.9841452241
8 138.176 176.113 10.598 13.788 0.9806946516
9 237.917 176.123 9.806 12.935 0.9803705215
10 352.176 181.701 10.685 13.663 0.9792641997
11 270.040 187.420 9.976 12.603 0.9791098833
12 402.098 177.770 12.287 14.799 0.9773426056
13 368.348 178.133 9.656 12.965 0.9718543887
14 250.180 177.256 10.044 12.587 0.9718343616
15 289.781 181.973 10.251 13.926 0.9661502242
16 195.525 174.409 9.468 11.901 0.9656929970
17 177.368 169.865 9.993 12.782 0.9643144608
18 122.121 176.252 10.633 12.797 0.9639229774
19 226.678 182.308 9.707 12.623 0.9629532099
20 216.244 175.222 9.176 11.723 0.9614757895
21 378.403 177.213 10.417 13.276 0.9612268209
22 324.407 179.050 9.792 12.158 0.9602041245
23 207.203 182.129 9.542 12.168 0.9593088627
24 151.278 230.036 10.506 13.350 0.9509461522
25 298.931 174.334 9.501 11.649 0.9425946474
26 228.089 171.300 8.885 11.127 0.9395068884
27 291.272 124.379 12.433 15.076 0.9368119836
28 185.744 180.328 9.796 11.881 0.9335896373
29 151.387 178.323 9.161 12.079 0.9298709035
30 373.222 177.494 9.913 12.610 0.9252833724
31 160.198 178.165 9.337 12.574 0.9241645336
