0 342.048 90.142 15.347 19.518 0.9949136972
1 80.794 101.922 12.811 16.421 0.9910588861
2 199.574 86.273 12.602 16.595 0.9891826510
3 329.958 135.364 14.516 18.520 0.9889246821
4 409.077 88.808 13.383 19.057 0.9882444143
5 236.746 89.864 12.612 16.577 0.9873769283
6 373.017 96.044 13.707 17.493 0.9872710109
7 169.100 91.067 13.660 15.958 0.9871383309
8 131.588 144.009 14.525 17.763 0.9865434766
9 156.230 101.631 12.051 15.302 0.9857967496
10 361.206 86.861 12.380 14.959 0.9854134321
11 262.032 86.623 12.918 16.857 0.9843688011
12 25.957 88.876 14.933 19.089 0.9831234217
13 120.226 84.913 14.560 17.782 0.9814443588
14 307.817 93.447 12.192 15.243 0.9799260497
15 92.829 97.792 11.496 15.703 0.9771928191
16 285.611 100.705 12.115 15.244 0.9755293131
17 213.640 93.554 12.718 16.399 0.9725953937
18 186.324 101.948 12.382 16.150 0.9710931182
19 57.586 100.286 13.580 16.434 0.9697451591
