0 592.384 118.989 55.421 74.645 0.9999138117
1 285.256 180.588 50.668 60.390 0.9999068975
2 323.042 28.698 35.430 45.634 0.9999014139
3 226.380 131.663 40.079 45.773 0.9998032451
4 205.279 65.276 28.250 33.879 0.9997352958
5 416.401 29.402 33.680 43.610 0.9996576309
6 264.686 5.124 26.436 34.876 0.9992098808
7 413.786 135.221 43.070 55.862 0.9991107583
8 400.500 71.321 41.314 56.410 0.9973170161
9 25.742 8.109 23.787 31.946 0.9969127178
10 564.623 57.705 34.426 51.100 0.9967253208
11 87.091 70.430 26.137 32.211 0.9957633018
12 403.197 16.392 23.449 34.877 0.9945536852
13 154.963 6.328 14.762 17.503 0.9899106622
14 133.933 19.026 15.908 20.874 0.9841815233
15 45.032 134.096 29.859 31.261 0.9831855297
16 0.633 20.861 20.271 35.273 0.9708395600
17 114.938 57.690 19.068 24.140 0.9675980806
18 183.525 33.515 21.615 24.796 0.9115384221
19 69.777 1.143 18.670 15.467 0.9076312780
