0 518.897 503.869 58.433 72.044 0.9999885559
1 235.270 529.426 57.510 64.910 0.9999854565
2 104.355 523.091 59.701 70.443 0.9999843836
3 662.383 481.793 57.876 73.249 0.9999842644
4 393.117 505.774 57.119 70.921 0.9999836683
5 1062.756 477.137 62.228 73.801 0.9999785423
6 913.172 478.063 58.729 73.811 0.9999682903
7 150.476 404.647 53.620 66.805 0.9999600649
8 785.823 478.651 59.100 69.371 0.9999586344
9 427.340 375.310 51.589 62.254 0.9999535084
10 873.391 358.542 50.047 65.024 0.9999382496
11 274.158 393.228 55.948 68.367 0.9999351501
12 556.278 132.609 47.594 62.718 0.9998954535
13 206.950 271.477 53.183 68.073 0.9998935461
14 446.428 147.214 49.686 59.893 0.9998731613
15 861.976 254.239 52.767 71.058 0.9998657703
16 806.908 139.231 46.430 63.254 0.9998583794
17 557.864 353.020 54.832 62.886 0.9998544455
18 999.241 377.532 51.176 58.717 0.9998419285
19 229.719 161.484 49.248 63.701 0.9998173118
20 326.301 286.188 53.307 66.537 0.9997993112
21 1018.759 250.420 51.233 62.405 0.9997913241
22 472.224 271.965 48.942 60.124 0.9997816682
23 747.660 236.526 50.243 67.513 0.9997810721
24 617.347 248.260 52.050 73.354 0.9997679591
25 725.790 361.981 50.758 65.435 0.9997463822
26 1080.284 148.728 47.952 62.283 0.9997413754
27 340.859 149.628 46.284 64.479 0.9996606112
28 686.973 147.333 45.769 56.385 0.9994559884
29 938.093 146.843 46.338 57.277 0.9985866547
