0 336.707 200.545 10.906 14.189 0.9894394279
1 232.957 191.178 11.145 13.986 0.9889933467
2 200.098 201.723 10.960 14.086 0.9863939881
3 264.406 194.824 10.334 13.804 0.9833980799
4 356.075 196.529 11.061 14.575 0.9813184142
5 328.618 180.781 9.762 12.748 0.9783384204
6 400.478 205.927 10.401 13.220 0.9731813073
7 291.496 201.702 10.884 14.118 0.9715338349
8 315.902 203.906 10.753 13.514 0.9691169858
9 274.970 179.176 10.080 12.574 0.9658800960
10 377.308 206.810 10.118 12.633 0.9624081254
11 180.552 197.641 9.712 11.815 0.9566777945
12 237.807 174.778 11.410 13.000 0.9558296800
13 302.962 185.772 10.368 12.792 0.9529855847
14 360.114 180.487 9.518 11.996 0.9380339980
