0 261.916 76.687 10.107 12.987 0.9837422371
1 27.829 61.560 10.398 13.075 0.9800920486
2 196.512 66.792 9.577 12.271 0.9775955677
3 158.376 78.346 9.977 12.533 0.9760563374
4 209.239 70.796 10.201 12.427 0.9758565426
5 169.450 69.724 9.131 11.367 0.9757556915
6 98.336 62.460 10.508 13.007 0.9735955000
7 142.035 67.392 9.556 12.193 0.9719183445
8 46.828 69.460 9.668 12.527 0.9714595079
9 131.340 67.486 9.630 13.116 0.9685109258
10 289.256 69.227 9.887 13.920 0.9665383697
11 114.214 62.159 10.275 13.139 0.9622672200
12 70.891 68.730 11.419 14.101 0.9536498189
13 247.573 67.368 9.347 12.132 0.9532460570
14 186.627 74.575 9.423 11.907 0.9310981035
15 16.668 68.957 10.814 12.350 0.9019504189
