0 238.851 136.601 25.794 34.279 0.9987402558
1 326.403 125.555 23.662 29.593 0.9981714487
2 291.201 125.481 16.736 22.822 0.9870251417
3 480.552 115.470 22.850 27.281 0.9847763777
4 451.475 124.507 16.379 22.731 0.9846121669
5 56.192 136.888 20.559 25.688 0.9835187197
6 144.825 140.515 21.599 26.563 0.9814638495
7 466.314 131.053 17.466 24.394 0.9795800447
8 368.000 124.157 17.684 22.071 0.9750219584
9 418.956 128.131 20.453 24.253 0.9742262363
10 503.103 126.593 19.562 23.265 0.9722090960
11 9.053 151.273 10.308 13.229 0.9625112414
12 349.989 118.720 14.565 19.458 0.9624082446
13 101.095 148.997 8.486 10.541 0.9524739981
14 111.415 150.466 8.905 10.987 0.9362300634
15 34.557 154.695 9.459 11.613 0.9295312762
