0 228.754 209.808 49.640 57.509 0.9998090863
1 464.656 112.600 34.379 46.643 0.9995457530
2 305.282 100.131 25.330 32.418 0.9991329312
3 150.717 140.932 30.620 44.072 0.9990406632
4 435.443 85.704 24.010 31.348 0.9982768297
5 474.844 75.728 27.624 35.481 0.9975972772
6 179.431 196.042 37.581 25.133 0.9964993000
7 358.894 72.007 20.358 28.888 0.9918175340
8 453.457 34.401 12.233 15.576 0.9915498495
9 396.554 50.395 19.772 26.016 0.9895987511
10 257.385 96.302 21.310 27.278 0.9885277748
11 143.730 69.321 19.440 24.529 0.9869499803
12 257.830 50.559 13.637 17.590 0.9859770536
13 285.228 89.226 21.212 30.378 0.9821246862
14 334.984 67.555 18.625 24.931 0.9799822569
15 208.260 94.324 23.808 24.808 0.9746164083
16 297.156 53.732 13.505 19.918 0.9737802744
17 394.510 72.738 20.085 27.052 0.9688522816
18 303.480 66.599 17.048 20.689 0.9665899873
19 28.721 64.082 16.006 18.798 0.9569910169
