0 334.509 26.746 31.514 35.130 0.9997889400
1 190.756 49.742 33.176 39.031 0.9997878671
2 424.879 47.497 31.382 38.511 0.9997773767
3 57.924 19.625 32.464 42.804 0.9996676445
4 125.433 46.447 25.290 33.903 0.9995469451
5 271.452 33.105 30.015 34.041 0.9983797073
6 378.480 45.169 20.734 28.274 0.9889774919
7 466.157 55.647 19.413 24.008 0.9822001457
8 143.893 30.750 22.216 27.838 0.9758632183
9 450.713 34.064 18.323 22.032 0.9705289602
10 241.440 30.249 20.501 25.681 0.9648799300
11 319.278 40.053 13.181 17.900 0.9599915743
12 101.719 30.188 14.218 17.414 0.9500748515
13 296.234 24.249 20.468 30.733 0.9467607737
