0 598.272 104.151 86.541 122.857 0.9999363422
1 104.941 375.637 26.127 38.657 0.9995779395
2 166.304 354.094 26.609 35.324 0.9994839430
3 551.429 355.726 24.902 30.205 0.9985553622
4 767.684 351.523 23.654 29.699 0.9973449111
5 856.112 355.058 22.834 30.634 0.9969904423
6 3.343 381.163 22.898 29.471 0.9964415431
7 268.462 355.278 25.246 32.392 0.9959790707
8 708.175 365.712 17.458 21.906 0.9939242005
9 431.730 348.028 20.948 30.334 0.9937507510
10 601.246 366.687 18.060 25.490 0.9884915352
11 478.371 364.870 17.759 25.144 0.9866781235
12 305.575 350.862 19.406 30.229 0.9850879312
13 76.464 371.812 20.933 28.475 0.9834209085
14 834.946 343.913 20.131 25.919 0.9753407240
15 882.146 369.432 13.777 18.477 0.9630382061
16 510.116 362.040 13.119 21.297 0.9484791756
