0 434.355 297.745 16.330 20.791 0.9973959923
1 183.349 228.646 16.354 18.885 0.9971699119
2 148.551 238.540 14.254 17.827 0.9962798953
3 47.272 298.804 15.599 20.714 0.9960995913
4 514.356 292.869 16.916 20.568 0.9955905676
5 255.931 295.788 16.386 20.804 0.9952898026
6 491.068 230.912 15.472 19.538 0.9942426085
7 528.799 239.488 15.986 19.268 0.9942284822
8 369.163 229.301 16.088 20.128 0.9941344857
9 300.750 302.486 14.560 18.103 0.9938666224
10 395.484 226.566 13.760 17.421 0.9937011003
11 344.053 303.147 15.775 19.540 0.9933545589
12 396.242 302.226 15.575 20.228 0.9930695891
13 324.487 226.852 16.050 21.044 0.9930639863
14 132.603 223.028 15.081 19.323 0.9928454757
15 347.348 223.144 15.869 19.178 0.9923300147
16 476.965 290.792 16.531 19.738 0.9918698072
17 214.337 299.085 16.520 19.006 0.9915999174
18 175.440 299.825 16.599 22.429 0.9915705919
19 273.646 227.142 15.873 19.745 0.9904361367
20 212.645 225.333 15.109 19.173 0.9904272556
21 95.798 294.616 16.421 19.420 0.9900840521
22 104.380 233.000 16.620 20.723 0.9885692596
23 437.052 235.349 14.633 17.421 0.9877008796
24 132.731 300.046 15.735 19.712 0.9868751168
25 408.965 242.330 15.821 18.800 0.9858469367
26 301.437 221.967 15.194 18.130 0.9856793284
27 228.711 230.653 15.718 20.615 0.9798332453
28 452.744 248.157 15.187 18.212 0.9755016565
