0 247.809 707.144 102.784 133.021 0.9999984503
1 5.194 551.195 62.866 73.923 0.9999682903
2 1252.477 615.957 61.754 75.461 0.9999641180
3 157.602 818.665 137.309 187.412 0.9999629259
4 1267.503 554.110 36.317 41.575 0.9999600649
5 160.325 634.374 85.804 103.193 0.9999321699
6 363.612 494.781 34.712 41.497 0.9999297857
7 971.016 507.071 31.140 36.658 0.9999266863
8 76.520 599.107 72.210 86.567 0.9999072552
9 1175.721 537.994 35.402 40.574 0.9999063015
10 95.197 517.941 52.087 59.760 0.9998968840
11 1128.554 577.510 52.509 60.621 0.9998836517
12 1011.428 550.591 48.446 55.914 0.9998464584
13 1034.221 520.415 35.742 43.466 0.9997656941
14 1080.549 530.943 31.704 35.344 0.9997447133
15 854.821 552.011 43.688 52.453 0.9992859960
16 756.230 531.877 42.031 49.183 0.9989922643
17 665.709 507.508 42.250 49.854 0.9988310933
18 157.227 497.258 32.371 45.390 0.9976574183
19 138.693 518.605 33.468 44.742 0.9966614246
20 64.888 557.787 45.258 56.529 0.9963196516
