0 592.065 99.519 85.582 128.059 0.9999394417
1 103.988 371.551 25.458 37.773 0.9990629554
2 164.485 350.763 25.784 34.976 0.9986531734
3 266.447 349.642 25.721 33.818 0.9985721111
4 546.065 351.616 23.636 29.594 0.9969026446
5 847.079 351.440 22.080 29.906 0.9964235425
6 760.259 347.017 22.406 29.310 0.9951487184
7 700.356 361.300 17.378 21.876 0.9937316775
8 3.958 377.039 22.299 28.619 0.9936320186
9 427.357 343.656 20.746 30.646 0.9896967411
10 473.319 360.617 17.504 24.651 0.9869715571
11 75.858 367.704 20.775 28.089 0.9857208729
12 826.227 339.584 19.515 25.447 0.9791511297
13 505.143 358.692 12.643 19.537 0.9693586826
14 594.888 362.454 17.741 25.150 0.9609534144
15 302.966 346.262 18.986 29.799 0.9566251040
16 230.563 346.808 14.538 27.034 0.9045902491
