0 202.828 33.694 9.515 12.141 0.9780604243
1 45.886 56.504 8.738 10.997 0.9612895846
2 40.403 57.876 8.879 10.950 0.9512045383
3 190.290 70.805 8.936 10.766 0.9382988811
4 88.467 66.877 8.958 11.584 0.9330891967
5 26.779 53.972 8.880 10.755 0.9325476885
6 79.401 59.601 8.967 11.408 0.9306058884
7 84.943 47.572 8.412 10.694 0.9277407527
8 35.398 77.255 9.886 12.569 0.9264503717
9 103.234 47.254 8.430 10.424 0.9241322279
10 124.592 60.671 8.269 9.986 0.9188953042
11 176.465 47.930 8.444 10.347 0.9141713381
12 60.349 57.548 8.498 10.122 0.9105413556
13 131.295 49.074 8.308 10.160 0.9020023346
14 70.569 84.527 8.382 10.031 0.9004331231
