0 176.905 74.327 60.307 61.115 0.9999790192
1 1.499 50.951 40.503 57.065 0.9978456497
2 123.071 44.600 22.183 29.830 0.9970629811
3 104.726 0.402 14.384 19.953 0.9920605421
4 165.299 7.008 11.225 13.801 0.9888131022
5 66.774 0.462 15.587 16.320 0.9552094936
6 2.150 10.527 14.347 22.733 0.9526476264
7 297.833 8.132 17.557 22.364 0.9502338171
8 272.802 11.558 21.028 25.462 0.9491590858
9 45.765 3.120 10.073 12.845 0.9376910925
10 119.723 0.394 10.058 12.122 0.9129310250
11 137.749 16.829 11.222 15.280 0.9086022973
