0 321.657 111.963 10.664 13.439 0.9896883965
1 130.000 111.294 9.986 12.755 0.9865779877
2 377.853 112.029 9.618 12.342 0.9839418530
3 86.507 105.254 10.241 12.985 0.9833164811
4 113.017 103.409 9.959 12.532 0.9828968644
5 25.659 98.907 10.531 13.756 0.9815743566
6 63.287 109.523 9.692 12.171 0.9806940556
7 154.722 106.345 10.138 12.772 0.9767510891
8 363.677 113.441 9.756 13.067 0.9766146541
9 344.055 116.258 9.604 12.711 0.9763487577
10 172.934 114.421 9.733 12.277 0.9760392308
11 299.369 108.610 10.164 12.325 0.9745736718
12 215.991 102.917 9.940 12.863 0.9723455906
13 183.695 103.880 10.012 12.822 0.9722294807
14 280.490 119.039 9.501 11.901 0.9717776179
15 43.354 109.799 9.910 12.760 0.9699637294
16 256.190 107.805 9.671 12.368 0.9674496651
17 197.553 113.018 9.229 11.300 0.9602623582
18 107.225 122.827 9.080 11.495 0.9443141818
19 235.531 110.490 9.309 11.827 0.9433829188
