0 321.039 175.972 11.727 12.918 0.9914401770
1 148.567 128.422 11.489 12.816 0.9901853800
2 429.608 179.138 13.902 14.450 0.9901838899
3 120.429 167.862 12.507 13.785 0.9896788597
4 62.841 172.900 11.942 13.145 0.9881564379
5 377.870 126.352 12.079 14.044 0.9867313504
6 180.677 126.880 11.322 12.685 0.9817837477
7 345.048 134.661 10.441 12.356 0.9817001224
8 160.741 169.312 12.713 13.458 0.9813477993
9 285.125 126.857 10.934 12.726 0.9812697172
10 254.864 128.038 11.526 13.732 0.9809650779
11 78.754 123.465 12.009 13.996 0.9769557118
12 203.212 166.941 11.788 13.755 0.9768667817
13 290.035 170.106 12.711 13.965 0.9763616323
14 218.457 127.556 11.576 13.440 0.9760125279
15 423.274 135.248 11.149 12.352 0.9757761359
16 113.480 129.908 11.471 12.864 0.9725531936
17 250.052 169.786 12.558 14.671 0.9721925259
18 315.389 125.316 10.760 12.550 0.9717065096
19 385.673 178.731 11.105 12.160 0.9516019225
20 402.656 133.361 11.255 13.112 0.9430601001
21 355.532 179.330 10.908 12.182 0.9359910488
