0 310.821 181.350 28.543 33.459 0.9995670915
1 423.350 118.534 14.432 17.425 0.9922005534
2 356.865 153.385 18.374 23.315 0.9919434786
3 429.294 162.607 23.480 27.027 0.9913846254
4 5.614 123.493 10.785 14.700 0.9894920588
5 369.954 117.284 14.119 17.488 0.9889096618
6 83.748 135.310 13.055 19.475 0.9817932248
7 443.049 137.238 20.196 23.383 0.9779259562
8 309.691 147.877 16.181 24.488 0.9756853580
9 64.743 132.347 10.794 17.419 0.9732120633
10 512.102 146.962 19.743 26.451 0.9697069526
11 486.639 96.611 11.390 13.925 0.9678419828
12 204.182 121.094 9.995 13.540 0.9611672163
13 391.353 111.620 10.382 13.362 0.9535217881
14 472.900 110.962 14.703 18.613 0.9524904490
15 460.622 126.665 13.964 17.554 0.9499269128
16 342.072 116.951 10.740 14.242 0.9480966926
17 518.686 100.401 10.550 12.941 0.9449757934
18 142.630 128.701 13.017 19.864 0.9417319298
19 229.900 140.510 11.647 15.599 0.9356436133
20 45.926 112.837 8.615 11.337 0.9339203238
21 265.743 127.033 11.190 14.922 0.9315183759
22 454.365 99.833 9.682 12.006 0.9300771952
23 109.769 147.033 15.088 20.130 0.9260761738
24 517.052 131.463 15.098 18.377 0.9212220907
25 173.566 131.130 11.906 16.839 0.9184452891
26 287.197 113.179 9.872 12.561 0.9041411281
27 401.579 98.905 9.558 12.063 0.9017495513
28 79.370 119.526 9.774 11.498 0.9009357095
