0 245.950 151.526 58.727 79.290 0.9999791384
1 452.862 128.461 48.653 65.351 0.9999625683
2 53.848 123.922 54.736 73.606 0.9999601841
3 363.698 25.054 38.211 51.202 0.9997693896
4 321.406 44.077 33.007 39.172 0.9995912910
5 278.297 12.417 35.912 48.915 0.9994738698
6 460.866 38.214 43.391 54.296 0.9994304776
7 84.870 66.004 37.923 41.219 0.9990918636
8 148.417 66.111 38.117 54.038 0.9989790916
9 112.075 137.222 42.097 57.909 0.9989404082
10 218.371 36.739 42.429 54.659 0.9986318946
11 34.219 40.241 41.202 51.320 0.9982202649
