0 395.133 118.151 51.951 66.922 0.9999419451
1 238.403 93.484 55.687 76.249 0.9998679161
2 190.616 95.353 55.774 96.994 0.9998542070
3 450.493 112.080 32.856 37.883 0.9998310804
4 49.303 103.872 72.096 110.418 0.9985080361
5 732.926 175.508 46.018 49.402 0.9982134104
6 565.752 121.496 71.357 119.058 0.9923647642
7 468.730 26.643 16.620 20.695 0.9912454486
8 611.456 18.897 16.856 20.793 0.9908407927
9 404.699 44.179 15.311 19.024 0.9885566235
10 587.645 26.915 19.016 23.951 0.9872669578
11 368.013 37.340 15.144 20.100 0.9851804972
12 331.105 28.103 17.735 22.257 0.9851795435
13 676.798 25.081 20.696 24.184 0.9850421548
14 510.898 28.121 17.376 20.886 0.9830053449
15 551.955 28.526 17.360 20.381 0.9810233712
16 221.286 44.059 15.012 19.180 0.9780427217
17 384.301 39.837 12.313 15.885 0.9736030698
18 434.936 29.034 16.645 21.456 0.9712455273
19 275.578 40.828 13.260 16.788 0.9647618532
20 642.048 21.557 18.528 24.299 0.9485000968
21 721.207 12.735 21.417 23.665 0.9484879971
22 754.331 14.633 18.886 23.112 0.9473921657
23 300.853 39.348 15.736 19.550 0.9229066968
