0 428.055 95.206 21.226 28.237 0.9964990616
1 191.326 93.134 16.172 20.935 0.9951443076
2 229.280 70.346 17.290 22.271 0.9871590137
3 317.642 16.757 11.532 14.101 0.9820564985
4 498.462 6.264 12.805 16.669 0.9820376635
5 527.401 10.196 14.048 16.434 0.9808305502
6 159.860 30.331 16.817 22.438 0.9801594019
7 149.751 0.163 13.439 16.614 0.9737087488
8 133.990 94.149 16.141 21.686 0.9722896814
9 453.792 19.018 13.118 16.317 0.9713115692
10 53.813 29.781 13.957 18.416 0.9682081938
11 -0.319 120.107 18.932 28.299 0.9660366178
12 276.043 65.901 16.160 22.988 0.9645039439
13 172.453 10.242 10.962 13.699 0.9640748501
14 69.103 108.277 18.041 23.428 0.9587603807
15 232.407 15.214 11.857 13.942 0.9566644430
16 379.374 0.200 11.635 14.434 0.9550961852
17 294.362 10.259 10.341 13.987 0.9510430694
18 123.520 0.127 12.552 13.601 0.9479686618
19 70.631 6.629 11.170 13.283 0.9404036999
20 478.839 14.971 13.364 16.344 0.9350136518
21 289.434 8.427 10.378 13.975 0.9191884995
22 98.282 10.285 11.161 13.872 0.9137239456
23 390.411 21.770 14.822 15.653 0.9083582759
24 447.693 2.710 11.302 14.325 0.9071560502
