0 208.952 118.015 28.177 34.493 0.9995069504
1 14.867 84.195 23.969 29.364 0.9987031221
2 152.212 92.577 24.746 31.326 0.9985369444
3 107.890 86.730 22.162 28.648 0.9981531501
4 97.729 23.848 15.923 18.482 0.9975343943
5 260.741 16.230 16.090 21.276 0.9947357774
6 211.493 9.778 15.823 20.211 0.9932331443
7 37.185 28.836 14.645 18.117 0.9921187162
8 156.367 10.307 14.000 18.539 0.9914680719
9 232.797 8.244 14.740 19.397 0.9912233353
10 350.578 11.718 19.371 23.741 0.9900574088
11 180.565 9.817 14.585 18.819 0.9900354743
12 277.857 77.751 20.322 23.304 0.9890543222
13 246.410 16.676 13.630 18.777 0.9885888100
14 300.696 19.830 15.805 20.504 0.9868559241
15 227.467 72.741 17.796 23.142 0.9864467382
16 285.799 3.387 13.556 16.719 0.9846359491
17 128.328 71.801 16.195 19.063 0.9776700139
18 171.972 75.954 17.294 19.707 0.9724430442
19 114.185 23.293 13.806 17.957 0.9661565423
20 298.326 211.685 54.732 51.455 0.9581109285
21 68.806 38.923 10.426 12.846 0.9434404969
22 334.300 16.929 17.972 21.381 0.9423210621
23 32.504 15.497 15.347 17.956 0.9111030698
