0 358.561 164.880 17.078 20.494 0.9982044697
1 192.130 184.254 16.395 21.266 0.9979436994
2 385.933 172.057 17.944 22.095 0.9975015521
3 416.957 155.920 17.940 22.191 0.9972509742
4 244.299 156.670 18.240 21.879 0.9970255494
5 232.133 182.212 17.959 21.584 0.9961892962
6 502.117 158.115 16.544 21.055 0.9957149625
7 300.507 174.914 14.866 20.875 0.9952092767
8 333.564 172.232 14.179 17.849 0.9939060807
9 283.043 170.054 18.058 22.086 0.9936416745
10 461.199 174.147 14.552 17.977 0.9912115932
11 21.356 179.256 22.866 24.152 0.9884613752
12 163.734 183.336 20.803 26.182 0.9850239754
13 547.753 165.644 18.216 21.879 0.9847896695
14 98.584 180.802 21.785 25.416 0.9824975133
15 129.759 164.839 21.082 25.751 0.9748198986
