0 545.205 186.452 28.918 41.477 0.9996354580
1 466.978 125.877 24.897 31.995 0.9995086193
2 303.166 122.244 26.505 36.149 0.9990360737
3 358.322 163.657 30.704 42.762 0.9989604950
4 113.755 126.755 24.995 34.458 0.9987498522
5 498.439 145.144 25.558 29.379 0.9983990788
6 231.373 92.670 23.067 30.138 0.9982580543
7 151.494 172.165 32.049 50.543 0.9981380701
8 126.701 167.817 23.750 42.263 0.9971862435
9 435.661 210.803 38.845 57.199 0.9962469935
10 523.541 84.928 25.317 31.491 0.9957213402
11 514.839 33.859 14.412 17.880 0.9954564571
12 428.764 35.179 12.645 16.918 0.9945630431
13 380.250 78.941 18.455 23.916 0.9931241870
14 553.788 310.433 35.976 57.483 0.9927446842
15 284.700 118.895 22.235 28.954 0.9869464040
16 468.598 77.743 17.850 22.954 0.9852395058
17 554.235 10.767 11.566 15.058 0.9831384420
18 185.832 0.445 13.854 16.009 0.9755762815
19 189.536 53.199 20.472 24.655 0.9752164483
20 179.986 36.810 13.932 19.337 0.9732003212
21 283.774 50.276 15.087 20.327 0.9711933732
22 268.926 106.765 11.104 12.981 0.9671145082
23 391.480 49.843 14.111 21.710 0.9595091939
24 461.224 64.837 16.249 25.818 0.9477706552
25 269.508 -0.647 14.062 12.207 0.9403862357
26 89.276 0.232 13.369 12.302 0.9402930140
27 359.374 45.167 10.141 15.772 0.9285358191
