0 209.984 109.715 45.251 60.943 0.9999152422
1 378.369 200.527 19.119 23.056 0.9972836971
2 293.977 204.650 17.731 24.117 0.9956756234
3 97.545 211.470 20.206 24.295 0.9953828454
4 477.627 198.865 18.252 23.219 0.9952961802
5 331.791 200.715 12.501 15.791 0.9896414876
6 586.433 189.242 11.990 16.040 0.9882171750
7 559.455 197.711 17.033 21.413 0.9855296016
8 143.511 207.122 13.103 17.193 0.9825609326
9 430.038 204.470 10.910 13.969 0.9805013537
10 345.456 195.433 10.486 13.809 0.9741535783
11 403.687 204.381 10.371 12.993 0.9562829733
12 320.066 198.385 9.451 12.585 0.9304442406
13 440.713 194.831 8.909 10.174 0.9218414426
