0 120.447 73.842 18.493 24.963 0.9910455346
1 58.596 79.912 20.628 25.075 0.9897142053
2 364.946 69.062 22.241 28.702 0.9870305657
3 28.501 80.302 20.453 26.151 0.9858376384
4 156.972 89.813 18.002 24.901 0.9819237590
5 94.661 75.921 20.478 26.961 0.9775821567
6 269.626 66.344 20.772 28.830 0.9678531885
7 203.520 74.021 19.242 25.794 0.9657127857
8 247.393 58.866 17.308 25.225 0.9582890868
9 303.316 76.470 19.922 25.583 0.9554318786
10 174.952 75.248 19.882 26.642 0.9427086115
11 -0.024 71.707 19.075 29.048 0.9194945693
