0 332.771 54.895 25.471 30.745 0.9973400235
1 270.623 38.425 16.753 23.941 0.9901539683
2 116.084 42.732 21.363 27.569 0.9870665669
3 159.284 35.613 17.089 23.555 0.9868974686
4 225.482 39.565 14.201 18.844 0.9833215475
5 305.635 44.145 19.081 25.322 0.9822867513
6 253.443 20.458 13.226 15.313 0.9801595211
7 277.436 14.958 12.306 14.714 0.9755654335
8 202.153 28.157 13.471 15.451 0.9748543501
9 69.641 38.255 12.437 15.719 0.9635655284
10 302.693 26.088 11.069 13.782 0.9395689964
11 173.773 26.009 11.641 14.047 0.9075692296
