0 694.079 233.681 53.951 63.523 0.9999558926
1 291.859 216.231 31.771 42.037 0.9999229908
2 102.271 212.024 48.474 83.755 0.9998072982
3 417.178 203.809 46.433 50.876 0.9995957017
4 253.301 253.524 31.145 32.689 0.9960522056
5 349.071 242.598 21.808 28.587 0.9845337868
6 233.701 135.766 17.480 21.755 0.9826658964
7 504.403 185.047 20.696 26.810 0.9786478281
8 237.730 162.565 19.193 23.859 0.9706611633
9 360.246 108.441 16.045 20.427 0.9695991278
10 782.954 221.207 17.420 21.934 0.9687618017
11 206.411 157.300 19.935 26.150 0.9637376666
12 129.656 75.823 16.810 23.161 0.9588239789
13 36.854 47.038 19.397 22.239 0.9561878443
14 751.199 267.871 20.127 28.366 0.9547222853
15 0.906 36.453 16.635 22.643 0.9454850554
16 777.304 273.840 32.574 41.395 0.9068896770
