0 208.203 61.578 32.278 40.633 0.9998594522
1 299.429 67.230 44.752 58.687 0.9993368983
2 155.537 98.804 35.762 41.630 0.9992325306
3 3.803 5.749 25.029 32.044 0.9991150498
4 262.054 88.111 25.742 29.472 0.9990185499
5 116.226 25.084 17.699 22.245 0.9963794351
6 151.071 51.267 17.909 22.118 0.9930999279
7 167.379 28.207 18.603 23.096 0.9906623960
8 197.136 28.130 15.189 18.830 0.9903283715
9 248.917 73.003 16.591 20.055 0.9885588884
10 258.417 56.360 14.201 17.671 0.9884682298
11 379.947 75.947 12.452 16.202 0.9881842136
12 280.222 61.205 13.473 17.781 0.9824418426
13 232.259 43.218 13.462 16.377 0.9806007743
14 70.853 34.560 22.770 28.590 0.9802080989
15 293.654 45.104 13.549 16.271 0.9797812700
16 257.861 38.182 14.887 18.112 0.9777095318
17 85.940 -0.267 18.721 18.787 0.9769844413
18 133.509 22.487 12.899 17.312 0.9717699885
19 135.385 0.510 14.650 15.023 0.9706727266
20 362.124 58.424 11.936 15.140 0.9665378332
21 37.438 17.243 21.986 25.547 0.9661874175
22 181.515 17.978 13.141 16.663 0.9433375001
23 284.517 25.710 10.942 12.707 0.9382734895
24 94.889 29.584 19.316 22.848 0.9282711148
25 85.372 79.251 44.640 48.883 0.9238363504
26 128.058 60.514 19.045 24.872 0.9167851806
27 305.223 36.892 10.108 12.214 0.9009535313
