0 227.572 70.740 14.234 17.713 0.9900263548
1 68.360 72.571 15.834 18.853 0.9878058434
2 173.119 96.872 20.202 26.146 0.9869645834
3 87.724 59.049 12.769 16.262 0.9792807698
4 127.949 56.720 12.547 15.098 0.9767091274
5 121.166 71.903 13.914 17.543 0.9724425077
6 4.923 59.038 12.280 15.045 0.9718183875
7 56.824 29.615 10.431 12.771 0.9640821815
8 19.173 82.880 20.353 26.309 0.9543483257
9 182.219 57.889 12.304 15.255 0.9489550591
10 174.942 76.182 14.156 17.518 0.9440925717
11 138.484 34.960 9.693 11.702 0.9314336777
12 208.539 34.301 9.435 11.738 0.9028727412
