0 522.157 156.109 36.465 42.481 0.9999390841
1 422.229 125.454 31.583 38.381 0.9998744726
2 191.166 148.038 30.638 44.029 0.9998220801
3 46.556 159.167 28.261 35.213 0.9997904897
4 310.674 161.560 35.887 43.725 0.9994594455
5 261.644 140.841 24.716 32.122 0.9993438125
6 479.725 148.168 24.993 33.036 0.9991617203
7 33.602 132.400 25.330 31.870 0.9978709221
8 149.672 142.039 22.233 27.876 0.9837191701
9 457.880 148.446 16.793 20.444 0.9706580043
10 222.066 150.195 19.741 26.774 0.9695666432
11 105.997 156.044 12.909 16.697 0.9503390789
