0 430.504 195.768 57.962 70.706 0.9999172688
1 299.461 164.114 35.626 43.741 0.9999064207
2 342.704 155.542 45.971 58.669 0.9998220801
3 270.615 116.518 28.818 39.990 0.9997488856
4 62.597 99.431 33.237 43.094 0.9996022582
5 19.852 64.083 44.628 58.117 0.9995947480
6 383.502 96.398 32.899 37.206 0.9995898604
7 215.028 133.263 35.320 47.496 0.9995772243
8 439.788 99.680 28.910 36.700 0.9994614720
9 398.046 147.982 36.259 50.065 0.9994371533
10 185.948 121.009 29.411 41.333 0.9994289279
11 65.303 48.691 34.255 44.691 0.9991497993
12 2.909 161.884 46.969 71.960 0.9980856180
13 251.238 181.633 42.657 52.384 0.9978825450
14 367.490 117.426 26.012 35.013 0.9800896645
15 144.029 96.962 23.592 29.818 0.9658209682
