0 173.322 22.842 10.476 13.944 0.9922373891
1 212.238 24.549 10.425 13.620 0.9877613783
2 230.823 21.365 10.438 13.699 0.9818266630
3 42.282 31.539 13.449 19.264 0.9811401367
4 159.702 21.594 10.467 13.425 0.9771643281
5 182.841 16.765 9.993 12.719 0.9734832048
6 149.677 10.934 9.251 11.997 0.9686352611
7 214.109 69.709 12.832 16.258 0.9648911357
8 16.988 36.732 12.405 15.068 0.9461144209
9 2.535 52.181 11.192 15.842 0.9361349344
10 255.693 25.924 9.727 14.761 0.9092046022
11 123.247 28.802 8.925 10.965 0.9034729600
