0 400.348 279.969 53.413 69.210 0.9999823570
1 704.217 278.419 49.600 57.001 0.9999475479
2 605.786 303.615 31.985 38.345 0.9999386072
3 206.549 238.167 30.640 37.550 0.9999213219
4 60.756 270.967 41.061 46.050 0.9998558760
5 500.266 287.123 31.418 43.188 0.9998181462
6 321.506 236.616 31.970 39.827 0.9995729327
7 636.037 273.731 28.257 35.748 0.9972545505
8 534.984 280.884 22.654 28.394 0.9853942394
9 571.527 272.139 14.284 18.072 0.9819158316
10 55.058 97.849 9.313 12.217 0.9559536576
11 95.394 99.730 9.077 11.609 0.9539429545
12 366.956 263.243 22.335 28.190 0.9507164955
13 593.938 273.175 20.449 26.505 0.9278516769
14 412.726 198.376 9.206 11.493 0.9135799408
