0 209.510 145.126 33.577 43.033 0.9999543428
1 684.681 38.980 34.755 45.272 0.9999086857
2 436.351 140.363 33.048 40.467 0.9998496771
3 133.508 19.941 35.743 44.495 0.9998483658
4 504.364 54.038 31.582 38.727 0.9998477697
5 357.229 46.525 32.252 39.839 0.9998232722
6 636.714 32.513 31.374 37.619 0.9998034835
7 538.090 123.708 30.212 38.389 0.9997949004
8 210.732 51.631 30.043 36.061 0.9997666478
9 322.894 125.014 35.514 43.767 0.9997262359
10 433.391 40.460 31.422 40.880 0.9997001886
11 74.948 40.281 36.777 45.996 0.9996901751
12 576.463 41.264 30.590 38.744 0.9996645451
13 282.732 45.498 30.852 38.438 0.9993289709
