0 37.877 63.846 29.230 37.538 0.9997505546
1 60.829 82.692 39.506 48.825 0.9995458722
2 112.342 71.806 25.940 33.424 0.9985376596
3 28.081 47.664 10.182 12.738 0.9646208286
4 20.485 11.346 9.398 12.172 0.9588718414
5 68.937 28.529 8.586 10.715 0.9566360712
6 56.068 21.532 9.263 11.636 0.9492464066
7 46.466 44.221 9.305 11.775 0.9307897687
8 105.940 45.605 9.256 11.557 0.9298409224
9 3.792 13.575 9.195 12.144 0.9128013849
10 85.908 28.225 8.570 10.630 0.9101078510
11 83.866 14.048 8.597 10.689 0.9079335928
12 107.441 21.389 7.857 9.985 0.9039058685
13 52.121 3.629 8.841 11.206 0.9004049301
