0 116.525 23.183 11.881 15.922 0.9900194407
1 196.506 22.151 10.297 12.838 0.9864512682
2 30.728 37.807 10.483 14.487 0.9808074832
3 223.349 19.393 9.521 12.233 0.9801150560
4 92.961 58.044 11.890 13.403 0.9751381278
5 46.877 23.958 12.222 15.277 0.9721936584
6 238.684 18.471 9.208 11.346 0.9681228995
7 149.629 19.989 9.751 11.859 0.9658522010
8 3.103 29.820 11.936 14.823 0.9629034400
9 25.924 24.116 9.180 12.086 0.9611486197
10 138.040 24.224 8.555 10.260 0.9526386261
11 159.858 20.041 8.466 10.581 0.9475976229
12 180.812 22.963 9.155 10.810 0.9423316121
13 169.482 26.381 7.925 10.297 0.9420586228
14 90.886 22.294 10.358 13.295 0.9351764917
15 58.654 33.214 9.679 13.927 0.9112968445
