0 279.990 159.248 13.025 16.620 0.9883204699
1 472.688 122.012 15.139 19.258 0.9870190620
2 353.211 158.390 13.039 16.199 0.9852054715
3 445.169 157.263 12.875 16.279 0.9850960374
4 40.886 123.193 13.133 15.453 0.9784796834
5 34.482 149.727 14.511 17.483 0.9725770354
6 302.223 131.966 11.995 15.998 0.9685208797
7 212.748 158.868 12.503 14.880 0.9683529139
8 359.596 125.537 14.737 18.693 0.9657972455
9 70.370 155.383 13.034 16.201 0.9644768834
10 109.922 166.839 13.036 16.111 0.9497864842
11 245.016 160.153 12.653 15.345 0.9468249679
12 436.245 122.270 13.860 16.828 0.9464630485
13 222.370 114.940 12.911 17.857 0.9300792813
14 69 124 15 16 0.9