0 427.484 155.208 11.517 14.739 0.9910957813
1 334.089 135.701 11.264 14.638 0.9904712439
2 308.999 133.528 11.351 14.366 0.9890994430
3 221.935 131.745 10.746 13.343 0.9855432510
4 405.290 117.367 10.280 13.005 0.9854151011
5 111.709 128.693 11.413 14.735 0.9845594764
6 260.275 120.030 10.756 13.765 0.9829508662
7 383.908 115.542 10.484 13.463 0.9827211499
8 145.769 118.309 10.986 13.351 0.9826192856
9 74.916 154.784 12.094 15.517 0.9825288057
10 176.248 135.953 11.034 14.369 0.9825029373
11 411.146 131.486 10.581 14.159 0.9812458754
12 358.087 131.303 10.877 13.677 0.9807237387
13 436.784 118.134 10.575 12.946 0.9802474976
14 392.226 103.656 10.033 12.444 0.9800567031
15 260.959 155.338 11.715 14.713 0.9798957109
16 184.976 157.646 11.415 15.030 0.9794110656
17 369.479 124.567 9.586 11.770 0.9783469439
18 200.491 116.721 10.260 13.276 0.9767310619
19 228.211 115.134 10.387 12.766 0.9746577144
20 296.157 152.743 10.635 13.771 0.9740349054
21 420.716 116.236 10.390 12.823 0.9739406109
22 400.470 199.628 13.140 15.204 0.9739024043
23 299.776 116.238 10.397 13.426 0.9730921388
24 364.335 161.844 11.201 14.126 0.9709724784
25 274.269 112.043 9.996 11.721 0.9708275199
26 344.695 122.356 9.156 12.017 0.9702938795
27 323.569 121.329 9.799 12.444 0.9690213799
28 279.057 136.446 10.457 13.411 0.9687160254
29 439.241 146.377 9.834 12.679 0.9659909010
30 243.242 107.158 9.032 11.217 0.9647567272
31 142.196 134.665 11.299 13.997 0.9642387629
32 199.520 137.117 10.285 12.866 0.9598633051
33 171.811 119.496 10.419 12.958 0.9594848156
34 222.503 152.363 12.246 17.075 0.9557304978
35 386.835 133.430 10.608 13.127 0.9556105137
36 183.949 203.002 11.544 12.781 0.9531202912
37 113.742 159.779 10.823 14.185 0.9517299533
38 251.365 134.522 10.878 13.519 0.9442306161
39 150.630 151.358 11.780 13.883 0.9405424595
40 463.387 165.475 10.052 13.491 0.9307955503
41 477.357 138.395 10.216 12.709 0.9259319305
