0 210.915 53.198 14.726 18.867 0.9960072637
1 26.718 29.712 14.897 18.765 0.9919545054
2 105.830 46.825 13.920 17.151 0.9908438921
3 113.540 36.022 10.608 13.079 0.9901863337
4 127.362 44.484 10.752 14.352 0.9857190251
5 68.882 36.326 11.396 14.257 0.9845069051
6 163.699 23.141 16.756 19.651 0.9821603298
7 70.154 57.413 11.583 14.340 0.9772902727
8 90.488 31.043 12.948 13.711 0.9715037942
9 47.620 46.653 11.277 15.712 0.9669424891
10 56.220 36.136 12.007 15.064 0.9455057979
11 213.548 32.970 12.026 15.971 0.9189018607
