0 189.851 58.350 26.961 36.855 0.9998218417
1 51.626 50.114 27.984 33.238 0.9987998009
2 97.556 48.724 24.381 29.077 0.9983845949
3 119.481 36.530 18.328 25.039 0.9969358444
4 71.817 3.010 14.142 18.071 0.9962832332
5 145.238 21.959 15.529 18.392 0.9953546524
6 217.223 27.273 14.938 19.641 0.9940149188
7 45.714 10.536 15.481 20.939 0.9911196828
8 21.025 66.594 22.566 35.335 0.9894022942
9 161.893 15.881 13.552 17.596 0.9878223538
10 188.555 39.206 16.004 20.959 0.9844248295
11 121.195 5.979 14.840 16.475 0.9836211205
12 205.338 5.327 12.437 15.533 0.9791197181
