0 322.261 97.691 63.170 85.205 0.9998282194
1 8.199 52.284 34.334 47.026 0.9995792508
2 408.528 85.976 27.831 35.060 0.9995734096
3 272.320 144.308 32.583 40.575 0.9995434880
4 247.340 55.031 31.560 39.274 0.9992795587
5 560.886 83.320 26.011 34.589 0.9991989732
6 391.638 135.238 28.509 34.026 0.9991353154
7 38.059 5.790 26.961 36.229 0.9987739921
8 137.244 69.489 61.833 107.608 0.9987143278
9 419.299 117.669 77.278 101.028 0.9986976385
10 216.599 10.176 25.124 34.936 0.9982753992
11 297.257 20.011 24.592 35.021 0.9981976151
12 226.101 150.924 40.523 55.461 0.9975484014
13 368.361 22.699 24.929 30.179 0.9968445301
14 445.842 25.795 24.863 32.637 0.9966478944
15 574.515 43.574 24.243 29.128 0.9941494465
16 517.613 44.098 25.277 32.946 0.9918764830
17 599.145 150.394 31.295 41.007 0.9843660593
18 575.672 168.904 23.505 28.223 0.9761182666
19 635.070 32.536 20.044 28.030 0.9717763662
20 492.520 65.319 24.994 31.496 0.9712709785
21 127.854 2.881 27.175 31.095 0.9562942982
