0 476.337 130.313 36.694 38.300 0.9999264479
1 661.742 165.509 16.810 21.853 0.9955315590
2 49.194 166.619 18.925 21.636 0.9951739907
3 553.515 166.954 19.027 21.450 0.9950705767
4 103.958 179.998 18.579 22.429 0.9950587749
5 760.336 163.065 16.891 20.108 0.9923491478
6 625.418 157.091 18.280 23.527 0.9904633164
7 609.307 167.525 14.462 16.304 0.9894319773
8 262.673 178.525 13.378 15.719 0.9888420105
9 786.841 167.651 13.641 19.110 0.9886565208
10 306.676 165.737 14.285 18.090 0.9879057407
11 19.705 173.039 20.761 25.452 0.9877150655
12 642.269 167.323 12.744 16.568 0.9864822626
13 578.774 154.400 21.420 25.985 0.9859265089
14 261.486 195.579 12.901 16.275 0.9848526120
15 526.801 163.402 16.379 19.885 0.9847742915
16 219.915 157.350 16.077 18.664 0.9835912585
17 731.955 174.559 18.309 22.532 0.9806326032
18 699.822 167.135 19.523 25.399 0.9794476628
19 291.421 175.351 15.615 19.434 0.9792960882
20 80.646 173.879 15.368 17.247 0.9753895998
21 148.269 166.775 10.595 14.440 0.9686374068
22 678.231 162.713 21.390 26.716 0.9633516669
23 55.848 155.226 17.222 21.859 0.9346210361
24 -0.351 139.282 13.135 24.767 0.9095847607
