0 406.987 508.581 15.740 20.371 0.9936972260
1 216.003 422.818 13.896 16.627 0.9933964014
2 567.093 547.448 15.673 20.228 0.9921913743
3 231.598 596.130 15.776 21.531 0.9919617772
4 388.494 334.731 14.548 18.484 0.9907384515
5 785.581 558.387 17.099 19.816 0.9906472564
6 87.477 479.300 13.755 18.001 0.9904993176
7 486.199 548.686 16.335 19.280 0.9901812077
8 851.163 379.365 13.215 16.607 0.9888835549
9 707.445 351.106 14.277 18.425 0.9888041615
10 432.984 426.214 15.086 19.129 0.9883827567
11 796.742 498.047 14.948 19.951 0.9881636500
12 24.666 447.159 13.505 17.629 0.9879087806
13 801.868 461.998 15.498 20.406 0.9865591526
14 70.911 501.175 15.433 19.678 0.9865285158
15 818.882 375.699 14.679 19.763 0.9863561392
16 368.375 543.473 15.779 19.428 0.9855182171
17 599.303 518.858 13.864 21.322 0.9852792025
18 888.071 472.558 15.622 19.746 0.9852260947
19 401.872 481.156 13.966 20.839 0.9850611091
20 560.485 597.126 16.053 21.642 0.9848849773
21 678.448 346.418 14.055 19.204 0.9847967625
22 597.277 462.037 14.036 18.268 0.9847120047
23 552.841 507.735 16.913 21.365 0.9847080708
24 223.584 355.257 14.532 18.650 0.9846385121
25 106.405 544.629 14.766 16.996 0.9832854867
26 665.335 436.541 15.264 19.708 0.9832677245
27 320.029 365.138 12.523 16.596 0.9824176431
28 280.791 538.086 16.295 20.592 0.9821869135
29 770.846 525.872 16.628 22.655 0.9812739491
30 316.701 504.089 15.372 19.664 0.9806402922
31 564.119 460.115 15.697 18.773 0.9802665114
32 716.842 430.808 15.750 20.255 0.9799428582
33 23.884 533.453 14.942 20.785 0.9793633819
34 697.073 491.658 15.581 19.067 0.9788849950
35 684.202 526.357 15.647 18.950 0.9782245159
36 756.794 492.668 14.003 19.550 0.9781367183
37 474.557 485.202 14.221 20.000 0.9780816436
38 839.055 466.150 15.288 20.312 0.9778841734
39 609.036 483.544 15.571 21.355 0.9771211147
40 772.448 437.226 15.554 18.595 0.9758791924
41 643.707 483.795 14.126 21.252 0.9755316973
42 714.719 527.038 18.528 24.289 0.9752880931
43 167.879 506.598 15.095 20.047 0.9751832485
44 382.985 600.815 18.501 22.388 0.9739799500
45 118.902 487.801 15.136 21.121 0.9723434448
46 904.051 497.065 16.111 23.638 0.9718798399
47 188.353 481.918 14.735 18.717 0.9716539383
48 65.320 367.944 12.920 16.368 0.9715394974
49 697.814 608.297 16.785 22.167 0.9706401229
50 809.396 431.762 14.718 19.392 0.9703487754
51 456.796 433.468 15.708 18.290 0.9680985808
52 152.515 535.989 14.537 18.987 0.9666337371
53 519.896 373.356 15.235 21.171 0.9664497375
54 298.919 427.362 13.482 17.075 0.9653794765
55 305.518 453.529 13.406 19.026 0.9649384022
56 54.202 474.167 13.635 18.380 0.9646808505
57 208.262 345.636 14.746 20.344 0.9640584588
58 474.369 372.600 13.991 18.766 0.9627930522
59 173.051 586.268 15.850 22.504 0.9627389312
60 501.930 426.645 14.855 20.662 0.9624363780
61 515.322 484.951 15.174 20.647 0.9611682892
62 368.506 371.698 13.296 18.112 0.9586963058
63 436.608 452.296 13.622 19.737 0.9585945010
64 933.063 416.297 14.690 19.426 0.9564955831
65 887.400 553.841 19.927 26.655 0.9556069374
66 33.616 388.100 13.017 16.281 0.9550575018
67 347.841 479.976 12.973 16.698 0.9539457560
68 281.978 490.903 15.002 22.744 0.9533634782
69 685.881 373.557 13.186 18.086 0.9530181885
70 5.484 475.206 13.462 18.939 0.9496756196
71 461.646 395.948 15.243 19.273 0.9470372796
72 892.804 412.198 13.123 18.513 0.9465281963
73 635.367 523.083 14.828 22.571 0.9452300668
74 231.366 452.348 14.725 18.722 0.9394173622
75 922.417 525.282 15.321 21.299 0.9376246333
76 760.054 460.441 15.271 20.739 0.9366326928
77 348.581 508.996 14.164 19.519 0.9340462685
78 403.724 393.726 15.671 21.011 0.9318445325
79 589.292 372.247 13.145 18.369 0.9283702970
80 431.911 492.424 12.667 17.345 0.9232497215
81 529.344 349.658 13.235 16.614 0.9225715995
82 110.726 447.729 15.295 17.705 0.9187383056
83 615.769 348.907 13.145 17.086 0.9186773300
84 854.440 519.375 17.548 24.109 0.9164682627
85 873.276 440.433 13.818 19.279 0.9133034348
86 568.210 491.970 13.655 16.118 0.9093454480
87 631.178 431.217 14.356 18.169 0.9062562585
88 830.833 560.329 16.092 21.910 0.9001559019
