0 248.916 83.745 11.504 14.316 0.9902449846
1 35.294 83.816 12.924 16.191 0.9875684381
2 69.604 86.304 12.258 14.518 0.9839296341
3 45.558 55.865 11.582 14.172 0.9825388193
4 129.441 59.941 10.768 12.350 0.9808084965
5 129.858 86.564 12.244 14.949 0.9779731631
6 72.252 57.739 11.073 13.608 0.9745449424
7 222.811 52.717 11.561 14.813 0.9731345773
8 102.190 85.313 11.651 14.540 0.9690704346
9 277.882 85.720 11.614 14.344 0.9690107703
10 190.851 87.010 11.565 14.749 0.9687804580
11 273.484 32.871 10.622 13.438 0.9667429328
12 172.629 39.657 9.971 12.378 0.9647932053
13 98.503 58.188 10.887 13.723 0.9596258998
14 161.405 86.433 11.749 14.709 0.9572936296
15 143.356 46.182 9.491 11.429 0.9543858767
16 222.935 85.699 10.717 13.620 0.9516016245
17 188.290 58.637 10.731 13.335 0.9510390162
18 51.976 32.124 10.157 12.688 0.9507914782
19 160.178 58.938 10.658 13.229 0.9480260015
20 203.938 38.462 10.558 13.634 0.9449996948
21 16.949 57.808 11.161 13.887 0.9431648254
22 115.542 44.221 10.175 12.257 0.9410524964
23 191.117 17.600 9.605 11.808 0.9381568432
24 263.889 58.070 10.572 12.699 0.9321841598
25 242.007 26.174 10.961 13.521 0.9238305688
26 216.925 21.890 9.973 11.888 0.9120839238
