1 66.025 160.520 46.457 60.746 MZD 0
0 171.617 128.458 34.646 44.691 OTHERS 0
2 576.039 181.791 45.028 83.164 OTHERS -1
3 98.528 124.271 29.335 41.903 OTHERS -1
4 400.333 131.435 31.853 40.332 OTHERS 2
5 519.721 125.881 33.613 41.934 OTHERS -1
6 245.859 100.600 25.843 33.174 OTHERS -1
7 300.345 154.718 39.649 55.827 OTHERS 1
8 58.123 118.862 30.450 37.423 OTHERS -1
9 435.523 144.697 41.198 58.251 OTHERS 1
10 291.928 131.225 29.904 43.558 OTHERS -1
11 148.239 110.208 23.651 35.031 OTHERS -1
12 320.746 107.446 22.645 29.421 OTHERS -1
13 184.548 88.309 17.614 23.125 OTHERS -1
