0 803.892 406.945 44.593 84.022 OTHERS -1
1 1016.552 313.797 40.696 72.321 OTHERS -1
2 306.782 139.849 21.754 29.336 OTHERS -1
3 56.337 147.857 22.650 29.639 OTHERS -1
4 343.309 162.030 21.649 26.092 OTHERS -1
5 538.465 166.277 21.270 26.914 OTHERS -1
6 441.361 167.797 20.727 26.972 OTHERS -1
7 153.891 125.092 18.175 22.479 OTHERS -1
8 382.057 153.539 20.898 26.411 OTHERS -1
9 188.133 121.525 15.835 19.915 OTHERS -1
10 98.591 94.132 16.731 20.135 OTHERS -1
11 531.745 126.508 20.553 27.939 OTHERS -1
12 277.363 122.323 20.757 26.192 OTHERS -1
13 488.285 166.813 20.057 26.414 OTHERS -1
14 236.671 119.678 19.555 24.919 OTHERS -1
15 645.106 151.976 21.473 26.955 OTHERS -1
16 210.958 111.711 20.314 25.654 OTHERS -1
17 278.061 100.956 16.563 18.505 OTHERS -1
18 636.994 129.114 17.030 22.905 OTHERS -1
19 544.812 95.171 13.347 16.131 OTHERS -1
20 467.918 112.939 13.847 18.001 OTHERS -1
21 834.224 161.367 18.253 22.840 OTHERS -1
22 568.915 111.546 14.340 18.159 OTHERS -1
23 163.955 101.623 15.466 19.286 OTHERS -1
24 709.744 97.991 18.371 23.673 OTHERS -1
25 653.649 182.120 19.865 25.556 OTHERS -1
26 428.921 86.412 16.606 21.356 OTHERS -1
27 363.511 86.556 14.049 17.020 OTHERS -1
28 436.786 141.483 17.168 22.124 OTHERS -1
29 516.060 98.465 18.486 23.246 OTHERS -1
30 441.477 101.379 12.945 17.565 OTHERS -1
31 507.304 116.056 18.583 25.342 OTHERS -1
32 615.958 133.385 17.414 23.706 OTHERS -1
33 651.516 112.401 12.759 15.920 OTHERS -1
34 931.178 144.102 18.089 25.253 OTHERS -1
35 838.239 128.186 16.268 19.855 OTHERS -1
36 768.682 139.710 19.687 26.811 OTHERS -1
37 570.707 144.977 19.256 29.479 OTHERS -1
38 810.950 108.255 14.912 18.776 OTHERS -1
