0 284.023 135.384 21.910 28.967 MZD 0
1 103.895 138.617 25.597 31.055 OTHERS 0
2 202.385 44.285 21.154 26.897 OTHERS 0
3 39.362 60.546 21.784 25.405 OTHERS 0
4 346.208 40.827 19.262 24.335 OTHERS -1
5 274.482 53.385 20.313 28.193 OTHERS 0
6 152.647 51.825 21.305 25.760 OTHERS -1
7 73.261 70.049 20.823 25.728 OTHERS 0
8 237.726 51.779 20.593 27.637 OTHERS 0
9 360.375 56.517 20.254 25.410 OTHERS 0
10 319.578 60.840 20.751 25.104 OTHERS 0
11 392.997 29.560 20.517 25.234 OTHERS -1
12 114.917 83.607 18.278 23.471 OTHERS -1
13 294.601 51.834 18.053 22.767 OTHERS -1
14 94.386 57.543 20.371 23.279 OTHERS 2
