0 247.451 36.243 45.865 63.545 OTHERS -1
1 302.566 32.970 34.433 39.089 OTHERS -1
2 141.388 40.661 38.435 43.676 OTHERS -1
3 175.844 20.152 29.199 35.468 OTHERS -1
4 15.133 20.045 39.396 44.410 OTHERS -1
5 101.972 34.204 27.966 32.307 OTHERS -1
6 201.250 42.336 29.583 38.140 OTHERS -1
7 460.003 46.214 29.362 34.843 OTHERS -1
8 380.013 9.815 29.118 31.193 OTHERS -1
9 63.326 55.539 43.295 51.802 OTHERS -1
10 436.325 46.425 24.225 33.288 OTHERS -1
11 73.758 9.457 22.582 28.841 OTHERS -1
12 292.364 15.460 22.279 27.717 OTHERS -1
13 120.921 4.758 23.691 27.235 OTHERS -1
14 343.771 3.807 18.867 23.826 OTHERS -1
15 342.116 33.830 22.265 29.212 OTHERS -1
16 196.518 -0.880 22.485 22.295 OTHERS -1
17 160.629 5.918 17.405 20.588 OTHERS -1
18 263.574 7.335 21.197 25.939 OTHERS -1
19 443.530 1.897 20.436 24.690 OTHERS -1
20 432.977 15.327 13.012 15.837 OTHERS -1
21 487.624 5.847 16.516 26.174 OTHERS -1
22 466.537 13.322 18.564 22.267 OTHERS -1
