0 500.292 140.428 30.287 35.195 OTHERS -1
1 330.985 140.606 32.032 41.164 OTHERS -1
2 260.051 118.506 27.861 40.770 OTHERS -1
3 430.332 119.223 40.497 54.405 OTHERS -1
4 127.583 143.958 22.415 27.687 OTHERS -1
5 58.688 136.440 18.475 23.608 OTHERS -1
6 316.127 147.280 14.903 18.073 OTHERS -1
7 389.659 125.054 13.223 18.237 OTHERS -1
8 233.459 133.025 22.643 28.753 OTHERS -1
9 35.073 159.866 17.255 24.066 OTHERS -1
10 81.910 145.100 20.556 24.685 OTHERS -1
11 43.538 143.318 13.386 17.733 OTHERS -1
12 415.830 141.260 19.529 24.134 OTHERS -1
