0 364.310 179.804 21.854 29.216 OTHERS -1
1 76.794 189.840 20.911 29.658 OTHERS -1
2 9.230 191.269 22.547 28.447 OTHERS -1
3 268.883 95.326 19.109 25.782 OTHERS -1
4 137.279 101.134 18.377 24.113 OTHERS -1
5 115.275 149.306 20.722 27.811 OTHERS -1
6 294.765 183.685 21.112 28.600 OTHERS -1
7 245.126 145.155 19.397 27.197 OTHERS -1
8 319.176 158.162 20.263 27.346 OTHERS -1
9 271.161 129.068 20.429 26.791 OTHERS -1
10 351.876 131.190 20.002 26.753 OTHERS -1
11 108.140 119.000 19.321 25.898 OTHERS -1
12 81.349 136.817 18.995 26.109 OTHERS -1
13 205.185 97.054 17.094 23.513 OTHERS -1
14 216.077 186.889 20.915 26.843 OTHERS -1
15 380.317 147.795 20.651 27.022 OTHERS -1
16 18.634 135.114 20.628 24.483 OTHERS -1
17 298.226 116.876 18.848 25.609 OTHERS -1
18 47.398 121.553 19.026 24.585 OTHERS -1
19 182.420 149.948 19.681 26.455 OTHERS -1
20 174.888 118.183 18.711 24.595 OTHERS -1
21 149.035 186.510 20.667 25.019 OTHERS -1
22 207.889 135.719 20.242 26.339 OTHERS -1
23 234.631 113.853 18.919 26.018 OTHERS -1
24 148.656 134.503 19.374 27.282 OTHERS -1
25 48.466 155.432 20.617 26.644 OTHERS -1
