0 515.878 139.393 46.707 60.364 OTHERS -1
1 598.366 161.140 36.933 45.304 OTHERS -1
2 397.130 162.390 37.225 49.887 OTHERS -1
3 154.138 165.981 27.336 33.912 OTHERS -1
4 312.939 137.937 31.349 47.875 OTHERS -1
5 564.702 166.817 27.902 32.518 OTHERS -1
6 281.422 155.315 26.122 34.291 OTHERS -1
7 194.921 167.237 28.790 35.651 OTHERS -1
8 100.272 168.253 24.408 30.229 OTHERS -1
9 497.546 160.255 25.416 33.274 OTHERS -1
10 466.223 145.276 15.935 21.695 OTHERS -1
11 46.404 187.822 21.720 27.708 OTHERS -1
12 377.985 170.234 19.614 23.726 OTHERS -1
13 72.812 158.271 20.842 26.355 OTHERS -1
14 53.780 165.591 17.526 22.492 OTHERS -1
15 56.681 196.242 23.223 28.502 OTHERS -1
