1 141.776 136.394 49.555 76.948 MZD -1
0 410.041 150.107 35.326 43.546 OTHERS 2
2 547.446 148.031 48.889 52.796 OTHERS 2
3 350.511 160.492 46.251 61.108 OTHERS 2
4 248.187 127.947 35.814 45.957 OTHERS 2
5 337.711 121.680 35.926 41.274 OTHERS 0
6 428.732 108.974 31.922 40.448 OTHERS 0
7 461.867 31.239 29.454 35.349 OTHERS 0
8 582.018 68.622 28.246 32.978 OTHERS -1
9 255.419 27.990 27.261 35.490 OTHERS 0
10 540.395 32.556 26.401 32.740 OTHERS 2
11 49.534 116.107 42.053 51.686 OTHERS 0
12 312.465 137.066 27.357 35.988 OTHERS 0
13 166.995 43.280 22.346 29.217 OTHERS -1
14 396.897 59.646 19.603 25.159 OTHERS -1
15 376.735 67.933 18.840 24.077 OTHERS -1
