9 349.832 150.086 18.719 24.240 MZD 2
0 677.543 157.572 17.930 22.288 OTHERS -1
1 120.456 151.743 18.099 23.411 OTHERS -1
2 631.586 151.657 17.496 21.217 OTHERS 2
3 97.004 109.824 16.505 21.223 OTHERS -1
4 490.139 110.720 17.909 21.693 OTHERS -1
5 453.500 106.152 18.470 21.039 OTHERS -1
6 377.321 117.160 17.603 22.505 OTHERS -1
7 558.883 114.240 17.144 20.811 OTHERS -1
8 532.975 154.464 18.919 24.335 OTHERS 0
10 261.985 61.689 17.116 22.323 OTHERS -1
11 199.230 26.709 13.189 16.280 OTHERS -1
12 280.401 159.927 19.572 22.797 OTHERS 0
13 245.311 86.802 15.958 19.890 OTHERS -1
14 508.542 83.013 17.102 21.853 OTHERS -1
15 740.473 102.990 19.086 23.408 OTHERS -1
16 475.336 153.627 20.181 25.362 OTHERS -1
17 464.934 81.746 18.461 21.542 OTHERS -1
18 623.794 107.923 15.605 20.388 OTHERS -1
19 408.754 108.671 19.535 24.284 OTHERS -1
20 271.903 125.413 16.523 21.080 OTHERS -1
21 302.085 119.140 16.976 22.210 OTHERS -1
22 299.700 67.267 16.011 20.712 OTHERS -1
23 14.426 147.768 18.903 23.140 OTHERS -1
24 520.752 110.952 18.170 23.736 OTHERS -1
25 476.613 23.459 14.155 17.286 OTHERS -1
26 222.739 151.916 19.228 23.951 OTHERS -1
27 407.316 17.446 16.324 20.670 OTHERS -1
28 128.546 110.721 15.867 20.743 OTHERS -1
29 380.378 81.974 15.800 20.223 OTHERS -1
30 66.595 58.920 13.460 17.562 OTHERS -1
31 445.558 22.328 15.144 20.230 OTHERS -1
32 582.361 90.858 15.755 19.028 OTHERS -1
33 378.086 27.126 15.655 20.035 OTHERS -1
34 542.662 85.119 16.253 19.985 OTHERS -1
35 720.158 151.169 19.003 24.373 OTHERS -1
36 161.024 147.783 18.728 24.050 OTHERS -1
37 582.560 155.674 18.555 22.528 OTHERS -1
38 90.787 66.661 14.501 19.433 OTHERS -1
39 350.384 43.398 14.444 18.407 OTHERS -1
40 495.986 60.152 16.370 19.767 OTHERS -1
41 72.574 89.993 16.031 19.814 OTHERS -1
42 420.782 44.644 15.601 20.386 OTHERS -1
43 431.893 71.065 16.056 21.881 OTHERS -1
44 591.276 32.498 12.629 16.767 OTHERS -1
45 177.743 85.251 13.732 17.643 OTHERS -1
46 212.671 76.902 16.040 21.304 OTHERS -1
47 212.063 45.464 16.390 19.175 OTHERS -1
48 417.768 149.538 20.626 26.693 OTHERS 0
49 360.150 67.564 16.801 20.598 OTHERS -1
50 155.488 122.062 15.611 21.073 OTHERS -1
51 599.786 116.553 17.000 22.461 OTHERS -1
52 193.060 62.499 14.868 18.225 OTHERS -1
53 332.087 26.774 16.960 21.785 OTHERS -1
54 277.548 86.384 15.092 20.536 OTHERS -1
55 274.838 24.853 13.108 17.229 OTHERS -1
56 312.720 43.453 15.127 20.002 OTHERS -1
57 108.278 86.091 14.057 18.648 OTHERS -1
58 143.891 86.345 15.270 20.064 OTHERS -1
