7 223.947 35.663 40.062 53.934 MZD 0
0 41.172 88.482 57.086 68.623 OTHERS 0
1 358.174 34.927 54.272 72.706 OTHERS 0
2 305.127 80.988 34.534 42.525 OTHERS 2
3 268.742 44.702 30.322 37.543 OTHERS 2
4 157.342 17.793 31.944 39.163 OTHERS 0
5 122.167 76.378 32.428 48.105 OTHERS 2
6 179.257 70.357 32.322 40.263 OTHERS 2
8 316.992 45.139 27.933 33.376 OTHERS 2
9 187.907 18.240 25.767 33.196 OTHERS 2
10 282.500 20.563 26.778 30.773 OTHERS -1
11 294.848 143.849 37.897 50.844 OTHERS 2
12 148.283 123.948 39.958 53.533 OTHERS 2
13 251.932 1.111 24.639 28.980 OTHERS 2
14 115.722 9.996 21.185 34.706 OTHERS -1
15 324.496 4.062 23.740 27.924 OTHERS 0
16 143.610 61.052 29.676 37.900 OTHERS 2
17 219.388 9.208 25.322 28.957 OTHERS -1
18 21.445 15.563 18.410 23.318 OTHERS -1
19 282.767 -0.633 21.904 19.573 OTHERS -1
