0 81.142 261.758 56.204 76.508 OTHERS -1
1 289.738 262.702 56.303 75.965 OTHERS -1
2 466.803 256.199 51.988 68.988 OTHERS -1
3 618.256 254.780 45.732 65.802 OTHERS -1
4 1133.441 307.693 40.604 50.328 OTHERS -1
5 742.729 266.503 41.356 54.181 OTHERS -1
6 410.833 259.583 32.419 43.808 OTHERS -1
7 959.106 307.959 41.830 52.871 OTHERS -1
8 1198.759 294.623 35.166 47.878 OTHERS -1
9 862.154 311.575 37.722 50.256 OTHERS -1
10 383.886 -0.750 48.487 45.045 OTHERS -1
11 1051.167 277.071 39.205 47.549 OTHERS -1
