0 92.731 208.079 26.388 31.799 OTHERS -1
1 236.488 206.430 23.587 30.165 OTHERS -1
2 173.967 201.955 24.457 31.405 OTHERS -1
3 43.489 206.426 22.521 28.047 OTHERS -1
4 14.772 190.118 14.521 18.928 OTHERS -1
5 412.366 197.906 21.325 27.198 OTHERS -1
6 352.318 198.731 21.273 26.341 OTHERS -1
7 204.135 193.527 13.578 17.801 OTHERS -1
8 337.817 198.022 15.080 20.811 OTHERS -1
9 278.445 195.926 19.250 24.657 OTHERS -1
10 301.696 202.550 22.427 27.775 OTHERS -1
11 499.264 193.390 19.698 22.982 OTHERS -1
12 148.542 190.805 15.618 21.074 OTHERS -1
13 546.176 193.006 19.651 22.275 OTHERS -1
14 587.033 191.272 18.394 24.171 OTHERS -1
15 374.874 193.880 18.000 23.704 OTHERS -1
16 0.311 187.102 11.898 15.404 OTHERS -1
17 266.679 186.322 12.139 15.688 OTHERS -1
18 454.428 195.520 19.969 26.397 OTHERS -1
19 65.209 187.292 12.738 16.799 OTHERS -1
20 51.296 190.328 14.677 17.794 OTHERS -1
21 602.256 186.902 12.545 16.334 OTHERS -1
22 623.709 188.586 14.417 22.684 OTHERS -1
23 186.060 185.736 10.840 13.467 OTHERS -1
