1 206.213 110.126 14.314 18.577 MZD -1
0 96.014 123.141 13.522 17.221 OTHERS -1
2 188.662 90.434 12.581 16.017 OTHERS -1
3 327.755 121.143 13.582 16.540 OTHERS -1
4 47.905 99.782 13.273 17.350 OTHERS -1
5 72.933 81.585 12.500 15.961 OTHERS -1
6 280.253 90.117 13.048 16.297 OTHERS -1
7 264.131 98.646 12.500 15.665 OTHERS -1
8 75.254 102.999 12.218 15.076 OTHERS -1
9 311.399 88.374 13.054 16.782 OTHERS -1
10 351.002 102.454 13.821 17.804 OTHERS -1
11 24.698 130.324 14.925 18.180 OTHERS -1
12 143.557 75.867 12.404 15.862 OTHERS -1
13 265.439 72.538 12.228 15.347 OTHERS -1
14 93.217 89.116 12.252 15.337 OTHERS -1
15 207.089 84.322 12.129 15.217 OTHERS -1
16 131.083 120.698 13.259 16.043 OTHERS -1
17 169.547 92.111 12.391 15.406 OTHERS -1
18 101.495 105.692 12.640 15.826 OTHERS -1
19 35.694 80.585 13.040 16.357 OTHERS -1
20 58.959 123.941 13.607 17.346 OTHERS -1
21 236.054 144.951 12.398 15.932 OTHERS -1
22 113.398 94.900 12.423 15.426 OTHERS -1
23 155.679 106.109 11.608 14.691 OTHERS -1
24 180.802 159.497 13.116 15.877 OTHERS -1
25 179.384 75.957 11.266 14.049 OTHERS -1
26 360.743 127.643 13.305 16.457 OTHERS -1
27 130.057 100.695 12.456 14.975 OTHERS -1
28 164.427 118.566 12.735 16.165 OTHERS -1
29 309.422 114.243 13.965 17.115 OTHERS -1
30 246.544 79.229 11.576 14.616 OTHERS -1
31 289.271 114.720 13.978 18.512 OTHERS -1
32 245.807 109.792 13.077 15.937 OTHERS -1
33 225.841 92.204 12.839 16.552 OTHERS -1
