7 219.787 189.973 44.963 57.247 MZD 0
0 151.382 425.934 60.666 78.516 OTHERS 0
1 73.200 317.539 56.089 79.259 OTHERS 2
2 360.891 408.463 63.731 84.825 OTHERS 0
3 395.707 168.323 50.091 65.628 OTHERS 0
4 204.075 365.939 48.353 63.246 OTHERS 0
5 296.876 250.946 44.407 62.634 OTHERS 2
6 374.782 32.765 32.481 44.369 OTHERS 0
8 1.212 263.956 49.885 64.313 OTHERS 0
9 512.201 28.634 30.533 39.013 OTHERS 0
10 46.152 52.940 34.526 45.388 OTHERS -1
11 335.209 183.038 35.115 39.391 OTHERS 0
12 122.837 57.223 34.459 47.769 OTHERS 0
13 304.580 30.057 32.041 40.533 OTHERS 0
14 300.207 121.839 35.565 44.549 OTHERS 0
15 210.881 124.843 38.126 50.606 OTHERS 0
16 166.854 13.915 31.245 42.391 OTHERS 2
17 486.470 89.255 34.424 43.697 OTHERS 2
18 167.501 67.716 41.259 50.977 OTHERS 0
19 61.619 129.191 38.952 53.251 OTHERS 0
20 503.689 146.421 42.413 62.812 OTHERS 1
21 164.284 160.734 40.196 48.703 OTHERS 2
22 281.387 169.204 44.040 53.492 OTHERS 0
23 114.086 211.406 42.000 57.051 OTHERS 2
24 406.353 115.190 35.374 43.159 OTHERS -1
25 257.951 39.755 31.782 42.063 OTHERS 0
26 155.003 217.745 39.854 53.177 OTHERS 2
27 3.816 219.970 41.768 50.269 OTHERS -1
