3 128.167 22.372 21.846 27.309 MZD 0
0 201.177 21.119 31.285 39.168 OTHERS 0
1 24.698 52.301 31.855 34.783 OTHERS 0
2 82.728 70.453 24.877 30.884 OTHERS 2
4 89.934 10.047 18.192 23.392 OTHERS 2
5 160.308 11.770 15.340 17.736 OTHERS 2
6 108.009 11.769 12.900 16.409 OTHERS -1
7 152.127 25.792 17.628 21.352 OTHERS 0
8 170.804 45.819 20.457 25.294 OTHERS 2
9 181.142 26.642 14.929 18.107 OTHERS -1
10 101.330 40.303 18.244 22.202 OTHERS -1
11 166.634 81.532 20.786 25.725 OTHERS 2
12 69.901 44.242 20.286 26.321 OTHERS 2
