6 125.800 126.619 33.929 46.097 MZD 0
0 232.255 295.014 49.681 62.833 OTHERS 0
1 86.613 41.010 30.648 36.536 OTHERS 0
2 69.896 307.105 47.269 60.288 OTHERS 0
3 184.535 172.641 35.556 49.468 OTHERS 2
4 82.590 106.086 31.671 41.878 OTHERS 0
5 112.758 259.262 37.017 49.948 OTHERS 0
7 12.032 224.674 41.913 58.692 OTHERS 2
8 118.454 80.076 28.310 38.311 OTHERS 0
9 173.950 110.649 33.148 42.332 OTHERS 0
10 45.689 144.468 31.301 43.543 OTHERS -1
11 260.705 112.927 38.501 50.006 OTHERS 0
12 266.660 70.848 33.050 43.061 OTHERS -1
13 52.995 29.197 26.333 38.693 OTHERS -1
14 75.527 148.517 30.630 40.297 OTHERS 0
15 187.392 78.296 26.917 33.701 OTHERS -1
16 214.325 123.848 26.572 29.645 OTHERS 2
17 191.319 11.959 23.568 30.773 OTHERS 0
18 244.523 17.143 23.281 30.701 OTHERS 2
19 7.456 83.005 29.320 40.168 OTHERS 2
20 155.225 18.184 23.655 32.806 OTHERS -1
21 85.903 0.885 24.130 30.299 OTHERS 0
