0 300.692 126.204 32.055 46.803 MZD 1
1 46.988 146.849 25.685 34.499 OTHERS 2
2 103.305 151.637 23.025 30.768 OTHERS -1
3 154.874 159.288 21.506 29.441 OTHERS 1
4 45.732 91.779 22.550 30.006 OTHERS 2
5 101.056 97.460 22.296 28.522 OTHERS 2
6 203.413 80.473 17.380 22.873 OTHERS -1
7 210.663 112.177 17.812 23.074 OTHERS 2
8 56.419 50.663 20.285 28.583 OTHERS -1
9 302.273 29.778 12.749 16.566 OTHERS -1
10 141.595 83.009 17.600 22.160 OTHERS -1
11 175.798 49.277 16.611 21.518 OTHERS -1
12 176.616 76.078 17.712 21.985 OTHERS -1
