0 254.684 301.412 17.460 19.136 OTHERS -1
1 201.989 304.736 17.497 20.424 OTHERS -1
2 434.202 307.163 16.737 18.953 OTHERS -1
3 394.881 207.332 15.713 19.015 OTHERS -1
4 54.030 212.345 17.067 20.006 OTHERS -1
5 444.999 214.530 17.270 20.586 OTHERS -1
6 489.319 217.415 16.504 18.984 OTHERS -1
7 485.186 311.946 18.308 20.792 OTHERS -1
8 352.683 215.492 17.063 19.037 OTHERS -1
9 280.735 207.523 16.218 18.596 OTHERS -1
10 98.524 222.930 18.394 20.655 OTHERS -1
11 311.826 303.510 16.949 19.593 OTHERS -1
12 383.247 307.244 17.380 19.312 OTHERS -1
13 146.885 207.741 16.676 22.160 OTHERS -1
14 245.276 213.418 14.462 16.790 OTHERS -1
