0 187.298 42.261 56.737 86.992 OTHERS -1
1 234.173 432.079 37.567 45.581 OTHERS -1
2 143.075 27.407 45.232 73.393 OTHERS -1
3 149.620 192.615 27.802 31.828 OTHERS -1
4 366.644 191.860 44.561 49.957 OTHERS -1
5 361.982 449.266 28.971 35.994 OTHERS -1
6 57.548 195.523 20.592 34.616 OTHERS -1
7 88.256 510.506 44.387 48.501 OTHERS -1
8 97.815 221.244 24.527 32.780 OTHERS -1
9 247.415 200.553 24.187 30.259 OTHERS -1
10 439.096 223.294 33.658 49.302 OTHERS -1
11 513.189 40.817 17.746 22.326 OTHERS -1
12 90.115 35.693 27.591 49.387 OTHERS -1
13 50.215 5.586 36.687 54.257 OTHERS -1
14 248.303 14.043 25.751 34.202 OTHERS -1
15 283.331 48.083 19.053 23.792 OTHERS -1
16 130.496 212.637 9.593 12.389 OTHERS -1
17 342.477 41.035 18.444 23.692 OTHERS -1
18 317.897 46.085 22.616 25.682 OTHERS -1
19 401.417 33.866 21.990 24.363 OTHERS -1
20 65.738 454.698 10.203 12.504 OTHERS -1
21 435.817 50.937 15.281 18.911 OTHERS -1
22 33.009 13.395 23.776 41.323 OTHERS -1
23 174.424 451.166 9.490 14.257 OTHERS -1
