0 608.037 114.533 27.161 33.763 OTHERS 0
1 552.569 68.211 23.957 31.387 OTHERS -1
2 586.103 81.012 22.055 28.973 OTHERS -1
3 397.799 13.906 17.467 20.779 OTHERS -1
4 28.858 9.978 14.896 18.327 OTHERS -1
5 88.554 5.194 16.647 21.108 OTHERS -1
6 442.455 20.515 16.960 22.752 OTHERS -1
7 107.159 20.473 18.570 22.385 OTHERS -1
8 365.939 52.127 17.013 22.497 OTHERS -1
9 455.206 63.154 20.387 24.629 OTHERS -1
10 241.698 -0.051 17.349 22.149 OTHERS -1
11 493.172 50.243 21.438 25.079 OTHERS -1
12 381.260 65.148 19.754 25.211 OTHERS -1
13 338.266 58.625 20.049 24.100 OTHERS -1
14 218.872 27.241 17.729 23.858 OTHERS -1
15 65.296 26.432 19.950 27.217 OTHERS -1
16 177.400 30.404 19.685 23.883 OTHERS -1
17 356.090 11.862 13.783 16.992 OTHERS -1
18 60.566 0.925 17.445 17.683 OTHERS -1
19 165.444 10.381 15.140 18.081 OTHERS -1
20 368.332 24.945 20.918 24.634 OTHERS -1
21 315.351 21.771 20.942 23.780 OTHERS -1
