0 109.330 164.382 34.202 49.673 OTHERS -1
1 191.702 147.075 23.250 37.372 OTHERS -1
2 79.472 98.168 14.413 19.137 OTHERS -1
3 18.809 100.664 17.400 22.557 OTHERS -1
4 255.262 145.607 22.179 28.804 OTHERS -1
5 300.311 136.676 19.238 23.762 OTHERS -1
6 81.494 131.607 18.774 25.559 OTHERS -1
7 232.732 107.900 12.900 17.605 OTHERS -1
8 37.829 84.507 14.052 19.494 OTHERS -1
9 220.518 91.697 10.366 13.623 OTHERS -1
10 190.751 113.183 14.602 20.522 OTHERS -1
11 266.114 107.565 11.542 15.575 OTHERS -1
12 211.726 76.953 8.858 11.989 OTHERS -1
13 142.325 113.694 13.778 20.502 OTHERS -1
14 128.662 101.955 12.330 14.764 OTHERS -1
15 346.717 121.096 14.498 19.918 OTHERS -1
16 74.261 68.094 8.381 10.783 OTHERS -1
17 110.701 81.243 10.659 14.275 OTHERS -1
18 48.369 74.981 10.078 13.689 OTHERS -1
19 10.523 60.585 8.228 9.969 OTHERS -1
