7 132.652 175.063 25.307 29.815 JZM 2
0 91.294 154.215 15.514 20.496 OTHERS -1
1 147.407 54.766 12.482 16.620 OTHERS -1
2 113.312 79.929 11.761 15.422 OTHERS -1
3 180.557 165.546 19.263 23.399 OTHERS 2
4 175.388 57.294 12.596 16.150 OTHERS -1
5 65.033 188.768 21.411 27.116 OTHERS 0
6 50.622 115.262 14.091 18.378 OTHERS -1
8 44.196 154.020 16.871 21.724 OTHERS 0
9 116.115 59.294 11.863 15.267 OTHERS -1
10 68.283 82.452 13.137 17.196 OTHERS -1
11 209.153 113.506 13.729 17.924 OTHERS 0
12 194.271 26.962 12.729 16.393 OTHERS -1
13 101.596 115.487 13.648 17.399 OTHERS -1
14 136.575 154.506 12.679 16.817 OTHERS -1
15 172.140 125.136 16.149 19.486 OTHERS -1
16 22.072 103.585 12.988 15.905 OTHERS -1
17 70.706 102.109 12.097 16.119 OTHERS -1
