0 478.497 165.113 53.176 70.537 JZM 0
1 806.969 157.897 51.647 60.897 OTHERS 0
2 605.673 185.051 30.527 42.720 OTHERS 0
3 379.565 174.087 31.688 44.543 OTHERS 2
4 726.976 207.781 32.951 44.070 OTHERS 2
5 910.961 164.737 34.589 44.332 OTHERS 0
6 223.883 153.727 27.225 38.064 OTHERS 1
7 860.827 184.827 29.274 39.349 OTHERS -1
8 81.629 228.658 32.034 51.661 OTHERS 1
9 316.361 154.664 39.146 55.051 OTHERS 1
10 10.193 340.403 42.124 63.032 OTHERS -1
11 42.442 134.618 37.224 54.560 OTHERS 1
12 690.188 207.905 14.848 18.242 OTHERS -1
13 651.641 188.927 13.113 17.408 OTHERS -1
14 894.481 184.335 22.244 30.687 OTHERS -1
15 695.851 186.856 12.510 17.130 OTHERS -1
16 160.214 302.813 28.519 45.317 OTHERS -1
17 518.719 161.831 38.814 54.615 OTHERS -1
18 578.071 194.980 12.347 16.058 OTHERS -1
19 708.863 185.107 11.855 13.693 OTHERS -1
20 788.422 185.531 16.618 21.637 OTHERS -1
21 666.944 184.571 11.743 16.192 OTHERS -1
