0 340.696 92.551 11.972 14.941 OTHERS -1
1 128.357 131.910 11.449 14.429 OTHERS -1
2 213.107 159.029 12.610 15.338 OTHERS -1
3 273.121 118.326 12.016 14.812 OTHERS -1
4 176.587 154.499 12.041 15.101 OTHERS -1
5 259.917 112.211 10.999 14.143 OTHERS -1
6 300.658 127.339 10.935 13.864 OTHERS -1
7 224.921 107.299 11.132 14.008 OTHERS -1
8 244.350 123.274 11.132 14.285 OTHERS -1
9 339.910 128.151 12.250 15.905 OTHERS -1
10 147.901 118.270 10.963 13.821 OTHERS -1
11 356.987 120.072 11.198 13.899 OTHERS -1
12 117.978 117.992 11.195 14.309 OTHERS -1
13 111.170 164.167 11.792 15.064 OTHERS -1
14 102.210 91.925 9.698 11.869 OTHERS -1
15 317.723 126.581 11.401 14.089 OTHERS -1
16 101.475 134.018 10.878 13.820 OTHERS -1
17 128.035 97.960 10.926 13.179 OTHERS -1
18 399.522 125.820 12.174 15.500 OTHERS -1
19 109.104 108.348 11.627 13.911 OTHERS -1
20 354.431 96.572 11.480 14.652 OTHERS -1
21 245.710 159.524 12.358 15.522 OTHERS -1
22 344.641 111.554 10.730 13.245 OTHERS -1
23 287.660 155.439 12.200 15.008 OTHERS -1
24 140.119 158.410 11.934 15.182 OTHERS -1
25 285.305 90.405 10.712 13.461 OTHERS -1
26 290.194 113.714 10.724 13.641 OTHERS -1
27 115.885 97.296 9.828 12.284 OTHERS -1
28 347.028 155.735 12.230 15.005 OTHERS -1
29 317.113 155.492 12.308 15.340 OTHERS -1
30 89.418 117.380 11.449 14.124 OTHERS -1
31 296.381 93.641 10.914 13.742 OTHERS -1
32 141.161 89.875 10.385 13.303 OTHERS -1
33 65.307 134.179 12.009 14.566 OTHERS -1
34 214.168 123.173 11.120 13.774 OTHERS -1
35 135.969 114.692 10.310 13.250 OTHERS -1
36 385.773 125.862 11.808 14.923 OTHERS -1
37 31.315 122.285 11.292 14.306 OTHERS -1
38 396.438 103.502 11.797 14.479 OTHERS -1
39 325.627 114.395 11.454 14.088 OTHERS -1
40 306.862 108.857 10.627 13.900 OTHERS -1
41 190.096 85.330 10.142 12.455 OTHERS -1
42 319.089 94.375 10.386 13.308 OTHERS -1
43 367.443 86.488 10.756 13.503 OTHERS -1
44 378.937 153.829 12.457 15.725 OTHERS -1
45 212.157 97.109 10.442 12.863 OTHERS -1
46 379.493 95.796 10.446 12.678 OTHERS -1
47 329.001 102.797 10.473 12.425 OTHERS -1
48 96.785 105.730 10.311 12.419 OTHERS -1
49 86.884 92.820 9.864 11.958 OTHERS -1
50 53.855 122.053 11.104 13.693 OTHERS -1
51 279.069 106.291 10.524 13.076 OTHERS -1
52 166.625 87.672 10.323 12.784 OTHERS -1
53 182.147 98.559 10.550 12.879 OTHERS -1
54 175.250 114.500 11.080 13.872 OTHERS -1
55 158.478 128.526 12.493 15.223 OTHERS -1
56 238.115 110.589 10.947 13.299 OTHERS -1
57 330.534 81.361 10.287 12.837 OTHERS -1
58 256.173 87.829 9.397 12.123 OTHERS -1
59 159.956 107.925 10.916 13.489 OTHERS -1
60 73.311 101.987 9.990 12.398 OTHERS -1
61 185.498 129.291 10.947 13.572 OTHERS -1
62 195.741 104.102 10.302 12.520 OTHERS -1
63 309.455 88.822 9.668 11.821 OTHERS -1
64 234.767 83.664 10.197 12.401 OTHERS -1
