0 466.554 74.699 16.251 20.119 OTHERS -1
1 174.264 75.841 15.259 19.006 OTHERS -1
2 484.193 68.251 14.195 18.695 OTHERS -1
3 276.474 71.312 13.178 17.645 OTHERS -1
4 534.353 65.716 14.839 19.179 OTHERS -1
5 329.777 76.932 14.287 19.913 OTHERS -1
6 129.324 93.179 14.280 17.949 OTHERS -1
7 313.742 80.076 14.130 17.234 OTHERS -1
8 16.449 89.958 13.352 17.601 OTHERS -1
9 440.683 68.000 13.880 20.956 OTHERS -1
10 227.997 78.239 13.382 16.365 OTHERS -1
11 110.845 98.624 10.128 14.833 OTHERS -1
12 78.137 87.506 13.567 18.242 OTHERS -1
