2 266.950 88.527 26.483 34.586 JZM 2
0 457.142 81.618 27.753 38.120 OTHERS 2
1 42.250 70.897 28.243 34.753 OTHERS 0
3 185.067 85.833 25.683 32.705 OTHERS 0
4 436.334 101.247 24.138 32.520 OTHERS -1
5 340.155 79.437 23.228 35.223 OTHERS 1
6 122.738 99.016 22.936 28.292 OTHERS 2
7 215.708 104.079 20.245 23.238 OTHERS -1
8 16.144 77.832 21.866 26.318 OTHERS 2
9 72.421 92.966 20.334 24.983 OTHERS -1
10 394.317 112.567 21.601 29.047 OTHERS -1
11 421.070 115.284 18.404 26.174 OTHERS -1
12 240.675 113.341 16.436 20.659 OTHERS -1
13 167.809 91.864 18.162 25.141 OTHERS -1
