0 340.898 282.880 30.595 39.207 OTHERS -1
1 37.505 252.513 30.994 38.164 OTHERS -1
2 490.120 292.588 31.577 38.132 OTHERS -1
3 569.774 154.617 26.964 33.373 OTHERS -1
4 159.290 133.339 27.389 37.826 OTHERS -1
5 24.537 121.450 27.357 34.633 OTHERS -1
6 572.775 280.009 31.159 37.993 OTHERS -1
7 214.804 273.032 27.984 35.175 OTHERS -1
8 198.907 140.448 26.696 32.542 OTHERS -1
9 136.584 253.958 31.602 40.271 OTHERS -1
10 408.887 286.777 29.026 36.329 OTHERS -1
11 519.849 154.666 25.995 35.795 OTHERS -1
12 271.025 142.946 26.208 33.127 OTHERS -1
13 466.990 158.694 24.857 32.758 OTHERS -1
14 80.076 127.112 27.988 34.292 OTHERS -1
15 308.097 146.221 27.015 34.564 OTHERS -1
16 116.164 129.971 27.071 31.435 OTHERS -1
17 283.564 274.663 28.013 34.969 OTHERS -1
18 356.923 160.179 25.615 33.513 OTHERS -1
19 237.696 133.284 25.524 33.510 OTHERS -1
20 548.712 165.808 23.423 30.770 OTHERS -1
21 446.015 168.736 23.268 30.099 OTHERS -1
22 413.262 164.220 25.870 30.015 OTHERS -1
23 332.903 160.442 23.058 31.200 OTHERS -1
24 390.152 161.406 22.758 29.908 OTHERS -1
25 143.829 125.825 22.284 33.394 OTHERS -1
