3 244.818 65.417 20.911 27.235 JZM 2
0 89.745 63.132 17.363 20.464 OTHERS 0
1 209.976 30.944 17.802 23.856 OTHERS -1
2 173.040 47.892 21.144 29.832 OTHERS 2
4 311.299 65.152 20.946 28.236 OTHERS 0
5 308.647 16.798 19.165 25.718 OTHERS -1
6 38.607 79.296 19.662 26.845 OTHERS 0
7 254.198 28.768 18.487 23.894 OTHERS -1
8 291.122 44.416 18.895 25.047 OTHERS -1
9 391.233 64.597 19.679 26.423 OTHERS 0
10 160.521 27.424 16.579 22.350 OTHERS -1
11 107.038 87.719 19.435 24.249 OTHERS 0
12 358.916 25.020 19.629 26.940 OTHERS 0
13 110.931 26.720 18.796 24.709 OTHERS 0
14 45.785 38.889 19.538 25.762 OTHERS 0
