16 155.445 129.567 9.264 11.515 JZM -1
0 77.870 130.950 9.064 11.161 OTHERS -1
1 54.876 105.859 8.371 10.831 OTHERS -1
2 163.654 108.882 8.794 11.123 OTHERS -1
3 118.182 132.686 8.883 11.013 OTHERS -1
4 237.333 102.484 7.521 9.649 OTHERS -1
5 95.901 110.102 7.972 10.271 OTHERS -1
6 76.117 106.437 8.221 10.511 OTHERS -1
7 137.540 112.306 8.660 10.634 OTHERS -1
8 33.420 131.554 9.266 11.630 OTHERS -1
9 33.950 107.474 8.387 10.571 OTHERS -1
10 90.799 104.707 7.679 9.773 OTHERS -1
11 224.260 102.713 7.643 9.749 OTHERS -1
12 260.392 102.891 8.337 10.485 OTHERS -1
13 210.196 109.220 8.091 9.990 OTHERS -1
14 206.790 99.304 7.971 9.667 OTHERS -1
15 118.556 108.924 7.836 9.872 OTHERS -1
17 231.640 103.023 7.440 9.786 OTHERS -1
18 196.161 131.620 8.381 10.524 OTHERS -1
