14 264.392 67.021 17.274 21.983 JZM -1
0 363.225 64.371 24.590 32.941 OTHERS -1
1 346.235 24.852 14.689 18.852 OTHERS -1
2 328.021 31.893 12.211 15.665 OTHERS -1
3 75.791 91.792 13.693 16.169 OTHERS -1
4 115.198 83.957 14.417 17.981 OTHERS -1
5 336.009 62.429 13.967 17.929 OTHERS -1
6 207.709 71.923 13.805 17.538 OTHERS -1
7 227.933 67.759 11.233 14.911 OTHERS -1
8 158.900 76.059 13.643 17.429 OTHERS -1
9 281.806 39.167 12.191 15.295 OTHERS -1
10 305.497 37.154 12.091 15.352 OTHERS -1
11 8.492 51.048 15.010 19.360 OTHERS -1
12 267.987 39.623 10.899 13.454 OTHERS -1
13 87.646 81.816 12.742 16.660 OTHERS -1
15 122.327 54.596 11.945 15.087 OTHERS -1
16 396.196 14.046 17.516 22.955 OTHERS -1
17 59.839 46.261 12.357 16.219 OTHERS -1
18 244.391 46.980 11.514 15.246 OTHERS -1
19 89.834 49.969 10.758 13.036 OTHERS -1
20 20.406 99.969 15.229 18.435 OTHERS -1
21 295.894 28.405 9.159 11.800 OTHERS -1
22 25.926 56.016 11.613 14.712 OTHERS -1
23 307.127 23.805 9.757 11.756 OTHERS -1
