13 134.828 44.366 11.451 16.046 JZM -1
0 95.419 151.271 12.949 15.957 OTHERS -1
1 200.872 142.777 14.920 17.358 OTHERS -1
2 240.247 51.239 11.374 13.758 OTHERS -1
3 112.841 89.154 11.819 14.334 OTHERS -1
4 56.711 47.704 10.810 13.829 OTHERS -1
5 253.936 86.118 12.660 14.520 OTHERS -1
6 276.080 48.330 11.728 15.165 OTHERS -1
7 83.228 88.704 12.502 14.245 OTHERS -1
8 219.352 92.698 11.025 13.021 OTHERS -1
9 87.622 44.353 11.129 14.686 OTHERS -1
10 150.454 44.303 10.740 14.091 OTHERS -1
11 11.068 50.271 12.778 15.207 OTHERS -1
12 105.372 53.630 11.015 12.989 OTHERS -1
14 41.753 46.417 11.170 14.412 OTHERS -1
15 123.167 50.799 10.135 12.806 OTHERS -1
16 74.046 44.818 11.757 15.537 OTHERS -1
17 14.700 96.848 11.099 13.180 OTHERS -1
18 211.401 50.131 12.321 15.626 OTHERS -1
19 194.445 48.020 11.118 13.911 OTHERS -1
20 186.953 88.976 11.168 13.664 OTHERS -1
21 289.027 88.171 11.485 15.078 OTHERS -1
22 151.655 142.420 12.448 14.151 OTHERS -1
