0 315.710 108.122 23.092 33.909 JZM -1
1 18.468 136.247 24.607 31.152 OTHERS -1
2 126.513 142.017 14.160 18.897 OTHERS -1
3 404.753 120.120 14.447 18.371 OTHERS -1
4 146.420 90.312 11.483 14.221 OTHERS -1
5 115.813 110.606 14.132 17.695 OTHERS -1
6 40.201 110.152 16.890 21.168 OTHERS -1
7 62.056 79.149 13.290 16.553 OTHERS -1
8 86.968 105.377 13.786 19.661 OTHERS -1
9 118.357 85.717 12.944 16.906 OTHERS -1
10 60.177 33.447 14.339 18.422 OTHERS -1
11 30.009 8.584 13.455 15.926 OTHERS -1
12 73.204 18.912 11.211 14.548 OTHERS -1
13 178.269 138.728 20.091 26.731 OTHERS -1
14 394.738 132.718 11.207 14.095 OTHERS -1
15 169.368 110.259 12.279 15.779 OTHERS -1
16 21.087 40.901 18.051 21.232 OTHERS -1
17 138.800 70.127 11.911 14.324 OTHERS -1
