0 197.530 89.944 8.552 10.393 OTHERS -1
1 126.611 57.177 8.532 10.483 OTHERS -1
2 11.391 86.985 9.980 11.414 OTHERS -1
3 368.641 101.152 10.458 12.869 OTHERS -1
4 38.348 87.706 9.340 11.484 OTHERS -1
5 90.943 91.293 8.566 10.618 OTHERS -1
6 158.539 70.371 8.376 10.328 OTHERS -1
7 301.375 72.827 9.398 11.792 OTHERS -1
8 173.803 55.980 8.158 9.799 OTHERS -1
9 28.960 74.619 8.282 10.329 OTHERS -1
10 184.149 75.091 8.046 10.161 OTHERS -1
11 39.575 55.475 8.295 10.117 OTHERS -1
12 74.423 106.497 8.934 11.174 OTHERS -1
13 264.801 87.409 8.790 11.230 OTHERS -1
14 354.700 58.419 8.064 9.682 OTHERS -1
15 291.477 104.317 8.723 10.773 OTHERS -1
16 125.257 104.663 8.185 10.170 OTHERS -1
17 230.384 47.625 8.268 10.113 OTHERS -1
18 230.127 70.611 7.914 9.645 OTHERS -1
19 169.833 87.408 8.413 10.348 OTHERS -1
20 134.371 71.502 8.369 9.887 OTHERS -1
21 88.743 47.841 8.384 9.929 OTHERS -1
22 310.763 59.475 8.102 9.641 OTHERS -1
23 153.007 106.417 8.170 9.911 OTHERS -1
24 317.123 105.041 8.075 10.117 OTHERS -1
25 205.297 68.143 8.926 10.934 OTHERS -1
26 195.855 58.553 8.422 10.713 OTHERS -1
27 240.495 104.855 8.197 10.075 OTHERS -1
