0 135.233 90.901 46.007 59.752 OTHERS -1
1 344.660 78.164 35.237 46.810 OTHERS -1
2 412.455 78.238 37.908 47.517 OTHERS -1
3 531.574 91.292 29.790 34.932 OTHERS -1
4 360.195 54.471 29.089 32.774 OTHERS -1
5 303.673 59.452 33.805 41.112 OTHERS -1
6 82.281 66.425 43.835 52.787 OTHERS -1
7 223.816 49.979 41.492 52.591 OTHERS -1
8 53.886 48.566 32.556 47.106 OTHERS -1
9 389.556 68.978 25.847 38.003 OTHERS -1
10 175.997 68.920 29.091 41.512 OTHERS -1
11 202.567 65.470 26.907 41.519 OTHERS -1
12 439.233 58.059 34.582 47.659 OTHERS -1
13 258.555 54.861 21.191 34.695 OTHERS -1
