1 338.675 108.301 54.683 65.618 DXP 2
2 245.142 55.544 53.030 67.708 JZM 0
0 137.019 52.550 50.315 72.660 OTHERS 1
3 17.741 54.181 52.940 89.261 OTHERS -1
4 438.480 89.370 44.906 65.930 OTHERS 1
5 74.957 -0.029 34.668 41.918 OTHERS 2
6 209.073 66.296 31.735 44.342 OTHERS -1
7 221.504 21.096 26.506 29.300 OTHERS -1
8 301.093 97.899 28.080 33.505 OTHERS -1
9 327.600 12.827 20.089 24.959 OTHERS -1
10 427.242 29.706 15.093 20.126 OTHERS -1
11 384.755 5.279 15.133 19.222 OTHERS -1
12 365.007 17.762 15.567 24.825 OTHERS -1
