0 523.899 179.735 35.068 47.692 OTHERS -1
1 406.113 206.134 23.684 35.691 OTHERS -1
2 260.194 194.256 15.772 19.447 OTHERS -1
3 446.158 209.134 16.293 20.942 OTHERS -1
4 470.238 207.404 12.866 16.433 OTHERS -1
5 314.006 200.985 24.683 49.889 OTHERS -1
6 567.005 144.096 8.448 10.695 OTHERS -1
7 235.381 208.994 19.426 25.842 OTHERS -1
8 476.504 224.436 15.083 23.485 OTHERS -1
9 506.702 199.229 15.834 22.117 OTHERS -1
10 293.289 186.429 14.952 21.123 OTHERS -1
11 384.418 209.643 16.205 25.165 OTHERS -1
