15 291.211 242.482 16.873 21.329 JZM 2
0 146.998 244.841 16.482 19.946 OTHERS 2
1 305.526 203.858 15.767 20.346 OTHERS 2
2 144.487 198.473 15.181 19.184 OTHERS -1
3 259.494 210.572 13.907 18.634 OTHERS -1
4 484.552 194.131 13.933 17.438 OTHERS 2
5 204.200 191.435 13.516 16.442 OTHERS -1
6 494.152 217.359 14.224 17.020 OTHERS -1
7 66.495 202.029 14.455 17.045 OTHERS -1
8 522.728 244.520 17.389 21.600 OTHERS -1
9 386.616 187.105 13.616 16.436 OTHERS -1
10 365.190 245.119 17.041 21.626 OTHERS 0
11 180.030 205.985 15.280 19.109 OTHERS -1
12 391.557 204.255 13.253 17.092 OTHERS -1
13 328.479 186.070 13.800 16.446 OTHERS -1
14 221.952 247.316 15.680 19.819 OTHERS -1
16 291.888 182.656 13.500 15.395 OTHERS -1
17 221.908 204.120 14.199 17.900 OTHERS -1
18 64.149 244.766 19.044 23.122 OTHERS 0
19 435.883 192.120 13.860 17.720 OTHERS -1
20 356.299 184.836 13.552 16.491 OTHERS -1
21 233.367 185.679 12.222 15.169 OTHERS -1
22 349.111 203.180 14.043 17.005 OTHERS -1
23 418.690 192.051 13.189 16.903 OTHERS -1
24 456.460 246.557 15.771 20.548 OTHERS -1
25 105.100 198.925 14.963 19.238 OTHERS -1
26 170.497 194.777 12.526 16.157 OTHERS -1
27 124.978 195.896 10.353 13.558 OTHERS -1
28 265.509 184.147 13.450 16.315 OTHERS -1
29 449.177 191.551 12.878 17.578 OTHERS -1
30 94.533 201.741 12.334 17.034 OTHERS -1
