0 315.059 43.982 55.664 73.455 OTHERS -1
1 523.056 96.684 22.416 27.330 OTHERS -1
2 437.651 89.845 18.215 23.952 OTHERS -1
3 278.351 111.859 15.553 19.065 OTHERS -1
4 504.371 103.446 18.545 23.719 OTHERS -1
5 249.641 104.996 15.860 21.806 OTHERS -1
6 474.603 105.835 18.287 23.419 OTHERS -1
7 296.780 105.401 12.987 17.765 OTHERS -1
8 176.923 112.624 15.280 17.841 OTHERS -1
9 146.758 123.936 11.713 14.978 OTHERS -1
10 206.604 123.365 11.365 14.472 OTHERS -1
11 115.551 104.829 14.500 20.179 OTHERS -1
