0 54.006 135.680 9.791 11.959 OTHERS -1
1 107.592 81.891 9.211 11.479 OTHERS -1
2 307.378 120.171 9.382 11.835 OTHERS -1
3 337.778 113.310 10.145 12.565 OTHERS -1
4 178.609 82.313 10.233 12.705 OTHERS -1
5 32.786 133.005 9.848 12.326 OTHERS -1
6 292.151 82.280 8.969 11.758 OTHERS -1
7 244.819 126.661 9.361 11.879 OTHERS -1
8 72.271 135.977 9.564 11.894 OTHERS -1
9 284.746 120.500 9.701 11.960 OTHERS -1
10 264.403 123.827 9.150 11.043 OTHERS -1
11 2.820 129.972 10.190 12.221 OTHERS -1
12 224.318 82.932 8.989 11.527 OTHERS -1
13 269.059 86.103 8.493 10.517 OTHERS -1
14 217.069 125.800 9.837 11.846 OTHERS -1
15 91.235 131.089 9.457 11.399 OTHERS -1
16 323.972 124.357 9.229 11.423 OTHERS -1
17 11.065 82.618 9.831 12.129 OTHERS -1
18 159.875 124.814 10.104 11.642 OTHERS -1
19 247.033 80.455 8.317 10.239 OTHERS -1
20 63.157 84.007 9.496 11.591 OTHERS -1
21 111.855 123.777 8.763 11.052 OTHERS -1
22 155.775 83.348 8.223 10.509 OTHERS -1
23 143.772 84.698 8.556 10.651 OTHERS -1
