7 301.132 77.723 43.437 51.583 JZM 2
0 228.305 73.055 35.310 41.436 OTHERS 2
1 92.994 79.497 30.710 36.812 OTHERS 0
2 41.183 87.874 37.792 45.438 OTHERS 2
3 189.534 44.398 28.330 36.272 OTHERS 0
4 380.753 183.957 57.052 86.893 OTHERS -1
5 133.322 99.486 38.747 50.455 OTHERS 0
6 162.271 76.389 29.645 36.309 OTHERS 0
8 281.547 59.825 26.365 34.144 OTHERS -1
9 392.756 49.315 29.674 37.567 OTHERS -1
10 382.048 104.230 45.872 54.178 OTHERS -1
11 119.582 46.712 25.160 28.593 OTHERS -1
12 458.813 31.978 28.246 33.949 OTHERS -1
13 119.505 77.749 20.915 28.635 OTHERS -1
14 0.260 122.184 28.608 59.823 OTHERS -1
15 266.699 46.915 23.232 26.612 OTHERS -1
