7 206.867 122.972 21.857 28.975 JZM -1
0 51.818 96.104 25.310 33.226 OTHERS 2
1 453.149 126.728 22.935 28.781 OTHERS 0
2 279.611 134.841 19.691 24.047 OTHERS 0
3 384.084 139.346 15.486 18.140 OTHERS -1
4 256.992 144.078 15.419 19.297 OTHERS -1
5 147.766 114.383 22.032 28.507 OTHERS 2
6 181.114 131.619 18.198 24.075 OTHERS -1
8 327.436 145.212 16.646 21.878 OTHERS 1
9 308.823 151.268 14.450 19.037 OTHERS -1
10 433.647 133.242 19.825 26.055 OTHERS 2
11 356.273 131.830 21.357 26.565 OTHERS 2
12 226.211 127.405 18.293 25.621 OTHERS 2
13 -1.087 109.316 14.837 27.349 OTHERS -1
