16 376.619 136.194 21.513 25.429 JZM -1
0 488.169 230.129 26.275 29.660 OTHERS 0
1 715.236 139.978 27.181 30.590 OTHERS -1
2 432.287 229.693 24.122 27.495 OTHERS 2
3 611.644 141.842 22.701 27.618 OTHERS 2
4 258.105 149.212 18.652 21.261 OTHERS -1
5 416.542 133.920 18.949 22.538 OTHERS 0
6 580.166 131.436 16.301 21.251 OTHERS -1
7 520.031 160.406 20.971 22.935 OTHERS -1
8 475.975 169.833 20.038 22.151 OTHERS -1
9 309.224 148.660 20.944 26.257 OTHERS 0
10 199.368 145.803 19.702 21.258 OTHERS -1
11 239.680 222.132 21.708 22.343 OTHERS -1
12 45.360 146.370 22.597 25.113 OTHERS -1
13 263.338 213.990 20.814 24.113 OTHERS 0
14 155.609 142.272 18.440 21.835 OTHERS -1
15 330.356 141.799 13.912 18.125 OTHERS -1
17 552.723 140.893 21.383 24.799 OTHERS 0
18 399.966 140.388 16.585 21.502 OTHERS -1
19 284.218 134.487 17.800 20.892 OTHERS -1
20 364.998 220.073 21.748 24.427 OTHERS 2
21 223.032 145.556 18.488 22.755 OTHERS -1
22 345.220 147.359 14.936 18.249 OTHERS -1
23 126.546 152.532 20.072 23.259 OTHERS -1
24 297.722 220.985 21.783 24.777 OTHERS 0
25 445.534 147.413 21.067 26.168 OTHERS -1
26 598.947 125.310 20.000 24.451 OTHERS -1
27 174.155 214.289 20.860 24.358 OTHERS 2
28 476.220 142.951 13.881 18.582 OTHERS -1
29 403.723 221.288 22.635 25.130 OTHERS -1
30 490.236 149.565 21.623 24.122 OTHERS -1
31 198.735 226.437 20.487 24.318 OTHERS 2
32 671.431 146.494 21.506 24.643 OTHERS -1
