0 560.044 353.367 53.865 71.242 JZM -1
1 430.508 348.010 46.695 61.577 OTHERS 2
2 333.210 284.067 31.913 38.899 OTHERS -1
3 724.060 392.831 57.226 75.925 OTHERS 2
4 792.106 307.800 46.990 48.149 OTHERS -1
5 622.484 304.801 28.738 39.785 OTHERS -1
6 746.868 291.393 31.277 35.213 OTHERS -1
7 527.341 293.282 24.659 32.329 OTHERS -1
8 539.840 323.150 37.480 44.754 OTHERS -1
9 357.457 327.189 38.559 53.135 OTHERS -1
10 648.858 265.283 24.169 30.481 OTHERS -1
11 376.880 267.796 27.278 33.271 OTHERS -1
12 427.635 259.102 22.494 29.597 OTHERS -1
13 172.605 295.009 32.873 40.103 OTHERS -1
14 261.409 315.987 36.355 37.198 OTHERS -1
15 4.656 493.728 82.556 104.975 OTHERS -1
16 816.597 403.481 83.011 98.810 OTHERS -1
17 304.328 262.132 14.939 17.096 OTHERS -1
18 880.231 314.915 24.918 40.899 OTHERS -1
19 288.420 289.609 18.303 24.099 OTHERS -1
20 513.568 278.845 21.056 27.257 OTHERS -1
21 264.644 252.115 14.573 19.856 OTHERS -1
