1 78.198 90.497 27.430 35.371 JZM 0
0 123.252 88.030 23.776 29.048 OTHERS -1
2 23.991 27.248 18.451 21.815 OTHERS 0
3 1.358 55.505 18.550 22.666 OTHERS 2
4 84.260 53.548 19.582 22.884 OTHERS 0
5 80.542 22.635 16.284 18.332 OTHERS -1
6 39.866 58.363 18.996 20.922 OTHERS 0
7 6.311 97.840 20.672 24.368 OTHERS 2
8 127.483 27.476 17.534 20.407 OTHERS 0
9 154.090 93.781 20.203 22.522 OTHERS 0
10 164.197 55.839 17.080 20.871 OTHERS 0
11 120.532 59.239 18.982 21.462 OTHERS -1
12 167.804 27.417 13.224 20.469 OTHERS -1
