8 354.532 95.098 38.727 52.267 JZM 1
0 49.941 33.734 35.670 45.861 OTHERS 1
1 134.828 55.678 28.852 36.439 OTHERS 1
2 124.489 124.647 32.555 47.771 OTHERS 1
3 200.213 123.365 30.660 46.424 OTHERS 1
4 286.566 119.993 24.078 29.265 OTHERS 0
5 263.604 151.494 23.881 35.422 OTHERS 1
6 197.477 73.972 24.544 30.180 OTHERS 2
7 228.087 78.688 22.712 28.101 OTHERS 2
9 256.097 83.897 22.043 25.318 OTHERS -1
10 322.758 120.619 21.914 25.236 OTHERS 0
11 463.033 127.210 22.103 24.299 OTHERS 1
12 303.076 92.167 20.808 26.013 OTHERS -1
