7 268.660 202.857 10.950 13.621 JZM -1
0 228.341 27.278 42.559 56.517 OTHERS 0
1 484.445 203.298 10.556 13.400 OTHERS -1
2 430.486 201.235 10.620 12.756 OTHERS -1
3 52.125 199.942 10.457 13.065 OTHERS -1
4 155.304 201.685 10.594 13.568 OTHERS -1
5 379.861 202.451 10.542 13.580 OTHERS -1
6 2.377 206.368 10.259 12.676 OTHERS -1
8 393.239 193.666 7.717 10.088 OTHERS -1
9 215.831 202.927 10.154 12.934 OTHERS -1
10 97.770 202.521 10.456 13.337 OTHERS -1
11 68.627 198.848 8.529 10.859 OTHERS -1
12 10.468 195.847 7.869 10.196 OTHERS -1
13 335.055 204.483 9.380 11.281 OTHERS -1
