0 306.836 229.708 16.903 21.206 OTHERS -1
1 306.561 139.254 14.561 18.579 OTHERS -1
2 427.409 134.880 14.342 18.009 OTHERS -1
3 374.247 161.028 15.652 20.272 OTHERS -1
4 442.851 156.337 14.729 19.311 OTHERS -1
5 93.474 192.936 16.642 20.740 OTHERS -1
6 546.486 137.690 15.200 18.445 OTHERS -1
7 201.355 227.884 16.266 22.071 OTHERS -1
8 160.010 235.745 16.300 21.566 OTHERS -1
9 343.852 158.433 14.672 18.149 OTHERS -1
10 489.659 184.044 17.184 23.232 OTHERS -1
11 354.069 229.474 16.829 21.716 OTHERS -1
12 146.512 131.400 13.787 17.561 OTHERS -1
13 184.719 141.775 14.062 17.003 OTHERS -1
14 446.978 127.074 12.867 16.166 OTHERS -1
15 169.697 169.974 15.120 19.253 OTHERS -1
16 254.006 221.895 16.409 22.166 OTHERS -1
17 393.983 170.889 15.821 20.231 OTHERS -1
18 194.904 165.249 13.994 17.471 OTHERS -1
19 292.416 168.609 14.277 18.204 OTHERS -1
20 460.358 134.960 14.598 18.692 OTHERS -1
21 156.797 155.665 15.390 18.896 OTHERS -1
22 224.490 138.721 14.098 16.776 OTHERS -1
23 546.094 220.999 17.438 22.047 OTHERS -1
24 414.016 222.678 18.001 22.680 OTHERS -1
25 491.839 133.098 15.829 20.204 OTHERS -1
26 240.519 125.496 14.091 17.354 OTHERS -1
27 104.601 146.003 13.400 17.244 OTHERS -1
28 458.769 182.119 14.925 19.523 OTHERS -1
29 511.293 139.185 14.906 19.463 OTHERS -1
30 166.643 139.132 13.157 16.589 OTHERS -1
31 413.038 129.843 13.569 17.049 OTHERS -1
32 324.420 154.524 14.239 18.342 OTHERS -1
33 402.622 152.168 14.827 18.369 OTHERS -1
34 308.665 177.453 15.719 19.624 OTHERS -1
35 457.450 223.961 16.676 21.979 OTHERS -1
36 418.318 163.390 14.881 18.956 OTHERS -1
37 124.192 132.131 14.532 17.524 OTHERS -1
38 184.827 189.970 16.036 21.005 OTHERS -1
39 530.374 123.631 14.390 18.652 OTHERS -1
40 262.628 141.409 14.476 17.672 OTHERS -1
41 139.785 151.971 13.586 16.470 OTHERS -1
42 252.682 164.772 14.776 18.608 OTHERS -1
43 203.586 129.219 13.746 17.418 OTHERS -1
44 128.859 169.054 14.957 18.747 OTHERS -1
45 274.144 122.109 13.599 16.966 OTHERS -1
46 474.760 148.105 14.294 17.196 OTHERS -1
47 337.963 119.942 14.232 17.563 OTHERS -1
48 500.648 224.080 16.551 21.639 OTHERS -1
49 341.956 140.973 14.701 17.682 OTHERS -1
50 212.591 169.600 15.024 18.578 OTHERS -1
51 433.876 183.563 14.496 18.536 OTHERS -1
52 44.205 175.497 15.905 20.294 OTHERS -1
53 515.621 173.518 14.997 18.798 OTHERS -1
54 571.259 149.093 16.336 20.977 OTHERS -1
55 145.309 191.906 15.686 20.352 OTHERS -1
56 267.630 186.475 14.955 19.401 OTHERS -1
57 76.822 174.990 15.174 18.679 OTHERS -1
58 575.657 180.482 18.298 24.180 OTHERS -1
59 351.991 177.164 15.419 19.880 OTHERS -1
60 227.961 185.635 16.748 21.013 OTHERS -1
61 477.078 116.632 13.768 17.360 OTHERS -1
62 455.394 115.154 12.354 15.016 OTHERS -1
63 369.455 125.822 13.547 17.510 OTHERS -1
64 68.381 162.123 14.033 16.571 OTHERS -1
65 470.562 164.122 14.676 18.180 OTHERS -1
66 556.320 180.840 16.649 21.202 OTHERS -1
67 512.254 122.932 12.776 15.595 OTHERS -1
68 229.857 154.564 15.285 18.843 OTHERS -1
69 382.466 132.477 14.143 17.669 OTHERS -1
70 497.032 159.910 14.925 18.270 OTHERS -1
71 281.180 149.244 13.913 17.037 OTHERS -1
72 536.586 163.356 14.894 18.344 OTHERS -1
