4 266.461 222.200 15.724 20.276 JZM -1
0 132.181 182.032 13.917 17.753 OTHERS -1
1 203.840 226.696 14.599 18.445 OTHERS -1
2 203.505 187.028 12.904 16.589 OTHERS -1
3 59.687 224.264 17.323 21.240 OTHERS -1
5 443.789 178.022 13.235 16.466 OTHERS -1
6 281.114 186.978 14.741 19.280 OTHERS -1
7 134.985 224.475 14.767 17.959 OTHERS 0
8 97.085 182.136 13.705 17.671 OTHERS -1
9 334.989 224.445 15.580 19.615 OTHERS 2
10 479.312 224.305 15.656 19.554 OTHERS -1
11 320.171 186.421 13.516 15.623 OTHERS -1
12 453.668 199.635 12.840 15.470 OTHERS -1
13 300.827 170.315 13.109 15.663 OTHERS -1
14 186.678 175.484 12.765 15.433 OTHERS -1
15 358.583 187.554 12.382 15.979 OTHERS -1
16 155.888 178.689 11.883 15.214 OTHERS -1
17 61.578 184.977 13.400 16.018 OTHERS -1
18 165.079 189.019 13.835 17.639 OTHERS -1
19 417.358 226.089 14.551 18.567 OTHERS -1
20 354.342 171.586 12.655 15.270 OTHERS -1
21 213.719 170.049 11.479 14.409 OTHERS -1
22 243.452 168.505 12.614 15.406 OTHERS -1
23 399.558 176.059 13.083 16.947 OTHERS -1
24 267.514 167.355 12.630 14.656 OTHERS -1
25 383.933 176.580 11.803 15.273 OTHERS -1
26 238.220 192.713 12.982 17.060 OTHERS -1
27 326.397 169.249 12.939 15.992 OTHERS -1
28 114.456 179.839 9.515 12.549 OTHERS -1
29 411.450 175.967 11.863 15.965 OTHERS -1
30 86.709 185.200 11.155 15.489 OTHERS -1
