19 522.324 291.469 20.837 25.053 JZM -1
21 402.320 281.437 20.725 24.580 XJP 0
0 785.280 289.292 15.337 20.570 OTHERS -1
1 679.158 281.417 19.837 23.970 OTHERS -1
2 287.806 290.852 19.973 25.344 OTHERS 2
3 5.908 284.474 18.701 23.448 OTHERS -1
4 79.487 294.292 13.009 16.201 OTHERS -1
5 603.697 284.470 20.918 24.014 OTHERS -1
6 728.382 287.539 11.916 14.523 OTHERS -1
7 748.040 287.761 20.199 23.695 OTHERS -1
8 160.421 298.223 12.867 15.477 OTHERS -1
9 272.978 287.115 15.144 19.077 OTHERS -1
10 195.943 284.926 20.155 25.135 OTHERS 0
11 479.698 289.130 12.241 15.025 OTHERS -1
12 331.952 293.055 12.022 14.961 OTHERS -1
13 114.628 289.921 19.723 24.395 OTHERS 2
14 34.532 288.166 20.386 24.707 OTHERS 2
15 494.453 285.441 9.648 11.903 OTHERS -1
16 565.202 290.122 12.212 14.941 OTHERS -1
17 631.589 284.369 10.565 13.677 OTHERS -1
18 720.072 276.231 8.899 11.906 OTHERS -1
20 242.961 293.248 11.787 14.744 OTHERS -1
22 699.402 284.202 10.500 13.182 OTHERS -1
23 648.457 289.125 10.678 13.631 OTHERS -1
24 463.832 283.084 8.221 10.650 OTHERS -1
25 319.887 285.216 8.610 10.778 OTHERS -1
26 457.248 283.007 8.442 11.138 OTHERS -1
27 58.901 292.375 10.545 12.562 OTHERS -1
28 575.353 276.026 7.819 9.983 OTHERS -1
29 96.541 290.321 9.288 11.906 OTHERS -1
30 346.453 289.153 9.472 11.686 OTHERS -1
31 662.284 285.652 7.938 10.519 OTHERS -1
32 137.304 279.986 8.331 10.923 OTHERS -1
33 354.323 279.404 8.361 10.746 OTHERS -1
34 653.559 271.470 7.742 9.653 OTHERS -1
35 540.387 281.894 9.207 11.477 OTHERS -1
36 119.614 275.122 8.250 10.550 OTHERS -1
37 92.366 281.550 8.720 11.198 OTHERS -1
38 103.618 273.742 7.973 10.106 OTHERS -1
39 514.336 280.401 8.098 10.291 OTHERS -1
