2 327.709 230.588 25.029 33.339 JZM 2
0 402.934 133.813 23.871 28.737 OTHERS 0
1 289.468 197.306 24.776 28.273 OTHERS 0
3 547.466 189.257 22.581 28.185 OTHERS 0
4 675.728 192.402 23.380 27.606 OTHERS -1
5 492.918 238.400 26.306 29.067 OTHERS 0
6 23.371 191.524 25.005 27.326 OTHERS 0
7 68.937 225.931 22.918 27.751 OTHERS -1
8 531.445 143.624 22.136 26.360 OTHERS 0
9 403.143 240.586 24.416 26.900 OTHERS 0
10 221.596 193.499 23.641 27.197 OTHERS 0
11 101.529 199.470 22.542 26.602 OTHERS 0
12 581.713 241.394 22.515 26.971 OTHERS 0
13 144.532 148.808 23.445 27.035 OTHERS 0
14 428.991 208.464 22.716 26.523 OTHERS 0
15 177.339 235.404 22.842 25.190 OTHERS 0
16 163.489 188.856 23.112 25.404 OTHERS 0
17 587.170 159.314 24.067 25.921 OTHERS 0
18 265.717 146.748 23.813 26.766 OTHERS -1
19 473.138 145.057 22.745 28.164 OTHERS 0
20 487.622 186.354 22.132 25.800 OTHERS 0
21 329.480 151.459 22.361 24.988 OTHERS 0
22 86.059 155.892 21.890 24.596 OTHERS 0
23 356.469 199.441 22.114 25.061 OTHERS 0
24 639.696 158.864 22.586 24.707 OTHERS 0
25 621.483 204.206 22.392 25.409 OTHERS 0
26 251.320 225.112 21.558 25.221 OTHERS -1
27 27.418 139.432 24.408 27.077 OTHERS 0
28 203.977 157.555 21.857 24.617 OTHERS -1
