4 195.367 144.367 13.217 17.775 JZM -1
0 32.141 143.632 13.159 15.040 OTHERS -1
1 180.395 67.713 12.124 13.822 OTHERS -1
2 327.958 30.851 11.852 13.541 OTHERS -1
3 53.211 50.464 13.812 15.292 OTHERS -1
5 283.863 23.779 11.602 12.668 OTHERS -1
6 275.663 89.206 12.141 13.665 OTHERS -1
7 300.876 109.743 13.249 14.279 OTHERS -1
8 252.336 143.564 13.099 16.719 OTHERS -1
9 362.069 144.694 12.172 13.759 OTHERS -1
10 211.880 68.269 11.981 13.846 OTHERS -1
11 141.353 20.003 11.369 12.846 OTHERS -1
12 292.605 70.788 11.718 13.409 OTHERS -1
13 368.480 65.228 11.864 13.751 OTHERS -1
14 264.043 117.314 11.602 13.316 OTHERS -1
15 80.774 56.533 11.659 13.107 OTHERS -1
16 224.422 118.668 11.971 13.337 OTHERS -1
17 199.024 21.088 10.003 11.454 OTHERS -1
18 196.688 55.399 11.869 13.850 OTHERS -1
19 379.211 32.831 11.972 14.312 OTHERS -1
20 217.412 92.994 12.446 13.786 OTHERS -1
21 164.032 59.183 11.453 13.315 OTHERS -1
22 21.140 52.437 12.014 13.700 OTHERS -1
23 325.454 62.123 12.470 14.874 OTHERS -1
24 304.059 89.779 12.200 13.699 OTHERS -1
25 35.662 36.955 11.895 13.415 OTHERS -1
26 309.975 146.348 12.426 13.519 OTHERS -1
27 89.154 74.668 12.256 14.219 OTHERS -1
28 228.330 23.429 10.453 12.455 OTHERS -1
29 58.454 112.441 13.168 14.497 OTHERS -1
30 125.736 33.944 12.507 14.031 OTHERS -1
31 256.269 61.396 11.503 13.005 OTHERS -1
32 162.273 91.686 12.628 13.823 OTHERS -1
33 228.670 53.131 10.937 12.289 OTHERS -1
34 245.467 36.281 12.311 13.439 OTHERS -1
35 133.288 95.845 11.876 13.756 OTHERS -1
36 136.629 143.644 13.025 14.374 OTHERS -1
37 351.621 53.446 11.803 13.081 OTHERS -1
38 7.231 117.256 12.224 13.901 OTHERS -1
39 169.191 25.569 10.284 11.728 OTHERS -1
40 368.964 21.619 9.898 11.584 OTHERS -1
41 310.718 52.015 11.804 13.568 OTHERS -1
42 359.323 89.568 11.662 13.428 OTHERS -1
43 346.125 114.489 12.885 14.566 OTHERS -1
44 183.691 39.471 11.221 12.975 OTHERS -1
45 269.816 38.423 11.220 13.218 OTHERS -1
46 146.189 74.795 13.019 14.197 OTHERS -1
47 113.444 121.447 12.342 13.683 OTHERS -1
48 36.316 72.047 11.337 13.160 OTHERS -1
49 79.854 146.983 12.219 13.353 OTHERS -1
50 264.485 79.345 10.614 12.899 OTHERS -1
51 59.355 24.539 10.698 12.439 OTHERS -1
52 343.339 21.930 10.619 12.081 OTHERS -1
53 99.323 95.325 11.051 13.100 OTHERS -1
54 389.588 90.079 11.066 13.447 OTHERS -1
55 254.921 24.946 10.659 11.946 OTHERS -1
56 214.350 39.494 10.254 11.442 OTHERS -1
57 188.171 94.348 11.324 12.267 OTHERS -1
58 178.213 113.857 12.736 13.733 OTHERS -1
59 298.226 34.912 11.656 13.647 OTHERS -1
60 353.809 34.780 11.121 12.739 OTHERS -1
61 44.825 98.390 11.423 12.863 OTHERS -1
62 106.932 63.798 10.882 12.664 OTHERS -1
63 135.253 61.636 10.848 12.111 OTHERS -1
64 154.729 41.960 10.255 12.169 OTHERS -1
65 0.955 25.434 10.383 12.470 OTHERS -1
66 329.381 90.120 12.785 13.662 OTHERS -1
67 315.766 27.626 9.449 10.972 OTHERS -1
68 245.946 92.020 11.969 13.289 OTHERS -1
69 115.439 79.536 10.821 13.110 OTHERS -1
70 18.313 98.368 11.801 13.095 OTHERS -1
71 111.242 28.789 9.677 11.273 OTHERS -1
72 11.020 77.335 10.548 12.568 OTHERS -1
73 238.894 74.245 10.742 12.673 OTHERS -1
74 74.623 98.463 11.989 13.094 OTHERS -1
75 26.042 24.844 10.748 12.296 OTHERS -1
76 98.464 39.700 11.792 12.994 OTHERS -1
77 62.651 73.663 11.674 13.429 OTHERS -1
