0 315.523 230.236 54.440 68.567 JZM 0
1 158.780 249.239 48.395 53.841 OTHERS 2
2 466.149 276.714 34.903 39.635 OTHERS 0
3 32.692 172.527 30.809 34.515 OTHERS -1
4 42.611 131.852 29.942 35.370 OTHERS -1
5 107.022 182.135 29.923 32.654 OTHERS -1
6 30.113 65.258 29.281 33.759 OTHERS -1
7 44.050 219.670 39.035 48.051 OTHERS 1
8 219.648 275.781 27.077 32.268 OTHERS 2
9 121.692 136.105 28.691 32.123 OTHERS -1
10 4.538 44.940 28.007 32.726 OTHERS -1
11 278.626 281.898 26.909 31.334 OTHERS -1
12 175.154 149.296 26.425 31.241 OTHERS -1
13 220.542 202.808 26.086 31.791 OTHERS -1
14 73.079 46.543 26.077 31.435 OTHERS 0
15 105.837 91.154 24.377 30.394 OTHERS -1
16 130.024 55.563 24.756 27.731 OTHERS -1
17 153.542 111.113 23.958 27.165 OTHERS -1
18 523.556 154.863 16.728 19.290 OTHERS -1
19 279.261 205.515 25.342 29.395 OTHERS -1
20 437.426 294.532 26.521 28.971 OTHERS -1
21 430.376 151.346 20.381 24.014 OTHERS -1
22 186.257 70.942 22.183 26.781 OTHERS -1
23 492.986 162.048 19.919 24.084 OTHERS -1
24 349.513 123.207 16.579 20.265 OTHERS -1
25 559.373 281.080 21.249 25.075 OTHERS -1
26 416.422 233.185 20.950 25.077 OTHERS -1
27 320.278 139.620 18.654 22.955 OTHERS -1
28 551.247 160.683 16.599 18.573 OTHERS -1
29 233.910 103.411 20.230 25.057 OTHERS -1
30 524.288 182.356 16.396 21.146 OTHERS -1
31 551.954 256.560 18.433 22.254 OTHERS -1
32 563.824 184.607 16.819 18.473 OTHERS -1
33 169.714 201.023 27.348 28.180 OTHERS -1
34 297.280 170.443 22.343 25.343 OTHERS -1
35 399.787 152.949 19.453 23.297 OTHERS -1
36 314.112 97.749 19.361 22.253 OTHERS -1
37 467.541 159.663 18.226 20.873 OTHERS -1
38 211.469 123.547 19.708 24.424 OTHERS -1
39 566.787 206.386 19.522 21.574 OTHERS -1
40 406.393 198.666 19.683 22.952 OTHERS -1
41 530.390 252.809 20.382 24.528 OTHERS -1
42 583.572 239.370 17.433 25.028 OTHERS -1
43 535.568 221.948 17.179 20.819 OTHERS -1
44 337.934 185.538 20.999 24.938 OTHERS -1
45 376.621 222.384 21.450 25.698 OTHERS -1
46 366.489 184.970 22.316 25.866 OTHERS -1
47 268.979 125.309 21.628 26.290 OTHERS -1
48 360.278 150.005 21.635 25.166 OTHERS -1
49 462.016 235.071 20.834 23.184 OTHERS -1
50 519.372 295.583 21.447 26.986 OTHERS -1
51 276.870 97.499 20.914 23.184 OTHERS -1
52 451.221 187.020 21.670 26.066 OTHERS -1
53 494.364 204.616 21.108 25.699 OTHERS -1
54 494.846 235.457 21.679 24.729 OTHERS -1
55 544.168 182.067 17.474 20.423 OTHERS -1
56 450.663 144.974 12.464 16.573 OTHERS -1
57 586.980 289.929 14.609 23.058 OTHERS -1
58 572.871 161.901 13.737 14.501 OTHERS -1
59 231.953 154.313 23.153 25.323 OTHERS -1
