0 156.984 35.408 23.846 32.520 JZM 1
1 92.649 35.002 14.045 18.245 OTHERS -1
2 34.832 9.254 20.009 24.158 OTHERS -1
3 20.350 55.798 22.296 30.650 OTHERS 1
4 121.315 81.827 13.924 17.755 OTHERS -1
5 73.788 4.154 11.803 14.622 OTHERS -1
6 113.137 38.338 10.686 13.523 OTHERS -1
7 39.765 58.073 17.984 22.277 OTHERS -1
8 136.040 54.999 12.320 15.484 OTHERS -1
9 95.825 13.067 9.818 12.241 OTHERS -1
10 111.459 16.231 9.496 11.577 OTHERS -1
11 210.810 47.570 11.238 14.538 OTHERS -1
12 59.736 27.239 15.138 20.907 OTHERS -1
13 62.837 70.890 17.135 22.645 OTHERS -1
14 88.705 0.624 9.888 10.433 OTHERS -1
