15 201.353 67.115 20.271 23.641 JZM 2
0 359.411 77.735 16.939 19.968 OTHERS 0
1 168.017 135.063 18.097 22.018 OTHERS 0
2 157.894 80.987 15.789 18.777 OTHERS 0
3 22.420 145.445 18.180 21.566 OTHERS 0
4 291.236 72.670 17.369 20.962 OTHERS 0
5 328.051 139.105 17.058 20.910 OTHERS 0
6 224.757 66.320 17.345 22.980 OTHERS 0
7 131.093 66.715 17.631 21.761 OTHERS 0
8 315.539 75.672 19.058 25.087 OTHERS 0
9 16.551 73.786 20.819 24.921 OTHERS 0
10 257.193 81.643 14.426 18.668 OTHERS 0
11 61.233 68.422 19.099 24.391 OTHERS 0
12 63.021 142.003 19.633 23.484 OTHERS 0
13 412.617 72.394 18.976 22.950 OTHERS 0
14 380.688 193.683 20.414 22.958 OTHERS 0
16 122.699 132.816 21.684 24.344 OTHERS 0
17 379.655 129.031 20.234 23.707 OTHERS 0
18 184.220 75.288 16.373 20.032 OTHERS -1
19 226.151 214.258 21.698 20.493 OTHERS -1
20 110.643 67.382 19.061 24.373 OTHERS 0
21 142.045 226.729 20.242 23.943 OTHERS 0
22 84.083 70.998 17.474 20.224 OTHERS 0
23 63.178 214.512 25.243 23.625 OTHERS 0
24 278.672 133.847 17.400 22.299 OTHERS 0
25 299.887 213.057 22.365 24.985 OTHERS 0
26 432.165 134.183 23.085 24.734 OTHERS 0
