0 332.510 462.665 25.732 29.432 OTHERS -1
1 269.287 453.165 24.166 29.995 OTHERS -1
2 274.018 296.642 17.341 22.486 OTHERS -1
3 296.823 305.279 17.878 22.248 OTHERS -1
4 387.516 415.560 20.429 24.892 OTHERS -1
5 410.057 300.952 18.828 23.093 OTHERS -1
6 248.818 294.121 19.774 25.674 OTHERS -1
7 437.483 304.243 19.160 24.491 OTHERS -1
8 291.907 279.726 19.869 23.108 OTHERS -1
9 176.254 315.369 22.652 25.939 OTHERS -1
10 286.659 401.115 20.078 25.826 OTHERS -1
11 344.432 297.271 17.448 23.632 OTHERS -1
12 219.721 291.123 16.615 23.758 OTHERS -1
13 370.858 303.182 21.036 25.547 OTHERS -1
14 220.091 391.588 20.701 25.328 OTHERS -1
15 322.455 286.452 18.469 24.399 OTHERS -1
16 250.825 399.499 19.793 26.351 OTHERS -1
17 418.589 469.900 19.838 25.881 OTHERS -1
