0 193.144 64.967 36.015 48.702 JZM 2
1 31.649 2.227 24.533 31.563 OTHERS 1
2 26.324 106.467 27.735 43.634 OTHERS -1
3 237.373 74.359 23.548 33.738 OTHERS -1
4 59.267 10.727 23.197 27.570 OTHERS 2
5 126.107 49.947 14.024 17.587 OTHERS -1
6 99.774 18.080 17.672 21.658 OTHERS -1
7 104.772 72.260 20.226 30.991 OTHERS -1
8 175.180 20.089 10.256 13.056 OTHERS -1
9 158.037 53.525 10.939 14.100 OTHERS -1
10 184.695 40.648 9.400 12.611 OTHERS -1
11 151.581 7.719 10.618 13.914 OTHERS -1
12 130.342 77.119 17.613 27.469 OTHERS -1
