6 285.006 170.131 78.212 107.367 JZM 2
0 386.401 157.944 55.850 74.518 OTHERS 0
1 610.293 127.662 51.869 69.475 OTHERS 0
2 740.446 95.564 51.370 69.204 OTHERS 2
3 273.447 103.661 59.145 74.357 OTHERS 0
4 101.321 118.247 48.244 58.968 OTHERS -1
5 510.590 134.024 45.286 55.884 OTHERS -1
7 61.187 103.171 44.194 57.456 OTHERS -1
8 432.934 73.500 35.105 40.166 OTHERS -1
9 700.387 211.621 45.250 59.174 OTHERS 2
10 232.208 141.030 43.917 58.259 OTHERS -1
11 179.872 75.198 42.140 49.243 OTHERS -1
12 5.008 153.910 39.758 54.366 OTHERS -1
13 481.955 107.121 39.876 52.165 OTHERS -1
14 322.963 128.269 37.791 47.389 OTHERS -1
