6 312.361 63.374 46.802 67.451 JZM 1
0 125.734 135.246 32.575 43.164 OTHERS 2
1 118.212 48.321 32.205 38.687 OTHERS -1
2 68.756 13.340 38.106 46.545 OTHERS 0
3 181.682 63.908 29.920 36.833 OTHERS 0
4 40.052 105.958 45.172 60.040 OTHERS 1
5 80.784 111.527 32.495 43.270 OTHERS 2
7 241.262 159.040 28.047 32.411 OTHERS 0
8 271.033 104.731 24.663 30.218 OTHERS -1
9 205.311 163.211 25.411 34.137 OTHERS -1
10 146.859 1.852 23.616 30.616 OTHERS -1
11 157.344 118.530 22.393 26.394 OTHERS -1
12 35.375 55.314 36.161 50.296 OTHERS -1
13 423.103 87.898 22.727 28.021 OTHERS -1
14 191.135 18.291 20.769 27.373 OTHERS -1
15 259.572 39.152 15.775 21.022 OTHERS -1
16 288.640 25.299 14.131 20.310 OTHERS -1
17 259.361 63.277 22.116 25.664 OTHERS -1
18 407.882 61.076 9.986 13.080 OTHERS -1
19 226.998 72.943 19.764 25.764 OTHERS -1
20 -0.740 57.275 30.849 66.387 OTHERS 1
21 223.314 26.719 17.499 21.130 OTHERS -1
22 280.973 12.361 12.092 14.198 OTHERS -1
23 304.945 67.975 13.366 17.155 OTHERS -1
24 395.221 56.365 10.276 12.920 OTHERS -1
25 212.691 11.679 16.404 19.577 OTHERS -1
