0 188.302 41.788 29.677 41.518 JZM 1
1 24.487 67.731 26.090 35.362 OTHERS 1
2 109.628 42.457 17.101 21.863 OTHERS 2
3 42.895 12.102 23.209 27.827 OTHERS 0
4 136.216 46.005 12.679 16.687 OTHERS -1
5 115.211 15.539 12.015 15.429 OTHERS -1
6 162.787 66.239 14.907 18.958 OTHERS -1
7 144.893 98.456 16.572 20.961 OTHERS 2
8 22.083 38.228 23.219 30.177 OTHERS -1
9 88.115 4.631 14.238 18.016 OTHERS -1
10 252.967 56.358 13.898 17.789 OTHERS -1
11 156.059 41.504 14.676 16.654 OTHERS -1
12 49.964 71.332 19.724 24.732 OTHERS -1
13 75.637 84.943 20.859 27.918 OTHERS -1
14 -0.114 37.251 20.325 41.186 OTHERS 1
15 133.434 20.305 10.941 13.278 OTHERS -1
16 107.004 0.567 10.807 12.246 OTHERS -1
