0 198.156 174.267 60.186 76.156 XJP 1
1 413.789 180.871 48.557 60.868 OTHERS 0
2 93.571 169.466 49.553 68.398 OTHERS -1
3 861.754 212.845 32.869 36.076 OTHERS 0
4 471.453 208.618 43.807 45.075 OTHERS 2
5 924.176 255.467 39.729 42.755 OTHERS 0
6 521.146 219.919 30.503 36.009 OTHERS 0
7 819.800 272.307 38.409 43.507 OTHERS 2
8 284.890 225.539 41.774 53.006 OTHERS 2
9 145.775 188.500 39.756 50.413 OTHERS -1
10 684.551 251.697 25.060 27.422 OTHERS 0
11 925.815 229.388 31.287 36.214 OTHERS -1
12 330.220 242.692 17.085 23.520 OTHERS -1
13 246.497 191.561 25.553 40.630 OTHERS -1
14 616.180 249.184 13.093 17.278 OTHERS -1
