0 232.014 113.797 27.106 34.202 XJP 2
1 108.870 132.349 28.233 34.968 OTHERS 1
2 37.602 55.310 24.970 32.080 OTHERS -1
3 94.919 72.899 23.247 26.414 OTHERS -1
4 346.537 66.383 20.120 25.627 OTHERS -1
5 389.220 117.157 22.220 27.002 OTHERS 2
6 320.019 61.208 20.152 24.715 OTHERS 0
7 298.275 70.729 23.192 25.815 OTHERS 2
8 476.926 75.426 17.702 22.677 OTHERS -1
9 480.920 123.988 21.582 27.010 OTHERS 2
10 344.353 125.984 21.555 27.082 OTHERS 2
11 132.071 58.581 22.134 26.758 OTHERS 0
12 445.064 64.119 21.086 25.053 OTHERS 2
13 412.237 75.556 20.892 27.027 OTHERS 0
14 393.788 48.088 20.382 25.766 OTHERS 2
15 359.292 76.130 19.732 25.325 OTHERS 2
16 119.884 76.788 20.747 26.750 OTHERS 2
17 75.137 65.927 15.840 25.789 OTHERS -1
