3 526.960 104.556 85.412 127.735 XJP 1
0 652.676 152.509 57.920 62.063 OTHERS 2
1 271.126 195.371 52.804 67.612 OTHERS 2
2 117.058 196.503 62.284 76.004 OTHERS 2
4 485.525 178.239 55.365 64.371 OTHERS 0
5 433.948 176.698 32.411 40.453 OTHERS 0
6 349.211 224.464 47.562 57.055 OTHERS 2
7 204.492 221.019 41.271 47.841 OTHERS 0
8 728.930 186.779 39.217 45.302 OTHERS 2
9 229.174 198.787 27.698 36.202 OTHERS -1
10 57.531 261.260 73.175 110.225 OTHERS 1
11 476.716 160.408 26.773 32.604 OTHERS -1
12 302.600 182.387 26.687 40.790 OTHERS -1
13 769.394 152.636 33.503 61.235 OTHERS -1
