1 351.286 217.421 108.914 138.023 XJP 0
0 15.075 208.505 103.629 121.720 OTHERS 0
2 559.746 307.664 79.286 89.508 OTHERS 2
3 285.101 246.304 52.425 51.797 OTHERS 0
4 293.327 160.650 42.391 46.037 OTHERS 0
5 160.435 276.268 83.003 99.275 OTHERS 0
6 507.910 198.518 46.380 51.652 OTHERS 2
7 541.622 22.741 25.952 28.641 OTHERS 2
8 489.569 129.201 25.201 29.076 OTHERS -1
9 608.951 209.442 30.733 48.602 OTHERS -1
10 581.640 163.817 44.761 53.077 OTHERS -1
11 513.070 75.680 24.698 27.374 OTHERS -1
12 234.727 216.949 44.311 48.937 OTHERS -1
13 489.015 59.033 19.840 22.673 OTHERS -1
14 586.620 48.686 20.424 23.968 OTHERS -1
15 510.222 41.426 23.304 24.465 OTHERS -1
16 460.404 88.452 21.433 24.692 OTHERS -1
17 406.271 57.995 19.743 23.611 OTHERS -1
18 151.402 229.144 36.340 41.931 OTHERS -1
19 169.215 179.030 35.985 39.665 OTHERS -1
20 350.391 61.536 21.002 23.503 OTHERS -1
21 519.505 152.694 40.582 41.503 OTHERS -1
