5 384.586 102.138 43.035 72.905 XJP -1
0 181.184 100.615 44.149 69.720 OTHERS 1
1 128.478 1.093 36.606 41.686 OTHERS -1
2 260.618 65.129 30.375 40.618 OTHERS 2
3 26.240 94.638 51.320 90.432 OTHERS 1
4 329.216 125.740 32.204 38.672 OTHERS 0
6 241.644 12.511 29.454 38.521 OTHERS 2
7 301.854 82.709 27.548 33.506 OTHERS 2
8 474.703 126.090 37.905 49.614 OTHERS 1
9 34.142 1.261 44.992 56.963 OTHERS -1
10 331.160 37.191 25.277 29.212 OTHERS 0
11 205.575 50.061 35.787 46.647 OTHERS 2
12 150.327 34.159 40.093 51.255 OTHERS 2
13 299.047 129.822 28.431 51.505 OTHERS 1
14 347.334 79.900 26.348 33.266 OTHERS 2
15 289.252 30.751 26.767 33.561 OTHERS -1
16 181.000 0.244 32.095 27.896 OTHERS -1
17 376.027 152.963 28.887 34.634 OTHERS -1
18 567.214 125.417 15.094 18.736 OTHERS -1
19 498.760 64.946 15.639 18.519 OTHERS -1
20 317.934 6.348 23.292 26.654 OTHERS -1
21 417.159 43.139 18.843 24.364 OTHERS -1
22 386.019 27.068 18.716 23.779 OTHERS -1
23 470.819 66.695 15.249 19.145 OTHERS -1
24 526.834 67.378 15.436 19.604 OTHERS -1
25 525.188 116.129 17.553 21.161 OTHERS -1
26 480.824 82.034 17.421 21.863 OTHERS -1
27 572.365 75.116 12.442 17.289 OTHERS -1
28 560.618 98.937 16.013 19.073 OTHERS -1
29 507.877 95.789 15.874 18.057 OTHERS -1
30 565.842 151.164 14.963 20.278 OTHERS -1
31 540.899 128.495 14.848 18.192 OTHERS -1
32 547.805 158.781 16.027 20.090 OTHERS -1
33 428.115 20.511 14.846 18.953 OTHERS -1
34 518.154 51.234 14.110 17.830 OTHERS -1
35 561.069 60.610 12.727 16.246 OTHERS -1
36 452.748 84.337 17.850 22.922 OTHERS -1
37 549.765 79.938 13.487 17.174 OTHERS -1
38 432.507 68.067 19.249 22.510 OTHERS -1
39 336.043 -0.019 19.994 22.392 OTHERS -1
40 376.895 60.164 21.098 26.810 OTHERS -1
41 283.483 -1.533 24.346 23.903 OTHERS -1
42 411.892 25.785 19.614 21.185 OTHERS -1
43 440.472 50.917 14.652 17.180 OTHERS -1
