0 99.415 64.816 38.782 45.323 OTHERS -1
1 278.770 91.770 25.778 36.538 OTHERS -1
2 394.560 79.212 28.500 45.997 OTHERS -1
3 75.896 90.104 24.532 29.102 OTHERS -1
4 166.359 98.058 15.611 19.061 OTHERS -1
5 39.751 105.320 16.842 20.577 OTHERS -1
6 211.070 87.141 18.511 23.873 OTHERS -1
7 324.617 105.601 10.183 13.646 OTHERS -1
8 251.884 100.824 11.026 15.786 OTHERS -1
9 451.321 91.357 12.508 17.034 OTHERS -1
10 56.691 107.111 18.489 21.618 OTHERS -1
11 142.400 103.717 12.217 15.097 OTHERS -1
12 425.753 103.513 12.836 22.439 OTHERS -1
