5 490.511 175.584 17.539 22.334 XJP -1
0 569.577 162.005 16.873 20.286 OTHERS -1
1 733.742 175.927 16.036 19.268 OTHERS -1
2 762.605 143.365 16.894 19.695 OTHERS -1
3 760.801 165.962 16.566 23.190 OTHERS -1
4 649.435 159.414 15.700 19.914 OTHERS -1
6 661.724 177.784 15.741 20.110 OTHERS -1
7 505.518 167.063 16.034 21.475 OTHERS -1
8 556.010 160.087 14.059 19.046 OTHERS -1
9 835.631 144.480 14.227 21.566 OTHERS -1
10 822.673 193.248 13.560 24.177 OTHERS -1
11 688.766 128.355 10.890 17.144 OTHERS -1
12 750.040 125.267 11.675 15.980 OTHERS -1
