1 350.399 101.418 40.182 54.406 XJP 1
0 495.286 182.692 26.698 29.635 OTHERS 2
2 49.255 244.123 11.884 14.659 OTHERS -1
3 25.734 246.650 12.516 15.423 OTHERS -1
4 93.213 254.106 9.185 12.014 OTHERS -1
5 1.239 243.714 11.296 15.490 OTHERS -1
6 75.476 255.430 10.367 13.272 OTHERS -1
7 147.985 253.237 9.068 11.869 OTHERS -1
8 169.506 255.231 8.745 11.189 OTHERS -1
9 111.642 254.978 9.406 12.201 OTHERS -1
10 180.467 254.336 8.586 11.197 OTHERS -1
11 119.422 256.893 9.253 12.539 OTHERS -1
12 83.000 245.616 9.147 11.067 OTHERS -1
13 136.355 257.238 8.834 11.694 OTHERS -1
14 103.581 246.924 9.359 12.163 OTHERS -1
15 184.564 253.840 8.175 10.832 OTHERS -1
16 196.340 256.380 7.217 9.164 OTHERS -1
17 12.421 243.354 9.794 12.734 OTHERS -1
