1 82.115 34.029 10.939 13.824 XJP -1
0 161.241 66.909 12.327 17.673 OTHERS -1
2 131.521 44.078 10.682 13.406 OTHERS -1
3 198.107 61.043 11.505 16.911 OTHERS -1
4 103.130 7.070 8.347 9.949 OTHERS -1
5 224.745 5.385 8.805 10.229 OTHERS -1
6 120.796 4.201 8.292 10.132 OTHERS -1
7 152.747 3.438 8.480 10.595 OTHERS -1
8 64.327 4.866 8.678 10.385 OTHERS -1
9 196.082 6.811 8.548 9.597 OTHERS -1
10 74.031 5.162 9.015 10.629 OTHERS -1
11 210.475 3.173 8.274 10.294 OTHERS -1
12 211.708 32.754 9.676 12.884 OTHERS -1
13 134.438 5.890 8.762 9.796 OTHERS -1
14 224.775 59.086 10.212 15.001 OTHERS -1
