0 331.903 88.288 23.066 27.125 XJP -1
1 520.949 98.589 18.812 23.672 OTHERS 2
2 108.426 102.394 15.150 18.321 OTHERS -1
3 225.267 83.237 19.014 22.513 OTHERS -1
4 195.597 95.101 21.310 25.000 OTHERS 0
5 71.486 97.070 21.517 24.302 OTHERS -1
6 295.692 89.807 18.528 23.102 OTHERS -1
7 411.112 108.831 20.101 21.811 OTHERS 2
8 100.863 146.209 27.066 45.293 OTHERS -1
9 452.269 84.885 20.334 24.987 OTHERS 2
10 22.904 96.264 13.381 17.404 OTHERS -1
11 0.392 91.178 15.916 23.927 OTHERS -1
12 118.229 83.717 12.117 15.241 OTHERS -1
