0 681.300 157.844 49.060 60.924 XJP 0
1 651.541 124.231 34.458 43.674 OTHERS 0
2 527.899 141.214 34.933 37.505 OTHERS 0
3 178.661 141.236 35.142 46.205 OTHERS 2
4 284.954 154.112 31.873 33.030 OTHERS -1
5 374.024 140.649 31.632 34.462 OTHERS 2
6 48.482 168.523 39.680 51.994 OTHERS 1
7 95.837 173.446 36.824 46.633 OTHERS 1
8 875.522 173.688 43.016 67.673 OTHERS 1
9 508.993 137.411 25.808 36.205 OTHERS -1
10 323.268 116.401 31.980 40.422 OTHERS -1
11 204.678 136.506 26.441 31.533 OTHERS -1
12 118.617 149.317 25.806 33.285 OTHERS -1
13 0.292 217.836 29.220 54.273 OTHERS -1
14 0.125 150.869 25.243 38.734 OTHERS -1
15 271.757 74.368 14.131 16.718 OTHERS -1
16 237.910 75.047 14.596 18.419 OTHERS -1
17 93.639 92.601 21.506 26.323 OTHERS -1
18 419.494 131.505 28.933 41.957 OTHERS -1
19 106.944 73.622 18.903 23.609 OTHERS -1
20 181.369 71.485 11.207 15.164 OTHERS -1
21 100.955 145.351 28.540 36.605 OTHERS -1
