1 214.444 99.408 24.493 28.918 XJP 0
6 108.747 110.822 19.151 26.486 PLY 1
0 389.256 109.278 24.046 29.153 OTHERS 1
2 32.716 96.428 21.128 26.722 OTHERS 0
3 290.951 119.017 22.802 27.048 OTHERS -1
4 65.130 111.779 21.506 25.343 OTHERS 0
5 170.007 120.759 20.258 28.118 OTHERS 2
7 141.841 116.528 19.575 25.680 OTHERS 2
8 7.802 102.205 13.571 17.690 OTHERS -1
9 483.681 106.069 22.285 29.534 OTHERS -1
10 315.444 95.470 20.019 30.058 OTHERS -1
11 378.612 85.201 20.233 22.619 OTHERS -1
12 346.742 105.229 19.478 29.961 OTHERS -1
13 245.299 107.659 21.167 25.688 OTHERS -1
14 503.313 109.230 24.281 26.348 OTHERS -1
15 464.091 88.447 18.446 30.073 OTHERS -1
16 460.544 87.354 13.884 20.966 OTHERS -1
17 509.358 132.123 19.680 27.267 OTHERS -1
18 438.904 118.359 19.311 25.057 OTHERS -1
19 260.717 95.485 15.697 19.478 OTHERS -1
