0 610.221 90.749 25.583 29.753 XJP 0
9 863.054 149.650 20.942 26.123 PLY 2
1 93.499 396.765 25.482 37.390 OTHERS -1
2 725.181 85.843 25.024 29.896 OTHERS 2
3 620.518 425.028 24.280 36.342 OTHERS -1
4 247.190 38.828 24.908 29.093 OTHERS 2
5 46.636 158.486 22.088 28.725 OTHERS -1
6 29.707 8.231 18.030 25.063 OTHERS -1
7 88.920 9.012 19.811 26.175 OTHERS 2
8 907.868 111.885 19.663 25.364 OTHERS 2
10 288.074 253.494 19.820 29.980 OTHERS -1
11 496.983 532.166 23.095 37.398 OTHERS -1
12 930.869 172.557 21.036 34.767 OTHERS -1
13 642.387 388.361 20.739 33.547 OTHERS -1
14 146.502 58.911 20.121 24.825 OTHERS -1
15 479.788 86.270 23.528 28.205 OTHERS 0
16 158.392 332.406 18.835 35.406 OTHERS -1
17 388.468 87.892 21.642 25.131 OTHERS -1
