0 387.064 349.148 52.829 69.996 OTHERS -1
1 399.978 216.284 35.413 48.842 OTHERS -1
2 626.428 312.403 27.954 37.786 OTHERS -1
3 303.769 211.051 39.462 54.354 OTHERS -1
4 656.048 217.389 25.305 30.268 OTHERS -1
5 499.166 364.693 37.984 65.945 OTHERS -1
6 64.356 348.905 32.119 41.480 OTHERS -1
7 458.962 231.881 17.990 20.508 OTHERS -1
8 623.331 219.250 24.041 27.032 OTHERS -1
9 545.626 209.684 18.748 23.922 OTHERS -1
10 484.139 244.354 16.866 19.691 OTHERS -1
11 256.085 314.832 23.026 34.425 OTHERS -1
12 559.775 325.472 41.224 44.849 OTHERS -1
13 111.765 309.562 22.967 31.920 OTHERS -1
14 232.365 298.146 20.656 25.082 OTHERS -1
15 687.329 235.978 18.748 22.709 OTHERS -1
16 1.445 346.626 36.392 29.729 OTHERS -1
