10 168.316 39.144 19.330 28.812 XJP 1
0 34.008 54.036 23.705 34.959 OTHERS -1
1 95.666 61.159 13.110 16.096 OTHERS -1
2 134.367 58.463 10.142 12.918 OTHERS -1
3 145.240 54.247 9.407 11.867 OTHERS -1
4 110.493 63.267 10.365 13.716 OTHERS -1
5 70.202 59.319 19.642 24.372 OTHERS 1
6 256.525 60.236 9.088 11.199 OTHERS -1
7 227.539 66.137 8.908 11.227 OTHERS -1
8 122.823 66.358 10.467 12.803 OTHERS -1
9 155.976 62.640 8.522 11.224 OTHERS -1
11 246.372 63.189 7.564 9.746 OTHERS -1
12 161.454 61.547 8.323 10.794 OTHERS -1
13 0.894 34.444 24.027 55.165 OTHERS -1
