0 401.192 187.214 36.662 43.893 OTHERS -1
1 265.803 178.369 38.925 50.276 OTHERS -1
2 768.242 148.701 42.601 50.717 OTHERS -1
3 572.845 182.462 40.161 51.698 OTHERS -1
4 443.800 199.494 37.908 49.780 OTHERS -1
5 152.255 138.275 12.005 15.209 OTHERS -1
6 667.786 101.397 12.004 15.531 OTHERS -1
7 664.846 141.461 13.163 21.122 OTHERS -1
8 813.330 133.563 14.557 23.166 OTHERS -1
9 619.140 146.862 11.807 22.874 OTHERS -1
10 231.812 146.929 8.435 13.801 OTHERS -1
11 745.946 132.870 14.766 18.317 OTHERS -1
