12 734.044 304.437 18.467 27.425 XJP 1
0 821.371 323.618 25.106 32.193 OTHERS 1
1 26.825 315.809 21.840 31.897 OTHERS 1
2 868.789 322.104 22.934 35.746 OTHERS -1
3 635.167 290.337 14.554 17.399 OTHERS -1
4 191.320 295.345 17.299 20.194 OTHERS -1
5 715.067 295.276 17.298 22.284 OTHERS -1
6 688.228 302.318 16.068 19.785 OTHERS -1
7 152.049 298.789 16.666 21.296 OTHERS 1
8 221.388 289.107 13.164 17.813 OTHERS -1
9 112.839 316.536 16.457 23.933 OTHERS 1
10 175.562 304.073 16.667 24.859 OTHERS -1
11 653.238 291.493 14.992 19.426 OTHERS -1
