3 138.895 38.293 21.917 27.148 XJP 0
0 263.931 44.941 15.940 20.283 OTHERS 2
1 78.846 52.223 14.656 18.841 OTHERS -1
2 183.233 52.811 14.220 17.653 OTHERS -1
4 7.356 50.294 15.503 18.953 OTHERS -1
5 207.727 51.710 13.572 16.504 OTHERS -1
6 279.641 52.355 19.238 21.184 OTHERS 0
7 223.082 44.747 18.393 24.029 OTHERS 0
8 198.141 46.506 10.425 13.056 OTHERS -1
9 31.112 38.017 19.949 25.960 OTHERS -1
10 119.698 56.823 13.776 15.529 OTHERS -1
11 159.334 45.597 15.196 20.876 OTHERS -1
12 89.176 47.060 13.813 18.532 OTHERS -1
