1 144.936 26.727 24.073 33.004 XJP 1
0 20.416 35.087 26.008 34.764 OTHERS 1
2 87.608 13.558 13.728 18.597 OTHERS -1
3 37.291 4.834 20.156 25.087 OTHERS 2
4 102.250 19.915 12.185 16.294 OTHERS -1
5 61.979 18.945 13.688 18.522 OTHERS 2
6 121.950 53.288 13.172 17.072 OTHERS -1
7 119.497 26.970 10.124 13.168 OTHERS -1
8 119.153 5.477 8.789 11.456 OTHERS -1
9 135.394 54.306 10.862 14.386 OTHERS -1
10 67.455 0.094 12.284 12.839 OTHERS -1
11 135.863 28.332 9.783 11.835 OTHERS -1
12 107.013 8.938 10.021 12.153 OTHERS -1
