0 381.877 178.830 52.187 63.345 XJP 0
1 550.790 204.305 54.631 75.525 OTHERS 0
2 499.507 198.492 31.725 36.045 OTHERS 0
3 256.469 194.592 44.297 53.904 OTHERS 0
4 799.980 174.656 46.481 71.332 OTHERS -1
5 48.677 178.599 45.745 51.318 OTHERS 1
6 693.354 203.641 35.859 37.966 OTHERS -1
7 144.796 196.508 26.872 42.271 OTHERS 1
8 660.771 204.582 31.840 41.199 OTHERS 0
9 683.353 247.581 45.587 52.763 OTHERS 0
10 230.199 184.162 26.815 39.701 OTHERS -1
11 430.651 204.348 27.781 33.097 OTHERS -1
12 601.773 229.663 24.902 36.079 OTHERS -1
13 476.274 219.268 20.919 27.361 OTHERS -1
