0 198.851 73.500 17.339 20.081 OTHERS -1
1 141.520 30.420 10.560 12.767 OTHERS -1
2 137.904 79.600 11.467 14.505 OTHERS -1
3 214.240 58.052 10.808 12.733 OTHERS -1
4 156.132 37.564 11.652 13.495 OTHERS -1
5 72.242 52.931 13.736 16.967 OTHERS -1
6 118.286 26.861 11.030 12.760 OTHERS -1
7 156.787 55.807 13.001 15.058 OTHERS -1
8 69.622 27.787 11.302 13.118 OTHERS -1
9 184.963 55.196 15.179 16.001 OTHERS -1
10 125.409 37.885 13.163 14.752 OTHERS -1
11 165.892 30.382 10.430 11.823 OTHERS -1
12 85.746 75.757 13.748 16.112 OTHERS -1
13 111.823 75.097 14.081 16.526 OTHERS -1
14 92.803 30.872 11.721 13.210 OTHERS -1
15 191.375 30.924 10.188 11.685 OTHERS -1
