16 269.119 110.041 39.807 54.590 XJP 1
0 229.561 143.844 32.222 38.524 OTHERS 0
1 185.356 118.874 34.617 39.400 OTHERS 2
2 55.811 7.778 35.547 39.749 OTHERS -1
3 386.908 127.112 35.692 44.636 OTHERS 1
4 126.559 75.072 31.828 36.624 OTHERS -1
5 71.812 55.038 32.265 42.341 OTHERS 1
6 215.302 68.541 29.900 35.540 OTHERS 0
7 152.071 113.677 32.881 43.573 OTHERS 1
8 191.674 38.407 28.248 33.484 OTHERS -1
9 9.012 57.706 39.618 46.649 OTHERS -1
10 95.484 11.732 27.238 34.242 OTHERS 1
11 132.772 32.924 28.940 32.269 OTHERS -1
12 327.743 91.302 26.097 29.403 OTHERS 0
13 344.789 133.132 27.010 29.267 OTHERS 0
14 246.416 48.317 26.100 29.994 OTHERS 2
15 91.049 133.599 31.388 43.348 OTHERS 1
17 309.815 50.044 23.429 26.271 OTHERS 0
18 363.767 99.019 23.343 27.408 OTHERS 2
19 0.339 14.472 27.390 32.990 OTHERS -1
20 439.315 96.776 23.455 25.003 OTHERS 0
21 432.373 137.191 23.515 25.951 OTHERS 2
22 253.798 0.550 23.744 25.145 OTHERS 0
23 378.697 0.163 18.916 22.208 OTHERS -1
24 461.867 133.078 23.433 24.793 OTHERS 2
25 469.203 96.132 19.674 23.333 OTHERS 2
26 66.751 130.472 30.287 46.819 OTHERS -1
27 487.858 129.466 22.390 24.735 OTHERS 0
28 181.464 11.199 22.680 26.302 OTHERS -1
29 361.379 54.106 22.821 25.247 OTHERS 0
30 206.886 10.526 23.395 27.753 OTHERS -1
31 422.497 26.913 20.951 24.325 OTHERS 0
32 276.663 42.321 21.952 26.285 OTHERS -1
33 462.621 63.102 20.593 22.128 OTHERS -1
34 518.098 134.721 21.610 24.841 OTHERS 0
35 510.422 99.010 21.080 24.562 OTHERS 2
36 341.584 9.508 22.604 24.918 OTHERS 0
37 530.307 66.792 20.997 22.095 OTHERS 0
38 394.081 54.193 22.209 24.320 OTHERS 2
39 478.784 14.361 20.348 22.232 OTHERS 2
40 446.768 9.865 21.434 23.259 OTHERS 0
41 431.112 65.718 23.221 24.642 OTHERS -1
42 501.704 58.137 22.525 23.076 OTHERS 0
43 307.311 22.213 21.248 23.835 OTHERS -1
44 378.957 37.420 15.181 17.548 OTHERS -1
