5 116.384 116.897 17.653 23.050 PLY 1
0 302.337 73.964 38.247 35.499 OTHERS 1
1 259.625 61.936 28.378 32.170 OTHERS 0
2 12.690 118.555 18.200 20.917 OTHERS 2
3 455.691 105.988 16.997 22.615 OTHERS 2
4 41.635 130.364 22.663 26.635 OTHERS 2
6 201.599 113.178 10.950 13.797 OTHERS -1
7 488.515 112.724 9.780 12.475 OTHERS -1
8 50.590 112.341 11.907 14.487 OTHERS -1
9 71.239 110.556 10.605 13.279 OTHERS -1
10 434.422 106.976 11.331 13.269 OTHERS -1
11 181.004 108.166 10.228 12.358 OTHERS -1
12 418.642 110.027 9.137 11.272 OTHERS -1
