0 309.671 129.856 24.265 29.078 XJP 0
1 17.349 166.112 17.878 21.953 OTHERS 2
2 441.338 165.347 13.789 17.623 OTHERS -1
3 215.960 173.002 14.796 15.551 OTHERS -1
4 258.920 166.616 13.228 17.437 OTHERS -1
5 483.921 167.616 13.037 16.963 OTHERS -1
6 160.866 166.931 14.949 17.661 OTHERS -1
7 429.730 171.872 11.369 15.075 OTHERS -1
8 181.164 169.025 13.027 17.074 OTHERS -1
9 239.278 174.669 12.621 15.706 OTHERS -1
10 504.229 153.390 19.382 26.075 OTHERS 2
11 387.632 172.231 13.198 17.379 OTHERS -1
12 413.394 176.679 11.852 15.406 OTHERS -1
13 623.131 134.595 19.284 24.107 OTHERS 0
14 132.990 144.190 19.103 25.332 OTHERS 2
15 602.348 149.179 13.107 20.377 OTHERS -1
16 528.100 138.741 16.055 20.240 OTHERS -1
