3 193.538 80.886 12.092 15.218 XJP -1
0 364.482 99.958 21.535 23.879 OTHERS 2
1 1.968 81.269 23.955 25.339 OTHERS 0
2 325.689 100.119 14.372 17.732 OTHERS 0
4 46.998 93.040 15.537 18.704 OTHERS -1
5 256.116 84.413 12.544 15.712 OTHERS -1
6 285.350 96.359 11.253 13.804 OTHERS -1
7 64.562 103.734 14.521 17.414 OTHERS -1
8 60.257 84.583 10.876 13.849 OTHERS -1
9 195.178 134.007 9.098 10.812 OTHERS -1
10 308.336 89.792 11.081 14.383 OTHERS -1
11 98.421 102.331 13.005 15.154 OTHERS -1
12 77.032 84.182 12.899 16.980 OTHERS -1
13 375.688 85.596 17.810 19.233 OTHERS -1
14 164.770 100.382 9.082 11.543 OTHERS -1
15 163.729 89.217 9.070 10.841 OTHERS -1
16 335.720 90.139 11.127 12.984 OTHERS -1
17 100.445 90.532 8.752 10.281 OTHERS -1
