0 889.587 470.925 30.810 42.575 OTHERS -1
1 319.773 461.372 36.840 47.505 OTHERS -1
2 604.310 158.019 29.226 38.430 OTHERS -1
3 403.809 545.107 29.736 45.811 OTHERS -1
4 158.899 219.580 24.909 43.766 OTHERS -1
5 51.401 520.067 41.041 61.874 OTHERS -1
6 815.906 296.169 25.981 34.102 OTHERS -1
7 259.220 235.899 29.491 45.647 OTHERS -1
8 415.461 456.386 32.025 42.437 OTHERS -1
9 745.487 575.099 33.925 37.290 OTHERS -1
10 44.369 188.263 33.168 43.034 OTHERS -1
11 120.312 436.525 31.541 60.578 OTHERS -1
12 574.599 527.529 28.580 43.600 OTHERS -1
13 136.288 366.148 37.843 56.895 OTHERS -1
14 692.877 462.418 26.645 35.968 OTHERS -1
15 69.617 76.408 25.967 41.540 OTHERS -1
16 547.928 540.055 31.931 54.545 OTHERS -1
17 476.344 361.496 26.840 44.931 OTHERS -1
18 541.128 57.955 24.613 32.370 OTHERS -1
19 614.530 414.202 31.707 45.650 OTHERS -1
20 117.729 283.515 34.166 50.718 OTHERS -1
21 830.372 219.313 24.262 34.754 OTHERS -1
22 265.255 386.635 31.812 47.912 OTHERS -1
23 175.381 55.797 31.258 35.197 OTHERS -1
24 565.214 164.652 26.396 35.501 OTHERS -1
25 755.713 459.917 37.886 46.016 OTHERS -1
