0 244.478 18.702 28.353 37.347 XJP 0
1 314.870 11.374 29.607 37.340 OTHERS 0
2 26.622 112.333 13.865 17.228 OTHERS -1
3 264.781 107.482 12.920 17.562 OTHERS -1
4 283.482 113.903 10.749 13.415 OTHERS -1
5 314.816 113.829 10.918 14.067 OTHERS -1
6 98.177 105.248 9.798 13.370 OTHERS -1
7 193.260 111.324 10.359 13.100 OTHERS -1
8 419.311 120.382 9.586 11.900 OTHERS -1
9 302.891 112.416 9.531 12.162 OTHERS -1
10 406.395 121.206 9.338 11.426 OTHERS -1
11 376.185 117.206 8.343 10.955 OTHERS -1
12 114.638 114.371 13.770 18.847 OTHERS -1
