0 70.898 274.851 35.259 42.461 OTHERS -1
1 541.150 341.095 44.970 66.342 OTHERS -1
2 124.536 262.276 29.905 40.209 OTHERS -1
3 236.151 286.203 41.682 55.363 OTHERS -1
4 573.565 294.598 33.224 51.863 OTHERS -1
5 738.451 273.309 26.728 36.905 OTHERS -1
6 767.263 235.181 25.370 30.955 OTHERS -1
7 422.546 264.980 23.972 38.220 OTHERS -1
8 444.465 252.833 21.800 32.555 OTHERS -1
9 159.473 210.787 15.844 21.190 OTHERS -1
10 145.367 243.558 19.878 28.688 OTHERS -1
11 595.930 256.752 25.268 30.624 OTHERS -1
12 131.309 221.188 20.603 25.105 OTHERS -1
13 502.056 234.418 15.541 23.567 OTHERS -1
14 98.869 200.083 14.445 17.804 OTHERS -1
15 918.243 158.696 14.128 23.498 OTHERS -1
16 8.568 218.983 16.481 23.755 OTHERS -1
17 382.186 233.313 16.462 23.486 OTHERS -1
18 589.123 275.847 22.295 34.085 OTHERS -1
