8 229.166 140.097 41.415 54.725 XJP 0
0 765.156 143.571 38.108 46.098 OTHERS 1
1 290.560 135.148 27.807 36.159 OTHERS 0
2 376.454 155.326 27.190 32.342 OTHERS 0
3 455.803 126.612 28.336 34.520 OTHERS 2
4 159.171 140.698 26.517 34.556 OTHERS 2
5 592.826 199.941 47.332 78.333 OTHERS -1
6 722.970 266.155 65.373 105.971 OTHERS -1
7 707.363 217.639 42.410 60.178 OTHERS -1
9 141.374 132.492 21.409 28.907 OTHERS -1
10 3.669 144.087 21.249 26.976 OTHERS 0
11 554.574 134.258 19.243 24.858 OTHERS 2
12 520.651 151.709 23.140 28.227 OTHERS -1
13 677.019 145.663 20.621 23.224 OTHERS -1
14 757.895 143.594 8.308 10.412 OTHERS -1
