4 334.727 64.291 45.147 67.794 XJP 1
0 11.498 65.469 47.423 72.337 OTHERS 1
1 38.021 -0.280 31.967 34.411 OTHERS 1
2 65.952 70.900 46.189 69.740 OTHERS 1
3 113.429 90.526 33.396 53.066 OTHERS 1
5 99.399 -0.258 23.077 35.680 OTHERS 1
6 166.752 95.374 21.802 43.380 OTHERS -1
7 142.686 10.113 22.664 30.360 OTHERS -1
8 124.554 53.138 23.702 37.781 OTHERS 1
9 228.028 114.719 20.536 34.241 OTHERS -1
10 286.608 105.845 14.449 18.077 OTHERS -1
11 167.247 0.403 15.812 16.434 OTHERS -1
12 243.601 87.330 18.122 23.034 OTHERS -1
13 295.373 135.592 17.377 20.841 OTHERS -1
14 305.111 82.771 12.957 16.858 OTHERS -1
15 320.345 105.279 13.442 17.665 OTHERS -1
16 453.584 124.680 12.576 17.730 OTHERS -1
17 281.528 71.851 14.392 19.140 OTHERS -1
18 225.407 63.242 15.253 19.963 OTHERS -1
19 301.733 103.475 13.372 18.209 OTHERS -1
20 214.949 24.894 13.343 17.384 OTHERS -1
21 234.703 28.883 12.317 16.268 OTHERS -1
22 186.790 16.143 16.568 25.909 OTHERS -1
23 281.438 38.909 10.902 15.050 OTHERS -1
24 319.245 81.707 12.618 16.284 OTHERS -1
25 265.391 93.831 14.254 19.002 OTHERS -1
26 272.691 57.723 11.793 14.967 OTHERS -1
27 277.349 126.627 15.046 22.533 OTHERS -1
28 313.389 52.389 10.828 13.757 OTHERS -1
29 299.539 42.794 11.566 15.234 OTHERS -1
30 210.685 76.838 19.702 25.312 OTHERS -1
31 255.994 34.750 12.690 15.497 OTHERS -1
32 200.809 105.044 19.290 32.889 OTHERS -1
33 286.871 30.129 9.618 11.895 OTHERS -1
34 295.968 62.252 13.153 16.122 OTHERS -1
35 469.484 131.875 12.264 18.454 OTHERS -1
36 258.466 68.910 13.305 17.249 OTHERS -1
37 435.698 98.153 9.575 11.661 OTHERS -1
38 320.793 35.945 9.785 12.181 OTHERS -1
39 198.180 48.010 17.808 24.033 OTHERS -1
40 206.163 8.893 11.862 16.156 OTHERS -1
41 411.864 82.206 9.642 12.100 OTHERS -1
42 233.066 11.806 11.272 13.945 OTHERS -1
43 268.198 29.867 11.161 14.116 OTHERS -1
44 162.339 65.843 19.544 28.991 OTHERS -1
45 406.600 80.111 10.181 12.639 OTHERS -1
