1 562.277 154.565 56.160 90.324 XJP 1
0 364.563 168.541 52.831 81.044 OTHERS -1
2 809.806 226.912 31.436 40.978 OTHERS -1
3 906.505 246.053 30.598 35.831 OTHERS -1
4 184.272 288.257 35.875 43.111 OTHERS 2
5 746.600 210.648 31.075 42.099 OTHERS -1
6 517.291 257.101 36.439 53.449 OTHERS -1
7 58.816 314.177 37.021 46.690 OTHERS 2
8 101.906 291.002 27.083 34.647 OTHERS -1
9 679.396 205.710 45.563 55.536 OTHERS -1
10 12.709 248.794 24.486 28.021 OTHERS -1
11 862.454 233.605 24.264 33.312 OTHERS -1
12 235.724 231.372 14.623 17.590 OTHERS -1
13 887.780 241.048 21.101 31.100 OTHERS -1
14 254.606 225.095 13.165 17.257 OTHERS -1
15 54.884 253.035 19.835 23.883 OTHERS -1
16 171.452 217.888 18.276 22.314 OTHERS -1
17 408.311 269.342 16.630 20.866 OTHERS -1
18 558.922 248.091 10.479 12.881 OTHERS -1
19 25.826 199.400 19.063 22.606 OTHERS -1
20 206.891 228.519 13.109 16.860 OTHERS -1
21 125.131 283.556 19.691 28.143 OTHERS -1
22 244.696 215.692 10.996 12.681 OTHERS -1
23 114.686 287.582 22.028 30.117 OTHERS -1
24 112.699 210.849 14.688 21.364 OTHERS -1
