64 443.895 267.396 22.014 25.939 XJP -1
0 493.592 68.354 17.190 21.938 OTHERS -1
1 530.136 159.969 18.475 21.445 OTHERS -1
2 109.883 265.590 23.423 26.534 OTHERS -1
3 656.831 125.875 19.098 20.677 OTHERS 2
4 440.249 132.015 18.439 22.102 OTHERS -1
5 630.209 101.759 16.587 20.442 OTHERS -1
6 296.686 164.183 18.113 20.886 OTHERS -1
7 113.809 98.597 17.803 23.242 OTHERS -1
8 265.924 81.106 16.848 20.220 OTHERS -1
9 606.721 121.431 18.208 20.459 OTHERS -1
10 542.170 76.177 17.526 22.293 OTHERS -1
11 317.040 191.181 18.749 20.975 OTHERS -1
12 90.250 221.936 22.309 27.689 OTHERS -1
13 705.942 78.448 17.659 21.212 OTHERS -1
14 297.105 102.363 17.134 20.322 OTHERS -1
15 817.129 63.228 18.285 23.162 OTHERS -1
16 522.710 106.272 17.665 20.488 OTHERS -1
17 44.320 87.733 18.613 23.837 OTHERS -1
18 714.893 127.841 18.426 21.746 OTHERS -1
19 863.057 269.931 22.921 27.082 OTHERS -1
20 607.347 190.277 18.848 22.057 OTHERS -1
21 358.488 155.440 18.644 23.177 OTHERS 0
22 677.750 223.769 19.585 23.694 OTHERS -1
23 356.394 106.300 15.966 19.066 OTHERS -1
24 320.368 129.096 18.503 22.332 OTHERS -1
25 557.385 155.621 17.241 20.315 OTHERS -1
26 386.829 70.773 16.858 20.702 OTHERS -1
27 829.918 121.389 19.008 22.158 OTHERS -1
28 733.767 230.680 21.680 27.174 OTHERS -1
29 328.617 80.372 16.463 19.842 OTHERS -1
30 856.542 100.609 19.900 23.377 OTHERS -1
31 500.637 177.058 19.926 24.852 OTHERS 0
32 412.155 95.936 16.810 20.463 OTHERS -1
33 42.423 155.703 20.215 22.724 OTHERS -1
34 504.103 127.968 19.430 23.677 OTHERS 0
35 759.514 61.085 19.445 22.116 OTHERS -1
36 18.541 219.374 22.981 26.578 OTHERS -1
37 449.095 193.921 20.053 23.907 OTHERS -1
38 572.198 107.858 15.891 19.870 OTHERS -1
39 583.870 157.107 20.363 24.421 OTHERS -1
40 295.294 230.016 20.041 23.851 OTHERS -1
41 141.572 127.413 20.678 22.452 OTHERS -1
42 32.172 262.242 22.342 26.330 OTHERS -1
43 623.373 215.518 20.235 24.509 OTHERS -1
44 595.839 81.831 16.919 19.932 OTHERS -1
45 741.659 160.744 19.007 23.381 OTHERS -1
46 690.511 161.071 18.095 23.137 OTHERS -1
47 631.950 156.534 19.699 24.219 OTHERS -1
48 684.241 109.446 16.462 20.023 OTHERS -1
49 262.157 189.319 19.025 22.745 OTHERS -1
50 360.456 283.833 19.382 23.855 OTHERS -1
51 207.947 133.258 17.390 21.158 OTHERS -1
52 174.417 157.937 19.131 23.831 OTHERS -1
53 860.912 150.692 20.428 24.253 OTHERS -1
54 468.227 104.618 17.448 21.087 OTHERS -1
55 476.084 237.725 18.217 22.393 OTHERS -1
56 231.047 162.886 18.854 23.372 OTHERS -1
57 111.330 148.184 20.115 21.932 OTHERS -1
58 787.036 100.728 18.756 21.202 OTHERS -1
59 440.114 72.705 16.726 20.901 OTHERS -1
60 415.163 155.504 18.738 21.761 OTHERS -1
61 662.464 188.909 19.682 22.245 OTHERS -1
62 790.881 224.538 21.100 25.866 OTHERS 0
63 183.483 111.146 17.469 20.216 OTHERS -1
65 231.156 222.062 20.361 26.249 OTHERS 0
66 879.160 70.999 17.958 20.849 OTHERS -1
67 134.655 198.592 19.845 23.334 OTHERS -1
68 263.283 123.596 18.037 22.013 OTHERS -1
69 62.958 175.821 20.875 26.050 OTHERS -1
70 762.770 137.242 20.255 24.290 OTHERS -1
71 274.779 267.377 21.833 26.237 OTHERS -1
72 199.229 190.854 19.213 23.177 OTHERS -1
73 471.789 163.960 17.311 21.882 OTHERS -1
74 618.791 271.276 21.491 25.685 OTHERS -1
75 567.889 224.406 17.311 20.001 OTHERS -1
76 157.138 216.580 21.856 23.088 OTHERS -1
77 208.403 79.001 16.318 20.054 OTHERS -1
78 557.555 190.665 20.561 24.491 OTHERS 0
79 200.363 271.608 21.491 25.527 OTHERS -1
80 74.301 121.728 20.248 23.537 OTHERS -1
81 155.668 74.049 17.926 23.535 OTHERS -1
82 86.801 67.827 19.300 23.415 OTHERS -1
83 236.133 111.392 17.781 19.135 OTHERS -1
84 799.087 150.188 19.189 21.959 OTHERS -1
85 651.597 72.088 17.434 22.211 OTHERS -1
86 781.937 269.763 21.259 24.955 OTHERS -1
87 382.894 124.262 18.551 24.115 OTHERS -1
88 769.399 192.737 21.997 25.302 OTHERS -1
89 852.968 221.485 21.606 25.520 OTHERS -1
90 714.394 190.533 20.378 25.149 OTHERS 0
91 5.498 118.257 22.348 24.608 OTHERS -1
92 18.772 65.682 20.098 23.794 OTHERS -1
93 395.036 197.022 18.456 23.049 OTHERS -1
94 -0.507 190.520 14.948 23.653 OTHERS -1
95 357.628 208.618 21.965 23.331 OTHERS -1
96 417.261 219.680 20.656 25.682 OTHERS -1
97 694.357 268.507 20.235 25.790 OTHERS -1
98 534.389 269.712 20.788 25.849 OTHERS -1
99 825.447 195.566 20.914 24.601 OTHERS -1
100 518.723 226.643 19.356 25.394 OTHERS -1
101 888.474 138.441 13.747 20.516 OTHERS -1
