6 285.084 101.080 30.359 38.570 PLY 0
7 379.280 87.127 35.121 43.389 XJP 0
0 615.197 103.871 33.052 39.191 OTHERS 0
1 595.636 13.235 32.441 42.263 OTHERS 0
2 154.887 9.335 32.832 39.701 OTHERS 0
3 505.690 99.545 32.829 38.218 OTHERS 0
4 152.489 98.132 34.358 41.015 OTHERS 0
5 711.255 16.465 31.217 39.377 OTHERS 0
8 388.142 28.529 29.520 36.410 OTHERS 0
9 723.227 117.396 31.871 39.053 OTHERS 0
10 480.658 25.611 30.529 41.390 OTHERS 0
11 256.775 13.570 33.168 41.606 OTHERS 0
12 48.753 78.568 33.155 41.450 OTHERS 0
13 47.979 8.310 32.554 39.751 OTHERS 0
14 165.042 194.506 37.748 51.083 OTHERS -1
