0 938.580 350.994 54.982 71.802 OTHERS -1
1 755.840 409.410 52.830 67.056 OTHERS -1
2 1182.425 335.980 67.409 84.125 OTHERS -1
3 1111.806 358.860 50.173 66.391 OTHERS -1
4 1342.220 376.764 57.177 72.527 OTHERS -1
5 1634.291 362.149 48.408 60.946 OTHERS -1
6 1561.643 345.544 66.348 81.708 OTHERS -1
7 373.425 542.337 53.487 72.496 OTHERS -1
8 294.017 545.876 24.511 27.327 OTHERS -1
9 1320.897 404.685 41.266 56.354 OTHERS -1
10 626.366 528.271 25.428 33.893 OTHERS -1
11 1318.840 20.031 15.412 18.678 OTHERS -1
12 515.500 510.629 12.285 14.983 OTHERS -1
13 1252.182 11.907 13.565 17.641 OTHERS -1
14 1527.832 19.340 14.650 18.951 OTHERS -1
15 686.218 507.000 10.800 14.668 OTHERS -1
16 871.732 128.473 11.755 15.500 OTHERS -1
17 488.751 500.480 15.598 18.921 OTHERS -1
18 1289.439 83.713 13.379 17.635 OTHERS -1
19 746.547 149.133 11.347 14.445 OTHERS -1
20 1415.547 0.342 15.877 16.581 OTHERS -1
21 634.827 190.559 10.049 12.292 OTHERS -1
22 1141.610 48.693 11.668 17.681 OTHERS -1
