0 574.623 216.480 52.229 61.424 XJP 1
1 767.515 217.878 39.017 44.007 OTHERS 2
2 60.520 264.544 28.937 35.526 OTHERS -1
3 552.606 243.442 33.671 45.649 OTHERS 2
4 28.996 286.623 44.292 43.729 OTHERS 2
5 667.915 247.874 28.030 32.846 OTHERS -1
6 103.127 282.787 14.201 16.729 OTHERS -1
7 455.108 267.300 19.072 22.781 OTHERS -1
8 236.093 281.798 13.440 16.308 OTHERS -1
9 415.451 282.475 16.592 20.653 OTHERS -1
10 388.939 273.789 15.191 17.550 OTHERS -1
11 537.118 273.406 13.516 16.452 OTHERS -1
12 200.147 284.793 11.992 14.963 OTHERS -1
13 498.579 258.422 19.597 25.567 OTHERS -1
14 721.201 268.018 11.208 13.363 OTHERS -1
15 478.022 274.935 10.624 13.361 OTHERS -1
16 157.425 285.012 13.017 14.845 OTHERS -1
