6 497.659 224.917 14.094 18.761 XJP 2
0 240.684 294.171 23.098 26.223 OTHERS -1
1 87.314 218.386 12.876 15.995 OTHERS -1
2 792.587 266.007 19.133 25.818 OTHERS -1
3 441.860 218.337 13.312 16.269 OTHERS -1
4 717.117 253.651 17.532 23.175 OTHERS -1
5 364.677 210.050 10.811 14.784 OTHERS -1
7 215.100 212.572 11.638 13.522 OTHERS -1
8 65.312 240.828 13.773 21.647 OTHERS -1
9 37.276 239.440 12.298 15.383 OTHERS -1
10 151.274 214.970 11.778 14.349 OTHERS -1
11 573.905 242.754 16.265 15.773 OTHERS -1
12 118.259 265.717 14.697 21.266 OTHERS -1
13 92.400 245.747 13.252 23.837 OTHERS -1
14 182.295 277.657 11.010 23.133 OTHERS -1
15 386.239 216.727 10.824 13.519 OTHERS -1
16 17.099 234.074 10.286 14.700 OTHERS -1
17 316.294 322.576 18.674 35.272 OTHERS -1
