0 149.794 237.239 13.347 17.148 OTHERS -1
1 79.790 239.703 15.693 21.217 OTHERS -1
2 753.809 277.363 20.164 30.358 OTHERS -1
3 199.335 240.321 11.744 15.470 OTHERS -1
4 393.177 240.456 10.686 13.796 OTHERS -1
5 656.591 261.994 13.780 16.747 OTHERS -1
6 734.290 219.906 9.351 12.410 OTHERS -1
7 596.018 257.426 11.324 14.208 OTHERS -1
8 553.887 249.926 10.553 13.804 OTHERS -1
9 444.197 243.917 10.272 13.481 OTHERS -1
10 302.497 242.937 9.972 12.398 OTHERS -1
11 691.923 222.175 9.586 12.187 OTHERS -1
12 495.331 250.901 10.252 13.171 OTHERS -1
13 344.133 243.990 9.679 11.552 OTHERS -1
14 673.229 224.251 9.057 10.854 OTHERS -1
15 628.848 222.922 8.693 10.604 OTHERS -1
16 719.002 227.286 8.621 10.562 OTHERS -1
