10 242.575 94.071 9.422 11.911 XJP -1
0 47.858 118.144 26.660 35.026 OTHERS 1
1 253.675 74.432 23.613 30.744 OTHERS -1
2 183.256 99.187 15.565 20.171 OTHERS -1
3 351.315 83.369 16.461 19.866 OTHERS -1
4 56.801 84.156 21.458 27.276 OTHERS 1
5 167.198 105.393 11.826 15.608 OTHERS -1
6 101.364 116.760 20.401 26.553 OTHERS 1
7 -0.982 81.780 21.451 33.900 OTHERS -1
8 134.733 95.258 13.518 15.413 OTHERS -1
9 336.825 97.806 11.172 13.849 OTHERS -1
11 142.014 113.999 15.853 18.434 OTHERS -1
12 291.456 94.544 9.538 12.032 OTHERS -1
