0 447.804 261.728 32.619 36.847 XJP 0
1 291.677 272.713 31.633 32.123 OTHERS 2
2 860.978 273.907 27.778 35.456 OTHERS -1
3 409.404 289.188 28.165 32.448 OTHERS 2
4 97.625 282.791 24.604 33.465 OTHERS -1
5 664.066 251.808 29.737 43.218 OTHERS 1
6 707.621 234.253 35.206 48.986 OTHERS -1
7 626.053 262.004 29.264 39.992 OTHERS -1
8 762.862 227.659 41.302 53.223 OTHERS 1
9 830.375 273.419 27.713 32.133 OTHERS -1
10 912.606 267.676 26.006 36.460 OTHERS 1
11 887.492 270.700 25.985 36.306 OTHERS -1
12 605.527 266.633 21.987 34.414 OTHERS -1
13 517.466 269.785 18.142 26.390 OTHERS -1
14 581.473 266.446 21.248 28.238 OTHERS -1
15 244.794 319.549 14.206 19.281 OTHERS -1
