0 256.216 37.777 54.280 70.048 XJP 2
1 378.448 72.967 40.171 49.988 OTHERS 2
2 88.109 63.956 41.395 55.881 OTHERS 1
3 129.320 75.248 23.723 34.442 OTHERS 1
4 171.036 72.305 23.467 31.667 OTHERS 0
5 149.776 84.284 22.642 32.922 OTHERS -1
6 79.998 132.519 41.437 67.922 OTHERS -1
7 243.006 78.948 10.917 15.200 OTHERS -1
8 193.432 72.973 20.766 25.893 OTHERS 0
9 222.937 85.569 11.222 14.376 OTHERS -1
10 223.959 70.817 9.720 13.004 OTHERS -1
11 43.479 83.069 15.404 19.105 OTHERS -1
12 6.609 85.479 14.989 19.363 OTHERS -1
