27 486.446 245.510 33.924 45.765 XJP -1
0 190.347 11.222 28.594 37.038 OTHERS -1
1 567.203 265.846 29.374 37.153 OTHERS -1
2 659.977 256.714 31.257 40.635 OTHERS -1
3 223.356 262.024 34.886 47.656 OTHERS -1
4 205.884 164.348 31.584 42.688 OTHERS -1
5 407.317 176.799 30.138 39.186 OTHERS -1
6 172.965 111.953 31.101 40.436 OTHERS -1
7 239.857 106.662 29.561 38.255 OTHERS 1
8 384.420 114.012 27.778 36.033 OTHERS -1
9 150.443 184.940 29.161 39.430 OTHERS -1
10 85.406 159.176 32.989 45.954 OTHERS -1
11 223.574 58.143 27.408 35.092 OTHERS -1
12 706.946 254.566 29.674 42.890 OTHERS 1
13 296.679 189.105 28.030 38.565 OTHERS -1
14 294.445 109.617 29.383 37.867 OTHERS -1
15 9.974 176.666 31.948 44.658 OTHERS 1
16 351.158 173.530 30.046 39.517 OTHERS 1
17 126.726 106.697 31.862 42.471 OTHERS 1
18 310.227 65.414 27.472 35.939 OTHERS 1
19 79.632 -0.186 29.524 36.112 OTHERS -1
20 55.242 52.628 28.321 37.732 OTHERS -1
21 514.209 232.647 29.167 40.477 OTHERS -1
22 108.493 69.926 27.474 35.219 OTHERS 2
23 751.464 256.534 26.896 39.069 OTHERS -1
24 837.366 247.535 28.065 35.755 OTHERS -1
25 548.925 170.693 28.437 37.267 OTHERS 1
26 123.125 275.871 37.364 55.162 OTHERS 1
28 288.992 249.817 33.212 49.050 OTHERS 1
29 339.265 114.527 28.008 37.777 OTHERS -1
30 0.565 49.960 25.849 37.943 OTHERS -1
31 503.724 178.351 27.627 36.154 OTHERS 1
32 459.439 168.581 28.532 39.335 OTHERS 1
33 470.986 114.215 28.101 34.566 OTHERS -1
34 191.357 237.589 31.461 48.124 OTHERS -1
35 440.499 251.147 33.697 49.142 OTHERS 1
36 273.292 63.336 28.320 37.634 OTHERS -1
37 736.104 179.582 25.240 31.627 OTHERS 1
38 139.859 8.116 27.182 35.666 OTHERS -1
39 697.025 172.430 26.141 32.337 OTHERS -1
40 56.831 106.429 30.917 39.531 OTHERS -1
41 316.235 242.085 28.206 41.818 OTHERS -1
42 710.731 215.902 27.159 33.680 OTHERS -1
43 793.716 245.879 27.215 36.303 OTHERS 1
44 466.125 72.963 26.863 31.664 OTHERS -1
45 368.340 259.201 31.741 45.157 OTHERS -1
46 264.000 163.702 31.094 43.745 OTHERS 1
47 59.191 224.546 36.037 52.030 OTHERS -1
48 609.505 251.432 31.795 48.262 OTHERS 1
49 453.551 42.206 25.836 29.587 OTHERS -1
50 168.690 45.748 30.000 42.432 OTHERS 1
51 662.528 176.638 26.467 35.649 OTHERS -1
52 385.639 30.002 24.910 32.381 OTHERS -1
53 520.546 125.119 25.599 34.030 OTHERS 1
54 433.698 71.878 24.792 33.042 OTHERS 1
55 342.782 21.580 24.446 29.071 OTHERS -1
56 666.584 86.451 23.532 30.335 OTHERS -1
57 23.256 262.369 36.573 53.850 OTHERS 1
58 362.548 65.060 26.507 31.429 OTHERS -1
59 35.139 4.003 25.827 35.379 OTHERS -1
60 583.077 176.240 26.068 32.184 OTHERS -1
61 890.293 259.691 26.436 34.338 OTHERS -1
62 593.113 84.930 24.404 30.629 OTHERS -1
63 298.661 24.105 24.640 31.005 OTHERS -1
64 252.065 25.256 25.037 31.202 OTHERS -1
65 394.753 71.693 25.569 32.982 OTHERS -1
66 627.607 85.450 23.779 29.563 OTHERS -1
67 132.431 238.145 35.945 47.887 OTHERS -1
68 738.848 134.249 22.428 29.002 OTHERS -1
69 884.381 227.640 23.981 31.175 OTHERS -1
70 818.990 130.510 23.391 28.908 OTHERS -1
71 512.184 14.955 23.779 26.904 OTHERS -1
72 373.117 223.276 27.190 36.192 OTHERS -1
73 913.318 248.862 23.333 34.228 OTHERS -1
74 595.367 125.317 24.195 28.816 OTHERS -1
75 635.260 137.201 22.659 27.965 OTHERS -1
76 833.774 221.017 26.072 31.960 OTHERS -1
77 637.612 193.003 25.820 31.080 OTHERS -1
78 498.100 41.535 23.944 29.728 OTHERS -1
79 481.762 -0.070 24.189 28.190 OTHERS -1
80 420.610 41.011 25.024 31.604 OTHERS -1
81 562.777 84.711 22.869 29.112 OTHERS -1
82 789.049 87.028 21.429 28.410 OTHERS -1
83 439.638 8.291 22.047 28.770 OTHERS -1
84 530.391 89.403 23.574 29.505 OTHERS -1
85 359.027 0.446 23.456 28.120 OTHERS -1
86 803.632 185.499 22.152 29.078 OTHERS -1
87 764.896 176.014 23.454 32.095 OTHERS -1
88 594.371 52.799 18.227 22.273 OTHERS -1
89 -0.741 108.917 23.186 42.582 OTHERS -1
90 543.890 14.010 21.822 27.435 OTHERS -1
91 703.109 126.022 22.376 27.759 OTHERS -1
92 829.891 182.663 21.189 27.801 OTHERS -1
93 666.905 130.698 23.547 28.671 OTHERS -1
94 774.009 137.821 22.925 28.943 OTHERS -1
95 684.000 58.420 20.571 25.127 OTHERS -1
96 426.646 136.535 20.098 28.023 OTHERS -1
97 856.360 136.709 20.866 28.085 OTHERS -1
98 397.012 228.334 28.339 39.669 OTHERS -1
99 549.394 138.784 22.436 29.462 OTHERS -1
100 699.785 84.189 22.361 26.809 OTHERS -1
101 892.136 177.522 21.385 29.144 OTHERS -1
102 655.859 55.277 19.076 25.370 OTHERS -1
103 731.484 105.187 20.059 23.506 OTHERS -1
104 885.268 137.158 21.304 27.897 OTHERS -1
105 861.541 177.518 20.486 28.914 OTHERS -1
106 313.064 0.338 22.049 25.215 OTHERS -1
107 631.279 49.242 20.451 26.009 OTHERS -1
108 526.506 53.106 21.066 26.979 OTHERS -1
109 707.630 55.714 20.137 25.819 OTHERS -1
110 908.999 222.711 23.346 26.619 OTHERS -1
111 566.329 51.351 20.938 26.024 OTHERS -1
112 653.559 234.246 26.205 33.058 OTHERS -1
113 747.123 60.469 19.887 26.454 OTHERS -1
114 394.759 0.010 24.087 23.640 OTHERS -1
115 762.314 91.212 21.203 26.091 OTHERS -1
116 751.418 234.343 25.233 33.481 OTHERS -1
117 921.389 178.383 12.866 23.093 OTHERS -1
118 457.362 219.251 31.759 41.572 OTHERS -1
