2 390.855 151.694 74.857 88.490 XJP 1
0 27.699 178.753 52.736 68.904 OTHERS 2
1 323.317 164.289 56.421 72.120 OTHERS 0
3 588.232 203.155 51.282 61.127 OTHERS 2
4 710.938 171.800 49.362 57.681 OTHERS 0
5 145.375 204.049 54.619 94.499 OTHERS -1
6 751.072 202.370 30.948 41.789 OTHERS -1
7 641.272 200.703 27.526 35.477 OTHERS -1
8 211.633 167.189 33.237 43.903 OTHERS -1
9 497.869 149.717 42.388 50.762 OTHERS 2
10 779.257 204.905 22.239 38.639 OTHERS -1
11 563.671 210.476 18.533 19.832 OTHERS -1
12 536.387 199.497 16.373 18.975 OTHERS -1
