1 328.074 331.748 60.439 82.010 XJP 0
5 296.401 60.001 54.444 67.904 XJP 1
0 209.496 492.763 71.388 77.110 OTHERS 0
2 4.734 366.222 68.873 84.826 OTHERS 2
3 584.621 341.089 55.991 73.564 OTHERS 0
4 492.004 390.742 54.269 64.082 OTHERS 0
6 212.519 354.802 57.489 69.675 OTHERS 0
7 128.860 364.585 64.295 75.081 OTHERS 0
8 700.482 386.480 54.558 62.115 OTHERS 0
9 569.056 49.982 59.032 66.173 OTHERS -1
10 420.629 339.147 52.270 66.813 OTHERS 0
11 734.682 519.399 62.709 80.815 OTHERS 0
12 159.348 101.638 32.286 35.914 OTHERS 0
13 238.111 96.149 27.106 31.168 OTHERS 2
14 95.773 90.944 34.298 44.179 OTHERS -1
15 629.563 67.768 41.448 46.767 OTHERS 0
16 9.038 80.263 44.750 84.134 OTHERS 1
17 556.364 297.860 44.511 45.148 OTHERS 2
18 715.587 129.050 37.505 54.781 OTHERS -1
19 201.831 112.412 21.029 24.515 OTHERS -1
20 266.420 115.482 20.879 23.657 OTHERS -1
21 51.679 112.090 40.804 52.163 OTHERS -1
