6 186.663 73.365 18.837 25.475 XJP 1
0 10.517 15.169 18.611 22.279 OTHERS 1
1 111.935 37.015 11.609 12.920 OTHERS -1
2 102.706 47.797 10.001 12.752 OTHERS -1
3 103.954 86.349 15.077 20.347 OTHERS -1
4 344.902 95.099 8.713 10.523 OTHERS -1
5 170.482 53.138 11.051 12.419 OTHERS -1
7 362.402 90.779 9.677 11.632 OTHERS -1
8 42.035 22.021 15.224 17.759 OTHERS -1
9 241.747 88.412 17.147 19.905 OTHERS -1
10 105.253 22.009 11.356 13.267 OTHERS -1
11 84.776 10.608 15.280 17.558 OTHERS -1
12 76.904 36.848 15.677 18.032 OTHERS -1
