0 309.545 190.306 33.410 39.844 OTHERS -1
1 367.123 193.620 30.224 43.535 OTHERS -1
2 748.279 75.362 32.509 44.577 OTHERS -1
3 574.481 70.981 36.939 45.644 OTHERS -1
4 449.239 94.458 32.312 36.555 OTHERS -1
5 645.741 95.513 29.701 31.683 OTHERS -1
6 33.078 202.426 25.329 32.260 OTHERS -1
7 272.046 208.122 27.588 31.523 OTHERS -1
8 138.973 169.240 38.913 48.961 OTHERS -1
9 530.641 102.799 27.254 29.627 OTHERS -1
10 95.008 210.341 23.535 29.751 OTHERS -1
11 71.308 193.810 23.259 28.145 OTHERS -1
12 551.827 353.831 13.551 18.263 OTHERS -1
13 602.894 357.814 18.694 21.844 OTHERS -1
14 765.783 336.231 13.880 17.101 OTHERS -1
15 677.021 349.688 11.086 13.933 OTHERS -1
16 699.469 347.440 11.758 14.817 OTHERS -1
17 460.636 356.950 11.631 14.805 OTHERS -1
18 660.596 350.723 10.414 13.264 OTHERS -1
19 510.126 353.522 11.661 16.038 OTHERS -1
20 429.728 361.669 10.591 13.521 OTHERS -1
21 628.500 343.781 9.776 12.457 OTHERS -1
22 414.673 364.155 11.775 15.522 OTHERS -1
23 650.795 344.567 10.315 13.402 OTHERS -1
24 584.188 351.304 10.066 13.610 OTHERS -1
25 275.844 187.331 23.677 25.836 OTHERS -1
26 634.543 357.452 9.953 13.217 OTHERS -1
27 624.102 112.289 18.385 19.964 OTHERS -1
28 729.981 341.813 13.371 15.631 OTHERS -1
29 574.186 352.152 8.894 11.616 OTHERS -1
30 683.556 370.842 16.116 27.607 OTHERS -1
31 542.060 357.318 8.827 11.733 OTHERS -1
32 604.043 344.806 9.677 10.859 OTHERS -1
33 740.369 394.902 22.192 39.602 OTHERS -1
34 729.045 364.330 18.633 28.171 OTHERS -1
