1 473.428 235.496 54.828 66.034 XJP 1
0 71.244 292.209 103.051 121.722 OTHERS 1
2 440.559 263.049 33.143 40.361 OTHERS 0
3 561.923 280.048 35.974 41.576 OTHERS 2
4 177.236 231.613 53.191 100.192 OTHERS -1
5 687.480 233.825 41.429 47.244 OTHERS 2
6 671.743 268.810 29.382 37.983 OTHERS -1
7 356.480 213.936 42.837 56.068 OTHERS 0
8 224.623 280.305 41.044 60.737 OTHERS 1
9 596.944 296.065 20.822 29.534 OTHERS -1
10 95.412 139.164 33.814 48.012 OTHERS -1
11 297.431 222.475 39.350 49.864 OTHERS -1
12 2.390 183.362 38.018 84.007 OTHERS -1
