0 368.302 111.327 54.789 75.754 XJP 1
1 117.424 149.915 53.766 66.936 OTHERS 1
2 66.504 55.425 31.263 43.026 OTHERS 1
3 123.879 48.496 27.101 35.119 OTHERS -1
4 173.556 112.213 27.497 36.238 OTHERS 1
5 519.815 159.495 27.883 33.386 OTHERS 2
6 149.106 72.900 26.856 37.811 OTHERS -1
7 221.308 151.085 31.254 51.993 OTHERS -1
8 232.412 90.124 23.495 30.453 OTHERS 2
9 200.892 91.582 23.541 30.649 OTHERS 1
10 0.029 93.886 42.549 55.989 OTHERS 2
11 270.292 179.068 26.962 42.253 OTHERS -1
12 360.832 165.338 21.570 32.421 OTHERS -1
13 272.429 139.183 21.737 31.842 OTHERS 1
14 50.471 -0.140 29.349 28.656 OTHERS -1
15 330.211 159.312 21.343 35.264 OTHERS -1
16 273.738 98.325 21.746 28.129 OTHERS 2
17 561.557 181.375 12.993 17.204 OTHERS -1
18 312.727 108.140 19.834 24.935 OTHERS -1
19 164.634 45.812 20.950 27.658 OTHERS 1
20 339.070 113.133 17.231 23.744 OTHERS -1
21 567.680 162.911 11.641 15.329 OTHERS -1
22 326.755 78.007 18.132 21.607 OTHERS 2
23 541.057 127.311 10.706 13.570 OTHERS -1
24 290.742 79.358 19.240 24.117 OTHERS 2
25 582.547 175.667 12.751 16.260 OTHERS -1
26 497.455 139.846 11.468 15.272 OTHERS -1
27 551.350 143.119 11.588 14.600 OTHERS -1
28 520.450 124.973 11.216 14.601 OTHERS -1
29 581.878 135.550 10.599 13.141 OTHERS -1
30 590.470 147.236 10.550 14.870 OTHERS -1
31 257.023 68.923 20.350 26.180 OTHERS -1
32 574.096 146.241 10.846 14.118 OTHERS -1
33 221.907 60.118 21.398 25.656 OTHERS 1
34 498.816 121.941 11.982 13.628 OTHERS -1
35 463.442 120.857 11.471 13.703 OTHERS -1
36 563.449 129.394 10.795 13.396 OTHERS -1
37 526.075 143.683 12.585 15.147 OTHERS -1
38 359.941 86.190 18.078 20.818 OTHERS -1
