0 514.630 100.808 50.163 64.474 XJP 1
1 322.135 31.869 37.157 45.515 OTHERS -1
2 689.657 97.202 39.072 44.675 OTHERS -1
3 409.930 24.873 34.186 46.517 OTHERS -1
4 656.848 55.313 39.358 44.302 OTHERS 1
5 379.069 33.031 34.388 45.532 OTHERS 1
6 589.271 24.703 35.218 45.405 OTHERS -1
7 620.797 22.937 39.846 47.538 OTHERS -1
8 438.281 49.707 42.042 48.355 OTHERS 1
9 552.261 24.698 38.570 47.863 OTHERS -1
10 355.293 38.135 27.834 38.837 OTHERS -1
11 726.415 26.021 32.565 38.889 OTHERS -1
12 482.279 46.840 45.501 45.641 OTHERS 1
13 754.975 25.492 31.713 41.394 OTHERS -1
