0 216.485 113.655 64.375 81.219 XJP 0
1 543.154 164.373 62.010 74.287 OTHERS 1
2 717.927 144.981 48.172 51.762 OTHERS 2
3 886.327 127.595 47.604 58.684 OTHERS 1
4 74.290 266.194 29.705 37.969 OTHERS -1
5 793.675 129.513 43.691 54.708 OTHERS 1
6 105.365 260.442 31.612 37.884 OTHERS -1
7 634.611 158.128 46.205 48.575 OTHERS 2
8 375.335 206.316 40.455 50.179 OTHERS -1
9 11.613 273.733 26.477 34.069 OTHERS -1
10 487.759 182.062 38.683 47.407 OTHERS -1
11 862.861 163.475 40.905 50.303 OTHERS 2
12 38.311 271.487 27.357 33.193 OTHERS -1
13 434.930 194.732 37.792 46.418 OTHERS -1
14 318.542 219.762 31.494 38.490 OTHERS -1
15 783.842 181.471 34.019 41.169 OTHERS -1
