3 421.806 299.265 13.207 15.888 XJP -1
0 463.545 291.167 12.199 15.198 OTHERS -1
1 327.719 303.385 12.696 15.191 OTHERS -1
2 381.443 284.781 11.734 14.570 OTHERS -1
4 529.599 297.964 13.223 17.250 OTHERS -1
5 717.677 245.877 10.594 13.074 OTHERS -1
6 125.453 314.156 11.368 15.808 OTHERS -1
7 31.857 252.266 10.236 13.438 OTHERS -1
8 402.817 288.428 12.124 15.392 OTHERS -1
9 637.389 253.453 9.979 12.818 OTHERS -1
10 362.774 293.771 10.342 13.459 OTHERS -1
11 346.654 290.251 11.848 14.241 OTHERS -1
12 442.564 285.585 10.425 13.079 OTHERS -1
13 579.344 250.246 9.761 12.126 OTHERS -1
14 438.100 250.197 9.877 13.036 OTHERS -1
15 649.496 251.246 11.529 14.185 OTHERS -1
16 609.609 283.974 9.439 11.727 OTHERS -1
17 508.176 278.226 9.131 11.377 OTHERS -1
18 700.284 308.558 13.463 18.631 OTHERS -1
19 28.997 352.258 15.551 25.397 OTHERS -1
20 661.802 364.863 17.023 23.737 OTHERS -1
21 731.144 244.789 8.905 12.285 OTHERS -1
22 767.687 250.692 9.754 12.852 OTHERS -1
