0 174.844 48.801 64.291 77.837 XJP 0
1 642.122 37.448 48.634 62.611 OTHERS 0
2 458.799 88.690 59.142 74.399 OTHERS 2
3 85.482 81.337 33.381 43.812 OTHERS -1
4 120.072 75.773 32.739 41.785 OTHERS 0
5 0.620 87.214 32.394 38.996 OTHERS 2
6 271.014 81.506 41.216 45.188 OTHERS 2
7 316.569 75.335 40.712 44.726 OTHERS -1
8 404.667 86.891 42.758 47.151 OTHERS 0
9 564.242 82.326 40.688 53.330 OTHERS 2
10 519.612 88.714 38.081 47.898 OTHERS -1
11 227.855 76.518 38.600 45.150 OTHERS -1
12 359.940 72.171 43.351 50.509 OTHERS -1
