0 393.787 140.016 10.874 13.072 OTHERS -1
1 152.436 134.088 10.196 12.441 OTHERS -1
2 448.448 126.161 9.291 11.831 OTHERS -1
3 336.588 123.176 9.308 11.682 OTHERS -1
4 263.304 137.912 9.496 12.147 OTHERS -1
5 343.939 138.274 9.533 12.040 OTHERS -1
6 225.080 137.386 9.206 10.967 OTHERS -1
7 122.717 145.243 8.695 10.681 OTHERS -1
8 471.849 143.573 9.486 11.659 OTHERS -1
9 410.336 126.770 8.636 10.470 OTHERS -1
10 299.448 140.163 9.227 11.256 OTHERS -1
11 128.652 131.165 8.767 10.633 OTHERS -1
12 187.771 122.882 8.488 10.572 OTHERS -1
13 255.041 127.667 8.269 10.202 OTHERS -1
14 432.429 138.596 9.649 11.531 OTHERS -1
15 299.801 119.333 8.886 10.754 OTHERS -1
