0 268.231 98.089 25.089 29.547 XJP 2
1 332.183 105.450 23.682 28.622 OTHERS -1
2 87.721 111.581 15.927 21.410 OTHERS -1
3 520.155 126.386 14.720 19.081 OTHERS -1
4 413.574 102.892 15.500 20.776 OTHERS -1
5 451.888 113.177 15.812 20.742 OTHERS -1
6 535.693 111.822 12.278 16.309 OTHERS -1
7 495.750 122.768 15.816 19.948 OTHERS -1
8 247.303 114.649 17.519 22.662 OTHERS -1
9 173.730 111.728 17.206 24.105 OTHERS -1
10 211.639 120.078 17.315 23.025 OTHERS -1
11 35.818 106.025 18.006 23.583 OTHERS -1
12 124.199 121.657 16.662 21.850 OTHERS -1
13 376.626 126.123 15.641 18.162 OTHERS -1
