1 349.765 87.194 40.555 51.961 XJP 1
0 3.074 104.767 57.224 81.937 OTHERS 1
2 138.653 112.177 36.714 54.242 OTHERS 1
3 168.897 100.999 29.733 45.941 OTHERS 2
4 277.800 129.669 15.895 18.764 OTHERS 2
5 314.302 123.104 17.618 21.378 OTHERS -1
6 84.023 118.358 24.578 29.546 OTHERS 2
7 229.548 113.457 21.641 27.272 OTHERS 0
8 265.281 112.543 13.253 16.579 OTHERS -1
9 440.622 127.014 8.988 11.666 OTHERS -1
10 482.875 130.438 9.122 10.936 OTHERS -1
11 210.448 135.386 17.867 27.140 OTHERS 1
12 246.173 124.201 13.044 18.019 OTHERS -1
13 405.454 122.389 8.698 10.786 OTHERS -1
