5 390.413 272.299 25.426 30.657 XJP 0
0 158.874 278.719 25.788 31.588 OTHERS 0
1 513.338 277.385 24.579 30.438 OTHERS 0
2 625.959 272.154 26.019 32.240 OTHERS 0
3 280.104 279.342 25.414 30.306 OTHERS 0
4 586.907 168.744 25.125 31.293 OTHERS 0
6 612.177 222.487 25.796 28.773 OTHERS -1
7 763.290 225.231 23.774 27.834 OTHERS -1
8 5.029 232.233 25.992 29.223 OTHERS 0
9 730.037 273.039 25.252 31.110 OTHERS -1
10 687.154 217.990 25.220 28.928 OTHERS 0
11 539.159 240.695 23.519 27.424 OTHERS 0
12 89.539 109.462 23.399 28.615 OTHERS 0
13 747.758 142.299 24.563 28.103 OTHERS 0
14 467.137 228.482 22.937 29.627 OTHERS 0
15 717.851 173.649 23.944 27.542 OTHERS 0
16 80.593 225.861 24.724 29.948 OTHERS 0
17 181.400 168.922 22.759 27.086 OTHERS 0
18 655.292 177.138 24.334 29.486 OTHERS -1
19 109.047 182.825 24.292 27.297 OTHERS 0
20 156.168 233.313 24.959 26.450 OTHERS -1
21 58.020 280.958 23.425 30.141 OTHERS 0
22 317.288 181.360 22.413 28.467 OTHERS 0
23 387.676 180.381 22.841 28.668 OTHERS 0
24 633.514 128.811 23.190 26.148 OTHERS -1
25 12.856 97.937 23.822 27.937 OTHERS -1
26 39.040 178.287 23.393 27.452 OTHERS -1
27 237.749 224.638 22.757 29.017 OTHERS 0
28 455.195 179.847 22.358 28.462 OTHERS -1
29 394.976 220.480 21.993 28.202 OTHERS -1
30 315.538 231.133 21.041 27.921 OTHERS -1
31 281.581 155.653 22.939 27.195 OTHERS -1
32 530.048 134.669 22.740 26.176 OTHERS -1
33 708.610 52.663 23.124 26.104 OTHERS -1
34 635.944 77.172 21.980 27.048 OTHERS -1
35 473.452 145.291 22.252 26.727 OTHERS 0
36 397.381 108.815 22.465 27.214 OTHERS -1
37 687.417 137.654 22.700 27.730 OTHERS 0
38 506.440 64.287 21.383 26.661 OTHERS 0
39 166.584 74.480 22.909 26.175 OTHERS -1
40 71.909 155.576 22.261 25.719 OTHERS -1
41 226.883 71.771 21.053 26.704 OTHERS 0
42 131.782 148.392 22.041 26.440 OTHERS 0
43 1.735 145.914 22.299 27.592 OTHERS -1
44 445.223 79.107 20.961 26.143 OTHERS 0
45 249.664 190.929 22.375 25.472 OTHERS 0
46 581.180 142.290 22.347 25.979 OTHERS -1
47 520.123 174.098 21.951 25.892 OTHERS -1
48 332.977 80.447 20.975 26.034 OTHERS 0
49 221.731 116.271 22.233 26.800 OTHERS 0
50 462.743 110.661 21.724 25.798 OTHERS 0
51 600.334 109.589 21.796 25.649 OTHERS 0
52 527.700 106.009 22.858 25.226 OTHERS 2
53 344.605 148.623 21.306 25.893 OTHERS 0
54 162.383 109.867 21.175 26.203 OTHERS 0
55 278.711 112.411 21.843 24.496 OTHERS 0
56 51.001 75.606 21.765 25.362 OTHERS -1
57 335.433 112.768 20.329 25.595 OTHERS -1
58 112.690 83.278 21.713 25.814 OTHERS -1
59 402.376 149.300 21.576 25.355 OTHERS -1
60 730.587 121.609 20.687 26.148 OTHERS -1
61 279.280 69.834 20.624 26.724 OTHERS 0
62 670.651 104.240 19.490 22.442 OTHERS -1
63 393.094 75.584 20.772 27.163 OTHERS 0
64 566.252 67.547 20.859 25.619 OTHERS -1
65 774.447 69.433 21.518 24.859 OTHERS 0
66 213.960 147.438 21.500 25.151 OTHERS -1
