1 443.871 58.414 51.765 73.182 XJP 1
0 41.496 33.647 61.613 76.547 OTHERS 1
2 538.449 3.374 32.328 39.535 OTHERS 0
3 201.293 35.228 36.360 46.065 OTHERS 2
4 288.517 2.066 29.200 38.820 OTHERS 0
5 391.494 49.830 35.730 47.056 OTHERS 0
6 621.934 29.370 27.336 30.402 OTHERS 0
7 392.441 17.805 26.452 32.125 OTHERS -1
8 106.981 45.302 40.014 52.113 OTHERS 2
9 251.802 61.047 12.746 17.497 OTHERS -1
10 338.063 40.632 13.287 17.148 OTHERS -1
11 437.197 17.476 15.044 20.160 OTHERS -1
12 184.493 51.667 15.855 20.211 OTHERS -1
