3 314.094 124.581 47.533 57.277 XJP 0
0 308.780 66.228 35.122 40.062 OTHERS 2
1 269.177 314.274 58.451 71.753 OTHERS 0
2 234.631 100.702 35.618 45.281 OTHERS 0
4 43.052 109.014 36.518 41.810 OTHERS 2
5 569.231 104.438 47.541 55.514 OTHERS 0
6 447.961 63.622 36.212 41.695 OTHERS -1
7 453.835 333.086 51.986 58.784 OTHERS -1
8 561.824 73.713 36.708 41.424 OTHERS -1
9 98.110 75.802 35.735 43.801 OTHERS 0
10 135.368 124.386 35.994 44.598 OTHERS 2
11 347.719 65.927 39.185 46.298 OTHERS 2
12 460.628 25.931 33.043 41.475 OTHERS -1
13 559.324 32.621 27.898 40.228 OTHERS -1
14 226.791 43.858 35.694 44.547 OTHERS 2
15 581.276 15.213 36.510 45.879 OTHERS 0
16 31.466 188.387 46.869 48.916 OTHERS 0
17 16.727 74.031 32.460 41.954 OTHERS 2
18 125.094 45.048 32.159 35.074 OTHERS -1
19 176.815 45.323 30.732 46.211 OTHERS -1
20 62.005 68.600 31.219 39.257 OTHERS -1
21 615.293 256.310 40.270 55.507 OTHERS -1
22 590.310 309.323 47.348 45.004 OTHERS -1
