0 891.073 306.971 30.332 51.469 OTHERS -1
1 801.535 295.020 25.725 39.681 OTHERS -1
2 743.042 291.526 25.339 33.730 OTHERS -1
3 98.009 285.812 23.940 40.247 OTHERS -1
4 210.829 287.482 24.324 27.959 OTHERS -1
5 846.735 289.293 24.009 43.784 OTHERS -1
6 123.720 278.469 23.288 35.138 OTHERS -1
7 147.813 279.271 22.558 33.558 OTHERS -1
8 672.856 269.604 22.813 27.208 OTHERS -1
9 655.848 275.195 19.216 24.016 OTHERS -1
10 15.122 322.230 34.334 61.391 OTHERS -1
11 42.425 309.060 25.227 43.415 OTHERS -1
12 631.314 271.365 19.092 24.964 OTHERS -1
13 698.507 277.066 19.406 27.903 OTHERS -1
14 719.418 285.731 19.057 27.551 OTHERS -1
