6 322.277 166.571 40.557 50.957 XJP 0
0 501.118 189.315 34.422 40.828 OTHERS 2
1 561.097 192.279 33.112 44.381 OTHERS 1
2 746.283 166.444 47.280 62.551 OTHERS 1
3 462.352 207.146 28.274 33.109 OTHERS 2
4 651.858 158.297 42.776 59.890 OTHERS 1
5 210.958 201.370 26.804 33.821 OTHERS 0
7 251.691 192.250 22.948 28.723 OTHERS 0
8 714.722 196.730 29.255 36.969 OTHERS -1
9 276.096 209.383 24.345 31.087 OTHERS 2
10 2.981 198.102 22.088 29.235 OTHERS 2
11 114.026 210.794 23.467 29.725 OTHERS 0
12 466.148 185.666 24.331 27.051 OTHERS -1
13 92.074 205.093 21.249 25.852 OTHERS 0
