2 238.130 53.099 29.484 36.332 XJP 0
0 383.386 46.930 29.295 35.972 OTHERS 0
1 150.368 53.269 32.022 40.384 OTHERS 0
3 72.752 69.602 32.247 38.194 OTHERS 2
4 428.697 43.818 35.865 46.151 OTHERS 1
5 310.070 53.250 25.917 36.506 OTHERS 1
6 1.714 47.863 42.319 44.610 OTHERS 2
7 361.535 60.623 24.774 30.598 OTHERS 0
8 478.066 77.691 24.573 31.131 OTHERS -1
9 184.945 70.256 21.635 28.675 OTHERS 2
10 276.595 67.398 22.700 28.005 OTHERS 0
11 216.280 54.166 21.391 28.090 OTHERS -1
12 465.589 64.606 14.060 19.132 OTHERS -1
13 100.215 80.133 13.432 19.429 OTHERS -1
