0 429.867 95.563 59.357 75.717 XJP 0
1 802.378 110.080 54.553 56.916 OTHERS 0
2 5.602 176.294 32.407 37.413 OTHERS -1
3 498.255 144.597 33.063 39.063 OTHERS 0
4 118.069 171.361 30.513 32.033 OTHERS 0
5 50.633 133.612 50.577 55.239 OTHERS 2
6 615.329 151.526 35.664 39.482 OTHERS 0
7 246.038 169.548 27.151 34.126 OTHERS 2
8 277.526 155.143 38.241 43.498 OTHERS 0
9 330.297 167.739 29.133 32.829 OTHERS 0
10 412.004 140.787 27.563 38.145 OTHERS -1
11 388.464 154.767 25.805 34.151 OTHERS -1
12 195.014 178.172 27.058 29.229 OTHERS 0
13 741.006 157.949 24.942 25.313 OTHERS -1
14 570.970 160.363 21.077 22.023 OTHERS 2
