2 216.298 216.400 21.814 25.976 XJP 2
0 24.417 363.445 30.287 39.299 OTHERS -1
1 303.661 212.881 15.833 20.954 OTHERS -1
3 154.699 208.775 16.829 22.267 OTHERS -1
4 198.795 219.189 15.358 19.913 OTHERS -1
5 129.093 200.476 14.790 18.876 OTHERS 0
6 193.210 175.371 12.477 15.833 OTHERS -1
7 464.518 195.112 14.059 18.377 OTHERS -1
8 313.152 226.841 15.798 19.580 OTHERS -1
9 494.687 218.247 15.825 19.835 OTHERS -1
10 182.078 197.833 13.635 17.553 OTHERS -1
11 344.031 212.983 15.127 19.137 OTHERS -1
12 333.468 197.047 13.518 17.468 OTHERS -1
13 35.794 271.083 20.983 43.225 OTHERS -1
14 388.339 203.549 15.862 19.145 OTHERS -1
15 358.739 189.218 13.901 16.646 OTHERS -1
16 358.611 244.350 14.051 21.202 OTHERS -1
17 168.404 196.612 11.746 15.841 OTHERS -1
18 46.460 190.132 12.750 16.153 OTHERS -1
19 263.918 204.718 17.553 24.239 OTHERS 2
20 24.467 185.228 11.691 14.062 OTHERS -1
21 110.415 177.819 11.577 14.725 OTHERS -1
22 280.377 207.288 13.431 20.021 OTHERS -1
23 248.838 193.437 16.536 21.655 OTHERS -1
24 400.611 219.002 16.173 24.627 OTHERS -1
25 418.538 197.260 13.671 16.401 OTHERS -1
26 359.464 212.774 16.863 23.928 OTHERS 2
27 486.218 234.125 15.673 22.197 OTHERS -1
28 349.248 191.754 9.971 13.204 OTHERS -1
29 379.286 226.437 14.565 25.545 OTHERS -1
30 -0.962 182.359 9.803 13.289 OTHERS -1
31 98.754 241.416 18.691 28.115 OTHERS -1
