6 412.835 165.075 48.065 78.809 XJP 1
0 105.230 188.547 51.164 66.354 OTHERS 1
1 306.919 213.628 32.571 45.281 OTHERS 1
2 246.017 74.967 34.773 38.911 OTHERS 0
3 259.225 138.803 35.696 42.772 OTHERS 0
4 172.541 62.091 39.204 45.014 OTHERS 2
5 350.026 221.307 35.423 39.409 OTHERS 2
7 23.306 73.372 54.328 79.479 OTHERS -1
8 273.348 12.695 29.292 32.556 OTHERS -1
9 327.023 135.675 34.669 38.354 OTHERS -1
10 290.843 55.050 29.342 34.221 OTHERS -1
11 378.161 161.822 28.826 33.289 OTHERS -1
12 126.859 107.148 39.397 56.908 OTHERS 1
13 355.186 110.112 30.165 33.989 OTHERS -1
14 205.151 125.918 30.163 39.755 OTHERS -1
15 236.753 -0.851 29.574 27.448 OTHERS -1
16 277.999 200.211 31.859 49.615 OTHERS 1
17 401.259 221.849 28.096 33.782 OTHERS -1
18 322.562 28.982 25.392 28.699 OTHERS -1
19 357.443 39.898 24.882 27.749 OTHERS -1
20 619.054 176.294 23.431 25.974 OTHERS -1
21 499.413 134.898 23.900 27.042 OTHERS -1
22 653.184 187.013 20.317 22.743 OTHERS -1
23 713.587 163.533 19.619 21.942 OTHERS -1
24 90.684 35.898 42.636 50.199 OTHERS 2
25 631.889 106.087 16.353 18.573 OTHERS -1
26 400.096 36.994 22.949 27.062 OTHERS -1
27 236.578 43.643 28.104 30.875 OTHERS -1
28 553.223 58.329 18.711 21.944 OTHERS -1
29 428.820 38.081 20.784 23.714 OTHERS -1
30 422.356 88.073 22.917 25.424 OTHERS -1
31 335.357 64.371 24.765 26.550 OTHERS -1
32 529.392 210.864 34.512 42.476 OTHERS -1
33 678.359 121.976 17.582 20.315 OTHERS -1
34 766.435 227.658 19.008 20.777 OTHERS -1
35 741.795 217.924 22.427 23.322 OTHERS -1
36 189.016 171.907 35.642 54.619 OTHERS 1
37 603.444 144.212 20.691 23.837 OTHERS -1
38 695.393 186.768 20.007 22.160 OTHERS -1
39 681.071 163.941 17.511 19.913 OTHERS -1
40 399.331 123.819 24.557 27.408 OTHERS -1
41 635.455 226.093 21.315 23.382 OTHERS -1
42 593.154 185.013 19.297 21.658 OTHERS -1
43 169.846 21.738 31.255 34.208 OTHERS -1
44 519.155 99.217 21.007 23.881 OTHERS -1
45 536.994 136.258 21.706 24.671 OTHERS -1
46 642.348 120.462 19.108 20.359 OTHERS -1
47 648.648 76.326 16.237 18.979 OTHERS -1
48 705.534 221.059 22.196 24.932 OTHERS -1
49 570.221 147.265 20.360 23.214 OTHERS -1
50 620.308 70.235 15.632 17.281 OTHERS -1
51 669.965 219.820 21.853 25.149 OTHERS -1
52 489.400 102.526 22.948 22.643 OTHERS -1
53 512.719 71.492 21.883 25.479 OTHERS -1
54 604.264 219.191 22.246 24.999 OTHERS 2
55 471.589 49.827 21.882 24.228 OTHERS -1
56 647.604 154.430 18.489 21.179 OTHERS -1
57 575.430 223.262 20.894 26.557 OTHERS -1
58 590.530 85.656 18.860 21.961 OTHERS -1
59 562.761 113.559 19.520 23.487 OTHERS -1
60 454.890 87.989 23.095 23.706 OTHERS -1
61 441.837 63.022 21.153 22.610 OTHERS -1
62 474.604 134.645 21.979 28.275 OTHERS -1
63 -0.179 42.621 32.017 39.561 OTHERS -1
64 384.038 89.106 20.777 23.342 OTHERS -1
65 515.098 172.018 22.163 26.696 OTHERS -1
