0 303.965 18.692 27.088 33.740 XJP 1
1 342.195 183.372 25.964 31.374 XJP 0
2 151.316 169.875 26.365 32.273 XJP 0
7 82.749 20.166 14.926 18.490 XJP -1
10 391.462 181.128 17.998 22.472 PLY 0
11 118.073 33.067 13.512 17.477 PLY -1
3 68.703 159.791 22.500 32.268 OTHERS 1
4 403.791 198.912 20.621 30.677 OTHERS 1
5 458.638 191.454 18.124 22.905 OTHERS 2
6 243.797 185.523 15.418 20.608 OTHERS 2
8 439.232 154.454 12.651 17.050 OTHERS -1
9 375.071 159.276 13.465 16.960 OTHERS -1
12 398.004 36.909 13.282 17.007 OTHERS -1
13 356.390 26.065 19.238 26.598 OTHERS 0
14 460.074 171.524 14.693 16.941 OTHERS -1
15 427.871 181.986 14.319 18.355 OTHERS -1
16 422.835 164.952 10.141 12.706 OTHERS -1
17 309.919 183.631 19.116 27.303 OTHERS 1
18 432.473 19.657 18.868 28.263 OTHERS 1
19 255.299 172.210 10.637 12.710 OTHERS -1
20 411.770 160.223 9.135 12.480 OTHERS -1
