7 229.981 100.060 43.556 51.638 XJP 0
0 15.766 167.548 38.128 41.818 OTHERS 0
1 401.959 118.086 36.657 49.339 OTHERS 1
2 8.646 114.730 32.329 38.134 OTHERS 0
3 124.716 163.847 29.407 34.480 OTHERS 0
4 91.180 167.434 29.535 35.827 OTHERS -1
5 295.207 137.768 27.367 32.178 OTHERS 0
6 179.022 107.485 28.035 29.873 OTHERS 0
8 97.037 117.455 24.284 27.987 OTHERS 0
9 347.874 76.834 15.332 20.972 OTHERS -1
10 31.760 101.142 22.887 27.022 OTHERS 2
11 374.654 73.512 13.894 17.058 OTHERS -1
12 335.061 95.667 16.354 18.443 OTHERS -1
13 131.630 97.479 18.889 22.782 OTHERS 0
14 313.521 83.204 13.566 17.435 OTHERS -1
15 395.316 77.357 12.476 16.225 OTHERS -1
16 286.139 115.233 23.519 26.385 OTHERS -1
17 161.297 89.022 13.864 17.442 OTHERS -1
18 423.320 85.477 19.259 23.973 OTHERS 0
19 324.180 127.553 31.256 60.156 OTHERS 1
20 177.244 87.865 13.108 14.511 OTHERS -1
21 195.385 87.492 15.091 19.110 OTHERS -1
22 117.926 94.047 16.246 21.845 OTHERS 0
23 214.391 89.648 11.845 14.944 OTHERS -1
24 257.673 75.211 11.263 14.260 OTHERS -1
25 408.026 77.745 9.790 12.594 OTHERS -1
26 40.947 81.850 11.797 17.477 OTHERS -1
27 472.073 73.870 16.049 22.072 OTHERS -1
28 273.637 91.441 13.622 19.874 OTHERS -1
29 331.740 80.128 11.127 12.844 OTHERS -1
