0 44.846 209.883 52.021 69.266 OTHERS -1
1 142.417 176.160 48.917 67.608 OTHERS -1
2 84.254 3.104 33.300 38.950 OTHERS -1
3 80.920 108.133 50.979 57.527 OTHERS -1
4 123.832 10.746 29.500 33.636 OTHERS -1
5 249.776 160.854 31.545 37.357 OTHERS -1
6 14.411 0.522 36.010 43.870 OTHERS -1
7 513.986 220.577 29.092 34.636 OTHERS -1
8 196.876 139.486 37.252 40.623 OTHERS -1
9 391.544 173.470 46.818 67.592 OTHERS -1
10 153.383 44.679 29.106 31.469 OTHERS -1
11 213.941 193.771 27.204 51.960 OTHERS -1
12 282.885 168.696 27.151 30.746 OTHERS -1
13 319.572 168.656 25.934 28.621 OTHERS -1
14 392.068 129.997 18.084 19.820 OTHERS -1
15 254.794 223.977 25.444 42.843 OTHERS -1
16 160.553 1.834 23.858 26.789 OTHERS -1
17 336.612 208.318 25.804 33.526 OTHERS -1
18 278.486 219.272 27.565 38.683 OTHERS -1
19 287.970 134.263 24.472 25.955 OTHERS -1
20 484.515 131.729 13.350 14.818 OTHERS -1
21 221.626 47.086 23.914 26.798 OTHERS -1
22 217.791 108.803 26.226 33.185 OTHERS -1
23 586.404 235.165 14.182 15.913 OTHERS -1
24 612.094 187.183 13.025 14.239 OTHERS -1
25 604.000 231.680 16.395 17.192 OTHERS -1
26 716.782 195.873 12.326 13.551 OTHERS -1
27 380.965 153.000 18.483 21.514 OTHERS -1
28 273.249 91.908 24.135 26.715 OTHERS -1
29 640.671 215.930 12.874 15.097 OTHERS -1
30 559.783 236.086 15.953 17.655 OTHERS -1
31 372.590 87.157 18.083 20.408 OTHERS -1
32 461.059 125.772 15.136 17.187 OTHERS -1
33 203.901 25.604 22.812 28.518 OTHERS -1
34 356.959 102.818 16.148 18.792 OTHERS -1
35 179.305 87.921 24.947 35.941 OTHERS -1
36 299.947 75.940 19.856 24.038 OTHERS -1
37 633.651 187.158 12.516 13.075 OTHERS -1
38 649.340 142.013 11.561 12.767 OTHERS -1
39 674.400 231.512 13.899 14.910 OTHERS -1
40 314.470 110.948 20.470 22.985 OTHERS -1
41 625.572 152.357 11.971 13.136 OTHERS -1
42 581.016 147.683 11.785 12.840 OTHERS -1
43 359.195 208.514 22.948 31.353 OTHERS -1
44 749.727 204.047 11.866 13.243 OTHERS -1
45 633.038 237.153 15.345 17.349 OTHERS -1
46 680.900 137.451 11.615 12.660 OTHERS -1
47 269.698 63.810 22.725 25.011 OTHERS -1
48 685.173 160.612 12.571 13.342 OTHERS -1
49 355.280 144.148 20.877 23.794 OTHERS -1
50 500.864 204.461 14.792 15.726 OTHERS -1
51 602.426 207.866 13.651 15.551 OTHERS -1
52 708.110 234.269 12.322 13.671 OTHERS -1
53 649.872 168.491 11.719 13.662 OTHERS -1
54 617.840 213.241 13.508 14.911 OTHERS -1
55 654.294 233.842 13.094 14.346 OTHERS -1
56 445.157 109.253 13.644 14.808 OTHERS -1
57 342.200 64.562 20.757 22.189 OTHERS -1
58 757.121 237.457 12.935 14.190 OTHERS -1
59 412.555 110.371 15.833 16.706 OTHERS -1
60 708.815 214.007 11.537 12.930 OTHERS -1
61 500.811 180.270 15.744 18.263 OTHERS -1
62 521.705 121.875 12.066 12.793 OTHERS -1
63 690.580 230.057 12.908 14.357 OTHERS -1
64 586.548 186.562 12.986 14.422 OTHERS -1
65 698.071 187.670 13.671 13.705 OTHERS -1
66 381.332 208.611 24.621 36.088 OTHERS -1
67 554.112 157.257 12.547 13.791 OTHERS -1
68 679.890 191.100 10.301 11.708 OTHERS -1
69 726.975 213.478 12.004 14.142 OTHERS -1
70 661.924 157.348 11.634 12.618 OTHERS -1
71 679.645 210.230 11.207 13.555 OTHERS -1
72 781.968 242.484 11.863 13.142 OTHERS -1
73 599.134 138.383 11.180 11.946 OTHERS -1
74 625.128 136.852 9.884 10.730 OTHERS -1
75 602.306 162.309 10.194 11.647 OTHERS -1
76 508.635 142.145 12.384 13.886 OTHERS -1
77 564.830 207.742 13.932 16.675 OTHERS -1
78 571.232 184.107 11.125 12.787 OTHERS -1
79 241.536 53.008 20.814 22.847 OTHERS -1
80 339.205 119.293 18.139 20.003 OTHERS -1
81 734.849 234.056 11.660 12.284 OTHERS -1
82 540.881 197.495 15.033 17.353 OTHERS -1
