0 274.345 124.508 21.084 26.278 XJP -1
1 534.117 113.651 26.189 40.525 OTHERS 1
2 463.459 121.425 23.762 32.246 OTHERS -1
3 30.266 85.638 17.184 18.096 OTHERS 0
4 78.114 119.381 17.630 20.662 OTHERS 2
5 174.984 112.276 15.926 19.828 OTHERS 2
6 210.875 121.094 17.494 21.535 OTHERS 0
7 131.020 115.843 14.553 19.537 OTHERS 0
8 435.811 116.143 22.198 28.480 OTHERS -1
9 334.966 76.891 16.714 21.938 OTHERS 0
10 300.009 90.824 13.798 18.842 OTHERS -1
11 263.800 87.750 13.802 16.316 OTHERS -1
12 108.949 74.157 13.013 17.096 OTHERS -1
13 237.517 76.890 14.653 17.510 OTHERS -1
14 56.230 77.976 17.877 22.240 OTHERS 2
15 96.421 83.015 14.756 18.556 OTHERS -1
16 163.249 81.675 13.932 18.079 OTHERS -1
17 289.643 86.555 11.947 15.100 OTHERS -1
18 193.322 84.642 12.451 15.030 OTHERS -1
19 214.080 78.034 13.929 15.436 OTHERS -1
20 133.629 85.328 13.454 16.075 OTHERS -1
21 527.617 76.624 28.908 41.072 OTHERS 1
22 363.891 101.192 16.056 23.862 OTHERS 1
23 20.183 119.404 20.721 24.269 OTHERS 2
24 64.938 75.628 17.445 22.345 OTHERS -1
25 408.209 87.996 15.774 25.555 OTHERS -1
26 474.039 96.097 20.446 27.683 OTHERS -1
27 256.925 80.909 11.673 14.622 OTHERS -1
