0 50.502 223.746 44.225 49.615 OTHERS -1
1 134.277 188.974 23.401 36.516 OTHERS -1
2 223.255 163.359 13.855 16.132 OTHERS -1
3 332.012 152.435 12.233 16.214 OTHERS -1
4 277.115 152.545 11.636 14.904 OTHERS -1
5 416.983 157.855 14.623 20.137 OTHERS -1
6 8.826 172.657 12.698 14.429 OTHERS -1
7 69.130 158.298 9.531 13.024 OTHERS -1
8 389.248 155.390 13.369 17.038 OTHERS -1
9 346.847 143.914 9.769 12.506 OTHERS -1
10 57.894 156.349 10.194 12.780 OTHERS -1
11 109.598 152.246 8.837 10.940 OTHERS -1
12 323.565 143.305 9.005 11.602 OTHERS -1
13 94.710 155.676 9.100 11.391 OTHERS -1
14 202.834 149.224 8.616 11.023 OTHERS -1
15 185.654 170.433 15.199 23.742 OTHERS -1
16 461.879 184.958 21.567 24.701 OTHERS -1
17 248.338 145.847 8.849 10.755 OTHERS -1
18 271.666 146.097 9.123 11.162 OTHERS -1
19 372.013 147.080 8.626 10.988 OTHERS -1
20 299.121 147.901 8.664 10.763 OTHERS -1
