10 362.128 250.175 16.970 24.197 XJP 1
0 18.310 298.356 26.045 36.935 OTHERS -1
1 93.967 287.759 21.824 31.361 OTHERS 1
2 447.139 249.382 16.442 20.947 OTHERS -1
3 504.912 244.261 15.038 18.520 OTHERS -1
4 331.548 240.730 12.161 15.850 OTHERS -1
5 305.289 249.059 12.571 14.774 OTHERS -1
6 231.807 247.434 16.303 18.977 OTHERS 1
7 25.003 268.192 20.192 24.003 OTHERS -1
8 482.313 249.420 14.095 18.009 OTHERS -1
9 526.174 235.447 15.531 20.200 OTHERS -1
11 767.102 256.368 13.327 18.152 OTHERS -1
12 165.914 283.957 20.057 28.176 OTHERS -1
13 420.455 257.577 16.737 21.378 OTHERS -1
14 253.321 265.971 19.952 26.821 OTHERS -1
15 703.359 274.699 14.244 23.186 OTHERS -1
16 277.994 250.984 11.843 14.408 OTHERS -1
17 531.915 324.690 19.013 30.944 OTHERS -1
18 747.017 265.219 11.942 14.624 OTHERS -1
19 605.756 303.433 17.895 33.146 OTHERS -1
20 561.755 239.922 13.720 16.572 OTHERS -1
21 659.347 279.905 13.373 25.018 OTHERS -1
22 733.605 276.877 10.224 14.047 OTHERS -1
