0 486.475 151.443 56.955 69.820 XJP 0
4 292.295 213.484 36.151 47.484 PLY 0
1 617.549 153.772 47.131 58.225 OTHERS 2
2 212.803 148.938 54.117 78.494 OTHERS 2
3 409.839 214.228 35.558 42.765 OTHERS 0
5 251.431 193.768 32.539 45.851 OTHERS -1
6 566.836 212.718 25.352 32.759 OTHERS -1
7 50.126 224.087 25.300 32.282 OTHERS 0
8 436.133 191.096 26.647 30.818 OTHERS -1
9 342.710 213.788 24.394 29.996 OTHERS 0
10 693.867 195.552 25.304 27.845 OTHERS 0
11 4.514 204.477 26.599 47.926 OTHERS -1
12 104.876 213.592 16.870 19.325 OTHERS -1
13 121.896 214.331 13.109 16.607 OTHERS -1
14 83.765 208.810 18.160 21.234 OTHERS -1
15 13.652 222.203 27.638 43.782 OTHERS -1
16 372.829 214.839 9.628 11.625 OTHERS -1
17 134.878 214.823 11.325 16.135 OTHERS -1
18 56.563 214.262 23.859 27.685 OTHERS -1
19 27.793 207.419 23.466 36.300 OTHERS -1
