0 233.907 98.553 122.052 139.927 OTHERS -1
1 577.781 142.239 93.294 113.318 OTHERS -1
2 52.602 188.754 61.411 74.977 OTHERS -1
3 892.734 192.398 58.337 67.001 OTHERS -1
4 766.815 181.828 67.971 78.080 OTHERS -1
5 466.715 214.746 49.054 52.846 OTHERS -1
6 712.069 228.536 37.532 39.980 OTHERS -1
7 171.185 221.213 39.452 45.798 OTHERS -1
8 -1.219 217.128 36.893 49.075 OTHERS -1
9 436.568 235.030 33.080 39.753 OTHERS -1
10 536.110 239.388 29.991 32.723 OTHERS -1
11 852.151 237.563 25.979 29.290 OTHERS -1
