11 208.661 233.075 19.098 27.726 XJP -1
0 19.202 328.458 32.870 44.516 OTHERS -1
1 73.825 301.496 24.182 35.247 OTHERS 1
2 859.373 376.439 31.426 46.685 OTHERS -1
3 838.345 337.090 22.790 40.444 OTHERS -1
4 650.769 220.968 17.139 22.268 OTHERS -1
5 667.141 228.132 17.615 24.393 OTHERS -1
6 311.493 207.041 13.810 19.061 OTHERS -1
7 618.764 204.525 15.134 18.233 OTHERS -1
8 238.427 226.039 17.956 24.776 OTHERS -1
9 150.380 265.298 20.736 30.273 OTHERS 1
10 114.389 280.009 20.186 32.888 OTHERS -1
12 796.667 309.092 18.934 35.523 OTHERS -1
13 714.437 250.104 18.412 27.099 OTHERS -1
14 287.762 227.472 17.563 16.578 OTHERS -1
15 759.834 286.394 20.171 33.420 OTHERS -1
16 684.369 239.463 19.098 27.331 OTHERS -1
17 737.816 265.201 18.304 31.570 OTHERS -1
