4 415.341 211.353 53.343 67.455 XJP 0
0 753.840 296.547 116.116 139.557 OTHERS 0
1 351.812 341.558 57.254 70.324 OTHERS 0
2 104.679 103.573 53.981 69.001 OTHERS 0
3 136.347 182.166 55.404 65.244 OTHERS 0
5 0.849 131.803 55.485 66.545 OTHERS 0
6 641.024 274.532 89.933 105.010 OTHERS 0
7 176.944 243.469 63.085 77.758 OTHERS 0
8 141.466 359.398 67.690 88.238 OTHERS 0
9 723.830 197.772 77.011 95.933 OTHERS 0
10 267.808 200.379 50.303 63.829 OTHERS 0
11 295.002 252.033 48.086 66.618 OTHERS 0
12 502.798 277.971 74.597 95.615 OTHERS 2
13 524.101 206.394 51.880 61.644 OTHERS 2
14 600.643 209.269 72.592 95.140 OTHERS 2
15 423.583 163.460 37.098 43.040 OTHERS 0
16 483.493 246.706 51.542 71.123 OTHERS -1
17 471.025 140.997 39.119 51.358 OTHERS 0
18 484.996 202.003 40.739 47.313 OTHERS -1
19 212.597 87.299 40.639 57.249 OTHERS 2
20 534.732 106.237 36.223 47.277 OTHERS 0
21 326.561 184.692 43.953 54.109 OTHERS 0
22 604.916 85.414 35.525 51.905 OTHERS -1
23 228.514 216.346 40.761 51.914 OTHERS 0
24 763.437 142.033 48.091 62.318 OTHERS 2
25 384.598 210.148 36.846 54.593 OTHERS -1
26 679.736 132.279 40.913 50.692 OTHERS -1
27 575.902 241.293 34.773 52.412 OTHERS -1
28 370.518 189.543 26.409 35.298 OTHERS -1
