0 412.972 212.270 54.276 70.943 XJP 2
1 137.548 248.908 64.716 82.517 PLY 1
2 516.031 231.810 29.690 39.229 OTHERS -1
3 35.502 243.641 51.085 62.898 OTHERS 1
4 323.408 274.931 30.224 39.163 OTHERS 2
5 218.569 252.424 36.081 56.458 OTHERS -1
6 278.076 268.331 35.362 42.368 OTHERS 0
7 755.837 289.178 46.311 70.479 OTHERS -1
8 544.357 254.213 33.381 46.701 OTHERS 0
9 476.910 228.308 37.283 51.995 OTHERS 0
10 357.854 258.079 36.533 47.334 OTHERS -1
11 599.202 269.274 42.721 51.289 OTHERS 0
12 694.885 243.082 41.228 52.179 OTHERS 2
13 734.434 251.492 40.388 57.220 OTHERS -1
14 197.112 253.793 35.763 54.755 OTHERS -1
15 831.114 281.616 60.693 107.016 OTHERS -1
