0 318.896 160.354 60.892 85.788 OTHERS -1
1 781.411 103.915 33.480 34.861 OTHERS -1
2 89.583 172.017 45.032 61.840 OTHERS -1
3 598.968 223.453 35.419 47.666 OTHERS -1
4 655.798 104.079 33.755 44.946 OTHERS -1
5 593.842 142.573 28.987 35.962 OTHERS -1
6 850.115 41.893 33.706 46.868 OTHERS -1
7 862.334 140.830 43.321 76.903 OTHERS -1
8 853.204 17.055 30.125 31.519 OTHERS -1
9 799.450 24.506 26.222 37.555 OTHERS -1
10 481.836 208.971 25.646 35.932 OTHERS -1
11 508.099 194.876 44.862 72.795 OTHERS -1
12 717.700 60.237 27.916 28.249 OTHERS -1
13 565.066 145.480 28.445 38.088 OTHERS -1
14 666.294 183.117 60.476 112.231 OTHERS -1
15 398.298 194.588 41.277 55.004 OTHERS -1
16 460.486 213.930 23.501 30.804 OTHERS -1
17 648.698 83.934 24.961 28.769 OTHERS -1
18 485.288 127.413 16.964 20.379 OTHERS -1
19 456.173 161.462 18.341 22.233 OTHERS -1
20 483.765 184.936 22.172 25.648 OTHERS -1
21 259.566 243.444 13.328 16.264 OTHERS -1
22 423.105 160.239 12.751 16.298 OTHERS -1
23 203.922 272.028 13.521 18.712 OTHERS -1
24 360.868 247.736 14.412 21.265 OTHERS -1
25 528.114 160.219 19.421 23.436 OTHERS -1
26 402.090 162.543 11.377 15.821 OTHERS -1
27 492.180 151.682 17.711 23.304 OTHERS -1
28 245.783 227.753 13.367 18.378 OTHERS -1
29 513.074 128.036 16.408 20.143 OTHERS -1
30 443.946 197.632 16.756 21.218 OTHERS -1
31 391.441 172.692 10.152 14.243 OTHERS -1
32 581.326 91.697 21.262 26.228 OTHERS -1
33 704.031 110.072 25.692 32.313 OTHERS -1
34 551.166 108.380 15.777 18.147 OTHERS -1
35 242.294 272.600 11.037 16.465 OTHERS -1
36 386.500 223.546 20.025 29.106 OTHERS -1
37 688.063 89.404 18.952 23.432 OTHERS -1
38 369.265 215.279 12.837 17.077 OTHERS -1
