9 248.900 169.710 74.616 142.481 XJP 1
0 679.479 165.203 61.876 72.059 OTHERS 2
1 767.170 174.311 121.847 170.856 OTHERS 1
2 315.827 177.476 65.805 88.569 OTHERS 2
3 531.193 169.727 55.508 65.684 OTHERS 0
4 445.397 226.684 69.167 84.612 OTHERS 0
5 60.314 218.030 48.448 65.816 OTHERS 0
6 489.003 302.180 69.600 77.288 OTHERS 2
7 0.593 167.390 74.033 94.114 OTHERS 2
8 549.396 239.501 67.349 89.294 OTHERS -1
10 104.824 261.625 26.090 35.479 OTHERS -1
11 428.018 246.821 34.060 48.482 OTHERS -1
12 124.522 249.432 24.446 35.556 OTHERS -1
