3 231.878 60.883 85.526 98.693 XJP 0
0 120.365 154.239 56.874 71.835 OTHERS 0
1 3.841 111.397 65.612 78.823 OTHERS 0
2 423.321 122.499 40.239 46.086 OTHERS 0
4 476.148 156.933 33.035 41.691 OTHERS -1
5 339.749 156.329 32.190 38.617 OTHERS -1
6 446.248 201.476 33.093 43.739 OTHERS 2
7 64.665 149.006 35.001 50.008 OTHERS -1
8 187.670 131.175 36.086 50.123 OTHERS 0
9 471.096 133.024 26.930 31.928 OTHERS -1
10 382.547 176.849 38.207 47.927 OTHERS 2
11 393.905 135.657 28.132 34.766 OTHERS -1
12 106.970 142.608 35.702 49.280 OTHERS -1
13 212.943 143.813 30.264 40.829 OTHERS -1
14 352.881 131.046 22.069 25.549 OTHERS -1
