0 487.786 177.170 49.093 48.766 OTHERS -1
1 610.978 194.632 27.355 32.686 OTHERS -1
2 526.497 190.503 27.697 35.867 OTHERS -1
3 141.186 196.177 15.263 19.083 OTHERS -1
4 418.755 172.934 21.832 27.094 OTHERS -1
5 212.067 188.473 17.133 22.162 OTHERS -1
6 253.345 184.060 17.131 21.962 OTHERS -1
7 355.852 193.905 20.521 26.434 OTHERS -1
8 742.049 176.329 19.975 29.265 OTHERS -1
9 4.204 202.438 9.882 12.129 OTHERS -1
10 318.221 198.975 12.600 19.679 OTHERS -1
11 158.413 196.486 11.407 15.695 OTHERS -1
12 259.838 202.479 16.371 22.074 OTHERS -1
13 113.295 201.380 9.819 12.460 OTHERS -1
14 99.028 210.193 12.731 14.270 OTHERS -1
15 77.642 199.013 9.059 11.253 OTHERS -1
