4 281.691 76.460 37.249 49.917 XJP 1
0 211.652 97.888 32.362 37.262 OTHERS 0
1 386.956 68.656 34.817 46.415 OTHERS 2
2 485.726 98.090 30.219 40.565 OTHERS 1
3 327.477 91.879 30.630 39.965 OTHERS 0
5 561.419 85.585 30.103 40.522 OTHERS 1
6 614.758 93.530 30.506 48.039 OTHERS 1
7 132.539 95.251 34.714 46.771 OTHERS 1
8 708.970 91.987 26.784 36.227 OTHERS 0
9 733.357 78.589 36.716 48.616 OTHERS 1
10 82.992 111.738 24.877 46.226 OTHERS 1
11 833.431 67.115 21.160 27.810 OTHERS -1
12 686.962 88.682 12.823 21.594 OTHERS -1
13 774.816 78.317 21.536 29.842 OTHERS -1
