0 5.373 114.531 30.780 37.118 OTHERS -1
1 281.233 127.849 30.830 37.841 OTHERS -1
2 68.362 165.559 45.480 53.975 OTHERS -1
3 224.289 146.139 41.157 56.386 OTHERS -1
4 371.542 121.524 28.274 37.486 OTHERS -1
5 349.628 151.819 39.870 51.752 OTHERS -1
6 84.770 131.607 28.176 37.967 OTHERS -1
7 110.409 135.793 21.917 32.508 OTHERS -1
8 192.417 142.624 24.778 32.725 OTHERS -1
9 226.021 107.678 16.452 23.120 OTHERS -1
10 57.213 104.622 19.422 23.002 OTHERS -1
11 317.642 100.403 12.388 15.217 OTHERS -1
12 46.397 136.607 22.071 27.759 OTHERS -1
13 34.590 114.782 15.722 20.215 OTHERS -1
14 171.712 97.724 10.323 13.799 OTHERS -1
15 122.464 104.636 19.295 23.482 OTHERS -1
16 144.085 102.089 10.734 13.406 OTHERS -1
17 262.132 103.715 10.700 13.843 OTHERS -1
