4 188.449 93.766 18.250 21.407 XJP -1
0 7.108 125.780 23.641 34.142 OTHERS 1
1 105.905 131.578 19.521 22.399 OTHERS 2
2 87.589 128.648 16.272 19.788 OTHERS 2
3 343.829 125.534 20.215 22.267 OTHERS 0
5 221.318 117.378 12.985 17.850 OTHERS -1
6 143.246 123.244 17.282 19.487 OTHERS 2
7 311.165 114.705 12.417 16.219 OTHERS -1
8 233.768 114.647 13.601 17.993 OTHERS -1
9 133.067 116.837 13.453 17.597 OTHERS -1
10 151.534 102.317 11.475 14.785 OTHERS -1
11 28.916 123.784 12.233 15.719 OTHERS -1
12 49.520 116.262 17.928 25.065 OTHERS -1
13 376.868 120.824 18.830 22.740 OTHERS -1
14 260.363 118.466 15.385 20.990 OTHERS -1
15 70.626 126.271 11.926 13.758 OTHERS -1
