0 65.809 249.286 14.757 16.716 OTHERS -1
1 233.408 218.479 12.363 17.723 OTHERS -1
2 83.067 272.608 21.242 26.066 OTHERS -1
3 41.342 275.454 16.783 18.185 OTHERS -1
4 131.252 213.436 11.094 14.324 OTHERS -1
5 18.776 268.523 18.223 21.399 OTHERS -1
6 447.728 218.935 9.064 10.701 OTHERS -1
7 181.135 245.940 10.101 12.269 OTHERS -1
8 157.216 219.514 8.838 11.117 OTHERS -1
9 214.579 223.619 10.732 13.682 OTHERS -1
10 519.439 216.970 8.439 10.981 OTHERS -1
11 468.540 213.794 7.938 10.142 OTHERS -1
12 232.908 237.342 10.148 12.656 OTHERS -1
13 92.834 249.087 11.252 14.838 OTHERS -1
14 364.582 212.212 8.579 10.662 OTHERS -1
15 270.709 240.329 10.981 16.211 OTHERS -1
