5 655.864 140.002 82.673 100.448 XJP 1
0 395.068 107.993 67.937 82.700 OTHERS -1
1 234.042 85.938 67.512 90.669 OTHERS 0
2 314.474 106.292 77.960 87.684 OTHERS 2
3 178.156 127.587 71.469 96.441 OTHERS 1
4 573.687 129.212 66.132 94.741 OTHERS 2
6 766.611 164.186 55.014 74.268 OTHERS -1
7 491.352 192.999 50.951 96.145 OTHERS -1
8 470.433 119.379 74.136 103.111 OTHERS -1
9 37.943 102.341 76.183 114.963 OTHERS -1
10 227.955 358.556 49.866 93.645 OTHERS -1
11 537.573 125.786 62.790 99.071 OTHERS 0
12 778.164 126.532 56.437 85.503 OTHERS -1
