0 199.758 41.267 25.281 32.290 XJP 2
1 135.210 43.069 19.415 23.112 OTHERS 0
2 344.857 57.607 24.012 29.402 OTHERS 2
3 113.450 32.936 19.069 24.746 OTHERS 0
4 257.281 65.262 21.585 28.230 OTHERS 2
5 407.040 37.207 22.239 27.082 OTHERS 0
6 159.163 35.844 22.346 26.937 OTHERS -1
7 274.110 34.085 20.843 25.946 OTHERS 2
8 183.486 43.125 13.591 16.864 OTHERS -1
9 255.848 36.884 19.766 24.531 OTHERS -1
10 77.390 47.048 17.380 18.618 OTHERS -1
11 227.279 35.237 15.574 25.113 OTHERS -1
12 367.352 50.668 17.648 22.470 OTHERS -1
