13 177.963 54.921 16.785 24.922 XJP -1
0 36.028 64.921 13.658 17.352 OTHERS -1
1 232.897 80.045 19.918 22.344 OTHERS -1
2 56.553 43.207 11.294 14.418 OTHERS -1
3 97.849 72.146 9.990 12.769 OTHERS -1
4 4.323 33.106 16.418 20.560 OTHERS -1
5 110.128 107.956 11.859 15.545 OTHERS -1
6 76.070 84.109 17.669 23.490 OTHERS -1
7 74.546 37.979 8.392 10.551 OTHERS -1
8 67.656 53.038 9.947 13.054 OTHERS -1
9 56.396 25.941 9.903 11.889 OTHERS -1
10 13.091 66.387 16.200 21.179 OTHERS -1
11 88.357 33.723 7.712 9.461 OTHERS -1
12 35.062 11.280 11.401 12.319 OTHERS -1
