0 157.717 86.099 30.389 35.915 OTHERS -1
1 314.746 71.647 29.165 33.692 OTHERS -1
2 523.509 69.170 24.715 33.824 OTHERS -1
3 366.279 102.177 23.159 27.481 OTHERS -1
4 75.756 124.946 22.011 24.245 OTHERS -1
5 398.810 102.854 22.722 25.944 OTHERS -1
6 443.885 95.420 20.859 28.117 OTHERS -1
7 243.273 106.155 22.280 24.598 OTHERS -1
8 212.136 107.979 21.632 25.833 OTHERS -1
9 189.602 113.749 19.506 22.222 OTHERS -1
10 271.956 102.920 20.690 25.170 OTHERS -1
11 474.463 95.534 20.769 25.621 OTHERS -1
12 336.194 96.503 19.612 26.000 OTHERS -1
13 507.691 101.879 12.091 16.813 OTHERS -1
