1 130.978 71.829 12.915 14.564 XJP -1
0 234.828 46.406 13.522 16.514 OTHERS -1
2 204.915 47.023 13.082 17.415 OTHERS -1
3 135.566 36.305 12.982 16.034 OTHERS -1
4 71.507 32.393 12.532 15.828 OTHERS -1
5 0.800 47.451 13.273 18.193 OTHERS -1
6 112.436 51.240 12.568 15.278 OTHERS -1
7 221.142 44.622 13.015 16.659 OTHERS -1
8 272.410 38.192 13.252 15.287 OTHERS -1
9 54.655 50.556 13.166 15.630 OTHERS -1
10 157.853 39.805 12.749 16.684 OTHERS -1
11 146.226 50.828 13.122 16.404 OTHERS -1
12 92.585 37.984 13.169 15.916 OTHERS -1
13 81.429 56.031 15.449 21.241 OTHERS 1
14 15.869 49.003 12.085 15.947 OTHERS -1
15 246.141 71.710 14.158 16.572 OTHERS -1
16 30.173 55.607 10.487 12.544 OTHERS -1
17 177.393 47.188 17.146 23.338 OTHERS -1
18 261.966 56.041 12.415 16.802 OTHERS -1
19 104.771 38.741 12.497 15.525 OTHERS -1
