0 359.834 150.995 30.900 37.764 XJP 2
1 238.727 141.237 31.092 37.701 OTHERS 2
2 20.908 144.351 26.268 27.942 OTHERS -1
3 769.369 152.764 24.106 28.409 OTHERS 1
4 734.689 145.806 25.796 28.659 OTHERS 1
5 492.057 168.512 16.601 20.829 OTHERS -1
6 453.034 169.038 15.740 19.869 OTHERS -1
7 642.130 160.121 18.998 23.879 OTHERS -1
8 387.144 174.782 14.696 17.556 OTHERS -1
9 706.446 151.142 18.026 24.419 OTHERS -1
10 130.473 191.173 9.168 11.050 OTHERS -1
11 302.402 176.547 12.980 14.661 OTHERS -1
12 588.196 164.962 16.109 21.807 OTHERS -1
13 544.650 164.964 18.892 23.934 OTHERS -1
14 563.687 163.268 20.566 24.520 OTHERS -1
15 337.989 179.439 8.662 11.446 OTHERS -1
16 524.199 162.984 19.187 22.878 OTHERS -1
17 617.655 162.888 22.057 25.585 OTHERS -1
18 332.087 178.804 8.923 11.386 OTHERS -1
19 407.162 176.657 11.632 14.155 OTHERS -1
20 127.162 193.696 8.958 10.184 OTHERS -1
21 433.601 170.716 15.891 20.724 OTHERS -1
22 669.037 157.533 19.565 24.083 OTHERS -1
