8 457.012 254.400 35.654 45.837 XJP 0
0 713.822 246.767 36.782 39.827 OTHERS 0
1 628.986 269.210 33.092 41.126 OTHERS 0
2 4.504 223.198 55.501 69.805 OTHERS 2
3 800.402 233.889 39.768 43.972 OTHERS 0
4 893.565 271.255 41.180 45.298 OTHERS 0
5 586.551 303.479 33.126 40.047 OTHERS 0
6 240.360 269.297 34.273 38.912 OTHERS 2
7 98.650 224.908 48.083 54.110 OTHERS 2
9 305.213 267.859 40.603 45.044 OTHERS 0
10 530.143 306.821 30.658 38.256 OTHERS 0
11 855.661 245.116 37.911 41.883 OTHERS 0
12 404.395 281.795 29.040 36.181 OTHERS 0
13 370.048 274.415 37.025 45.613 OTHERS 0
14 669.534 267.569 37.322 44.746 OTHERS 0
15 502.047 281.172 26.474 33.178 OTHERS -1
16 135.894 263.738 38.311 49.160 OTHERS -1
17 202.026 265.471 41.334 50.237 OTHERS 2
18 768.561 264.045 21.991 29.298 OTHERS -1
19 269.850 296.204 21.211 27.038 OTHERS -1
20 171.116 287.710 21.631 26.821 OTHERS -1
21 437.127 281.508 20.902 26.046 OTHERS -1
22 896.563 238.104 22.656 25.974 OTHERS -1
