7 282.546 155.567 23.641 25.622 XJP 0
0 153.055 176.572 34.383 39.174 OTHERS 2
1 455.563 157.183 40.899 39.364 OTHERS 0
2 497.800 161.108 49.953 57.082 OTHERS 2
3 62.628 163.412 33.911 36.629 OTHERS 0
4 436.336 136.542 31.118 34.008 OTHERS 2
5 13.107 138.840 39.604 44.874 OTHERS 0
6 328.351 178.712 18.597 19.842 OTHERS -1
8 381.379 167.810 23.047 25.862 OTHERS 0
9 348.937 162.081 15.185 17.711 OTHERS -1
10 365.905 148.544 21.582 24.138 OTHERS 0
11 213.222 164.157 22.197 28.196 OTHERS 2
12 399.249 145.029 21.140 23.907 OTHERS -1
13 314.543 156.460 18.095 21.883 OTHERS -1
14 236.182 178.046 17.757 22.602 OTHERS -1
15 414.967 167.452 20.613 24.808 OTHERS -1
16 193.861 170.349 19.618 25.759 OTHERS -1
