0 260.964 104.356 26.461 33.291 XJP 1
1 14.915 25.107 22.958 28.464 OTHERS -1
2 155.296 51.808 18.504 21.381 OTHERS -1
3 240.097 76.295 13.377 14.940 OTHERS -1
4 205.042 63.616 14.426 16.474 OTHERS -1
5 176.662 68.935 12.837 14.213 OTHERS -1
6 479.884 129.960 13.810 17.514 OTHERS -1
7 58.957 29.343 21.922 26.955 OTHERS -1
8 272.069 80.751 13.969 16.351 OTHERS -1
9 217.151 24.596 9.724 11.655 OTHERS -1
10 85.648 105.080 21.764 40.785 OTHERS -1
11 352.603 88.594 10.569 13.354 OTHERS -1
12 144.585 67.703 12.829 17.591 OTHERS -1
13 156.073 4.975 14.884 18.037 OTHERS -1
14 333.148 48.210 9.986 11.540 OTHERS -1
15 146.471 122.096 19.084 26.060 OTHERS -1
16 526.243 135.627 12.886 16.121 OTHERS -1
17 443.758 125.632 14.257 16.933 OTHERS -1
18 96.706 16.531 16.769 20.469 OTHERS -1
19 252.752 25.059 10.825 13.225 OTHERS -1
20 345.189 42.415 9.772 12.690 OTHERS -1
21 34.741 -1.162 21.959 19.759 OTHERS -1
22 335.226 105.157 9.429 12.971 OTHERS -1
23 392.639 84.219 9.599 11.566 OTHERS -1
24 317.495 41.835 9.713 11.158 OTHERS -1
25 -0.465 118.203 22.455 46.084 OTHERS -1
26 384.745 66.733 8.427 10.247 OTHERS -1
27 194.071 39.947 11.937 16.993 OTHERS -1
28 431.479 72.569 8.482 10.278 OTHERS -1
29 300.711 40.406 9.320 11.094 OTHERS -1
30 279.787 41.424 10.432 12.682 OTHERS -1
31 504.505 125.414 15.065 18.916 OTHERS -1
32 369.537 66.848 8.800 10.777 OTHERS -1
33 363.627 48.058 9.750 11.695 OTHERS -1
34 209.986 101.218 16.608 19.204 OTHERS -1
35 58.843 104.517 19.639 38.964 OTHERS -1
36 119.030 15.618 20.964 23.601 OTHERS -1
37 439.330 63.244 8.300 9.622 OTHERS -1
38 236.589 23.543 8.368 10.248 OTHERS -1
