0 154.953 397.226 69.220 84.681 OTHERS -1
1 23.803 356.170 40.821 46.454 OTHERS -1
2 308.779 357.126 38.116 49.307 OTHERS -1
3 294.022 320.512 25.525 31.292 OTHERS -1
4 152.948 339.808 43.000 52.814 OTHERS -1
5 114.509 306.415 23.432 26.351 OTHERS -1
6 80.439 275.897 11.888 15.232 OTHERS -1
7 200.511 280.671 11.247 12.088 OTHERS -1
8 42.223 311.070 20.549 32.763 OTHERS -1
9 307.855 287.895 19.009 28.093 OTHERS -1
10 269.334 321.601 19.675 29.025 OTHERS -1
11 398.607 301.928 20.060 30.389 OTHERS -1
12 394.332 344.990 23.517 55.664 OTHERS -1
13 287.768 296.000 21.219 27.211 OTHERS -1
14 138.267 290.819 10.122 14.216 OTHERS -1
