0 285.828 67.431 31.015 35.489 OTHERS 0
1 332.487 79.853 42.660 39.527 OTHERS 1
2 44.585 143.475 24.142 28.482 OTHERS 1
3 12.284 130.212 20.236 23.328 OTHERS -1
4 221.182 124.564 11.723 14.496 OTHERS -1
5 127.579 128.833 18.772 24.702 OTHERS -1
6 77.050 121.735 11.728 14.370 OTHERS -1
7 501.168 116.059 19.158 25.593 OTHERS 2
8 54.118 123.193 13.162 15.991 OTHERS -1
9 537.739 122.439 12.313 15.053 OTHERS -1
10 197.690 118.123 11.285 13.511 OTHERS -1
11 461.108 120.742 9.918 12.088 OTHERS -1
12 478.257 116.866 12.322 14.479 OTHERS -1
13 204.672 122.167 9.411 11.473 OTHERS -1
