3 372.269 97.548 31.166 25.723 XJP -1
0 776.425 110.294 26.941 36.479 OTHERS 2
1 642.546 102.295 28.912 33.276 OTHERS -1
2 458.535 90.748 27.822 32.076 OTHERS -1
4 292.685 395.875 33.084 29.100 OTHERS -1
5 485.410 105.435 26.039 28.948 OTHERS -1
6 428.649 90.225 26.032 27.615 OTHERS -1
7 100.883 95.463 27.793 23.905 OTHERS -1
8 728.225 122.695 30.382 23.179 OTHERS -1
9 122.479 1.712 19.690 22.030 OTHERS -1
10 834.635 125.863 31.216 24.254 OTHERS -1
11 880.780 29.188 20.905 22.972 OTHERS -1
12 128.669 116.500 35.217 23.927 OTHERS -1
13 525.314 107.259 29.211 30.269 OTHERS -1
14 535.231 21.102 19.465 19.161 OTHERS -1
15 560.410 99.049 28.012 23.741 OTHERS -1
16 239.024 123.517 32.002 24.342 OTHERS -1
17 629.793 57.683 22.521 22.693 OTHERS -1
18 582.035 40.259 21.635 26.346 OTHERS -1
19 270.600 5.553 23.650 23.113 OTHERS -1
20 6.937 16.749 19.836 19.265 OTHERS -1
21 332.728 21.651 21.956 23.150 OTHERS -1
22 86.274 7.203 18.558 23.390 OTHERS -1
23 736.494 38.720 20.824 26.078 OTHERS -1
24 304.090 2.547 24.173 18.317 OTHERS -1
25 769.536 371.161 32.416 32.508 OTHERS -1
26 456.218 7.117 20.713 24.107 OTHERS -1
27 190.762 0.772 26.894 19.912 OTHERS -1
28 50.018 1.043 20.350 21.844 OTHERS -1
29 847.534 47.752 21.835 20.975 OTHERS -1
30 697.614 31.415 19.047 23.991 OTHERS -1
31 908.224 16.078 19.481 25.994 OTHERS -1
32 386.212 5.187 13.582 15.824 OTHERS -1
33 431.122 15.893 21.101 24.741 OTHERS -1
34 868.227 117.290 22.612 28.486 OTHERS -1
35 488.155 0.751 24.532 19.061 OTHERS -1
36 23.296 66.046 23.085 26.116 OTHERS -1
37 26.827 99.101 23.116 21.633 OTHERS -1
38 217.730 36.988 21.598 22.451 OTHERS -1
39 829.352 66.287 19.894 25.333 OTHERS -1
40 570.806 5.833 11.000 13.623 OTHERS -1
41 662.741 4.659 15.495 15.676 OTHERS -1
42 14.966 339.504 33.289 38.043 OTHERS -1
43 168.023 336.349 34.549 33.518 OTHERS -1
44 262.637 30.630 16.472 19.571 OTHERS -1
45 174.157 19.118 17.213 18.612 OTHERS -1
46 467.651 381.142 32.375 24.585 OTHERS -1
47 819.540 22.791 18.558 21.318 OTHERS -1
