0 552.573 242.637 41.199 49.802 OTHERS 1
1 516.284 100.000 12.552 13.470 OTHERS -1
2 297.612 120.335 11.387 15.127 OTHERS -1
3 198.404 120.288 13.498 18.931 OTHERS -1
4 489.084 123.163 20.208 25.286 OTHERS 2
5 492.576 155.533 21.667 29.642 OTHERS 2
6 340.414 34.195 18.584 21.488 OTHERS -1
7 408.094 132.563 10.272 13.819 OTHERS -1
8 100.297 107.876 11.583 12.163 OTHERS -1
9 178.732 127.434 10.933 14.123 OTHERS -1
10 365.402 118.189 9.484 11.480 OTHERS -1
11 399.210 162.586 10.234 13.596 OTHERS -1
