0 158.412 149.902 16.515 20.716 OTHERS -1
1 114.671 138.209 16.670 22.013 OTHERS -1
2 173.384 145.380 14.353 19.031 OTHERS -1
3 140.923 150.508 11.597 14.624 OTHERS -1
4 247.553 132.529 21.797 25.542 OTHERS -1
5 218.944 162.730 12.093 16.434 OTHERS -1
6 70.818 146.822 18.416 23.480 OTHERS -1
7 36.522 142.615 12.578 16.744 OTHERS -1
8 57.343 142.608 14.775 19.175 OTHERS -1
9 18.737 147.474 19.455 24.241 OTHERS -1
10 386.443 160.814 8.634 10.781 OTHERS -1
11 220.058 147.372 9.558 11.594 OTHERS -1
12 420.214 159.199 8.754 10.793 OTHERS -1
13 7.551 156.087 8.823 11.644 OTHERS -1
