0 116.525 23.183 11.881 15.922 OTHERS -1
1 196.506 22.151 10.297 12.838 OTHERS -1
2 30.728 37.807 10.483 14.487 OTHERS -1
3 223.349 19.393 9.521 12.233 OTHERS -1
4 92.961 58.044 11.890 13.403 OTHERS -1
5 46.877 23.958 12.222 15.277 OTHERS -1
6 238.684 18.471 9.208 11.346 OTHERS -1
7 149.629 19.989 9.751 11.859 OTHERS -1
8 3.103 29.820 11.936 14.823 OTHERS -1
9 25.924 24.116 9.180 12.086 OTHERS -1
10 138.040 24.224 8.555 10.260 OTHERS -1
11 159.858 20.041 8.466 10.581 OTHERS -1
12 180.812 22.963 9.155 10.810 OTHERS -1
13 169.482 26.381 7.925 10.297 OTHERS -1
14 90.886 22.294 10.358 13.295 OTHERS -1
15 58.654 33.214 9.679 13.927 OTHERS -1
