0 369.560 126.048 28.542 35.234 DXP 0
1 430.949 123.258 16.353 21.971 OTHERS -1
2 315.410 127.318 17.222 21.562 OTHERS -1
3 460.410 116.071 14.717 18.195 OTHERS -1
4 102.287 123.857 13.743 17.198 OTHERS -1
5 231.118 124.490 14.143 18.373 OTHERS -1
6 194.973 121.750 10.238 16.849 OTHERS -1
7 18.648 77.345 9.805 12.267 OTHERS -1
8 40.039 131.024 17.321 22.664 OTHERS -1
9 58.292 128.012 10.704 13.683 OTHERS -1
10 39.239 65.969 8.477 10.512 OTHERS -1
11 19.805 46.468 9.210 11.741 OTHERS -1
12 7.430 45.036 10.150 12.723 OTHERS -1
13 36.948 50.718 8.758 10.587 OTHERS -1
14 81.792 129.325 10.306 13.540 OTHERS -1
15 52.911 63.848 8.049 9.962 OTHERS -1
16 124.027 116.203 7.888 10.461 OTHERS -1
17 59.851 63.948 7.639 9.816 OTHERS -1
18 33.359 80.861 9.530 12.106 OTHERS -1
19 -0.265 58.377 8.687 12.291 OTHERS -1
