0 15.071 32.008 25.930 33.737 OTHERS -1
1 101.067 39.318 22.897 29.882 OTHERS -1
2 208.191 49.447 15.094 18.596 OTHERS -1
3 89.609 78.238 24.315 25.699 OTHERS -1
4 184.234 45.562 16.639 21.450 OTHERS -1
5 66.547 27.749 18.063 22.536 OTHERS -1
6 268.609 48.323 15.374 21.900 OTHERS -1
7 194.386 79.355 22.664 26.068 OTHERS -1
8 218.040 39.218 12.187 15.962 OTHERS -1
9 164.494 64.800 21.900 25.606 OTHERS -1
10 163.202 43.879 17.856 21.267 OTHERS -1
11 235.542 35.927 18.673 22.929 OTHERS -1
12 128.998 41.560 17.157 21.351 OTHERS -1
