7 582.001 279.652 33.103 44.723 DXP 1
0 129.951 258.727 26.879 37.766 OTHERS 1
1 80.105 268.294 31.689 46.076 OTHERS 1
2 502.894 246.439 26.547 32.117 OTHERS 2
3 541.779 253.340 25.671 38.071 OTHERS 1
4 4.020 280.482 45.371 58.057 OTHERS 1
5 233.135 199.638 16.838 20.691 OTHERS -1
6 12.090 159.945 21.298 26.049 OTHERS 0
8 235.339 238.259 21.948 27.762 OTHERS 0
9 75.821 189.478 20.113 24.793 OTHERS -1
10 755.169 283.269 45.135 110.075 OTHERS 1
11 598.989 177.659 20.031 29.562 OTHERS 2
12 425.290 235.300 19.369 26.976 OTHERS -1
13 625.520 275.391 35.574 61.400 OTHERS 1
14 160.195 249.322 26.709 37.652 OTHERS -1
