0 110.152 52.725 28.570 43.219 OTHERS -1
1 202.979 41.293 26.010 47.195 OTHERS -1
2 38.217 286.555 14.370 17.405 OTHERS -1
3 153.011 251.131 13.475 17.549 OTHERS -1
4 180.674 257.528 13.052 16.509 OTHERS -1
5 195.584 272.391 13.722 17.018 OTHERS -1
6 17.170 294.110 14.981 18.968 OTHERS -1
7 160.290 278.044 15.645 20.914 OTHERS -1
8 31.253 269.903 12.544 14.895 OTHERS -1
9 339.438 264.906 11.607 14.973 OTHERS -1
10 346.166 302.184 15.370 17.758 OTHERS -1
11 178.000 282.005 13.515 16.995 OTHERS -1
12 53.645 280.696 12.974 17.056 OTHERS -1
13 321.910 259.915 10.781 13.010 OTHERS -1
14 3.313 283.339 11.933 16.246 OTHERS -1
15 313.549 300.162 12.428 17.779 OTHERS -1
