0 358.561 164.880 17.078 20.494 OTHERS -1
1 192.130 184.254 16.395 21.266 OTHERS -1
2 385.933 172.057 17.944 22.095 OTHERS -1
3 416.957 155.920 17.940 22.191 OTHERS -1
4 244.299 156.670 18.240 21.879 OTHERS -1
5 232.133 182.212 17.959 21.584 OTHERS -1
6 502.117 158.115 16.544 21.055 OTHERS -1
7 300.507 174.914 14.866 20.875 OTHERS -1
8 333.564 172.232 14.179 17.849 OTHERS -1
9 283.043 170.054 18.058 22.086 OTHERS -1
10 461.199 174.147 14.552 17.977 OTHERS -1
11 21.356 179.256 22.866 24.152 OTHERS -1
12 163.734 183.336 20.803 26.182 OTHERS -1
13 547.753 165.644 18.216 21.879 OTHERS -1
14 98.584 180.802 21.785 25.416 OTHERS -1
15 129.759 164.839 21.082 25.751 OTHERS -1
