0 321.657 111.963 10.664 13.439 OTHERS -1
1 130.000 111.294 9.986 12.755 OTHERS -1
2 377.853 112.029 9.618 12.342 OTHERS -1
3 86.507 105.254 10.241 12.985 OTHERS -1
4 113.017 103.409 9.959 12.532 OTHERS -1
5 25.659 98.907 10.531 13.756 OTHERS -1
6 63.287 109.523 9.692 12.171 OTHERS -1
7 154.722 106.345 10.138 12.772 OTHERS -1
8 363.677 113.441 9.756 13.067 OTHERS -1
9 344.055 116.258 9.604 12.711 OTHERS -1
10 172.934 114.421 9.733 12.277 OTHERS -1
11 299.369 108.610 10.164 12.325 OTHERS -1
12 215.991 102.917 9.940 12.863 OTHERS -1
13 183.695 103.880 10.012 12.822 OTHERS -1
14 280.490 119.039 9.501 11.901 OTHERS -1
15 43.354 109.799 9.910 12.760 OTHERS -1
16 256.190 107.805 9.671 12.368 OTHERS -1
17 197.553 113.018 9.229 11.300 OTHERS -1
18 107.225 122.827 9.080 11.495 OTHERS -1
19 235.531 110.490 9.309 11.827 OTHERS -1
