5 145.633 75.474 37.112 49.036 DXP 2
0 66.796 57.457 33.134 37.066 OTHERS 0
1 215.484 44.272 38.868 44.088 OTHERS 0
2 304.383 60.777 35.594 39.019 OTHERS 0
3 387.923 28.388 37.839 48.351 OTHERS 2
4 19.308 62.545 35.463 50.678 OTHERS 1
6 118.035 68.923 27.499 40.933 OTHERS -1
7 371.124 99.496 28.216 40.174 OTHERS 1
8 154.941 48.517 29.966 36.249 OTHERS -1
9 343.966 49.278 23.876 31.448 OTHERS 2
10 276.123 38.588 23.826 36.636 OTHERS 2
11 182.475 38.864 24.434 33.963 OTHERS -1
12 394.414 140.163 27.816 38.539 OTHERS -1
