0 132.351 290.350 13.485 17.067 OTHERS -1
1 67.295 296.353 13.517 17.510 OTHERS -1
2 100.140 296.482 12.940 15.817 OTHERS -1
3 158.692 299.350 12.318 15.605 OTHERS -1
4 568.431 301.158 12.845 18.354 OTHERS -1
5 193.782 290.143 13.453 16.700 OTHERS -1
6 321.273 295.687 13.421 15.725 OTHERS -1
7 431.784 296.246 11.720 15.227 OTHERS -1
8 445.632 299.343 13.682 16.934 OTHERS -1
9 505.713 304.757 11.653 12.544 OTHERS -1
10 259.647 298.753 11.926 15.310 OTHERS -1
11 634.875 301.542 12.032 15.522 OTHERS -1
12 214.410 297.026 12.022 15.957 OTHERS -1
13 386.070 292.149 11.689 15.119 OTHERS -1
14 270.751 295.722 10.323 14.191 OTHERS -1
