1 299.429 67.230 44.752 58.687 DXP 1
0 208.203 61.578 32.278 40.633 OTHERS 0
2 155.537 98.804 35.762 41.630 OTHERS 1
3 3.803 5.749 25.029 32.044 OTHERS 0
4 262.054 88.111 25.742 29.472 OTHERS 0
5 116.226 25.084 17.699 22.245 OTHERS -1
6 151.071 51.267 17.909 22.118 OTHERS -1
7 167.379 28.207 18.603 23.096 OTHERS -1
8 197.136 28.130 15.189 18.830 OTHERS -1
9 248.917 73.003 16.591 20.055 OTHERS -1
10 258.417 56.360 14.201 17.671 OTHERS -1
11 379.947 75.947 12.452 16.202 OTHERS -1
12 280.222 61.205 13.473 17.781 OTHERS -1
13 232.259 43.218 13.462 16.377 OTHERS -1
14 70.853 34.560 22.770 28.590 OTHERS -1
15 293.654 45.104 13.549 16.271 OTHERS -1
16 257.861 38.182 14.887 18.112 OTHERS -1
17 85.940 -0.267 18.721 18.787 OTHERS -1
18 133.509 22.487 12.899 17.312 OTHERS -1
19 135.385 0.510 14.650 15.023 OTHERS -1
20 362.124 58.424 11.936 15.140 OTHERS -1
21 37.438 17.243 21.986 25.547 OTHERS -1
22 181.515 17.978 13.141 16.663 OTHERS -1
23 284.517 25.710 10.942 12.707 OTHERS -1
24 94.889 29.584 19.316 22.848 OTHERS -1
25 85.372 79.251 44.640 48.883 OTHERS -1
26 128.058 60.514 19.045 24.872 OTHERS -1
27 305.223 36.892 10.108 12.214 OTHERS -1
