6 224.010 149.471 35.091 41.491 DXP 0
0 426.837 147.110 34.608 42.036 OTHERS 0
1 115.757 135.070 32.691 42.232 OTHERS 0
2 244.732 4.496 33.857 39.765 OTHERS 0
3 322.838 152.721 30.442 38.317 OTHERS 0
4 334.865 18.156 30.162 39.201 OTHERS 0
5 373.001 48.177 32.333 40.820 OTHERS 0
7 41.981 35.006 31.391 39.509 OTHERS 0
8 79.957 17.637 29.967 37.762 OTHERS 0
9 464.681 46.285 33.610 42.416 OTHERS 0
10 420.960 14.272 28.770 37.290 OTHERS 0
11 198.843 66.768 31.309 38.226 OTHERS 0
12 27.518 157.520 28.480 34.286 OTHERS 0
13 122.740 70.077 29.845 37.270 OTHERS 0
14 158.399 23.381 31.576 40.279 OTHERS 0
15 287.306 44.408 32.588 43.501 OTHERS 0
