1 365.145 469.200 47.506 59.709 DXP 2
0 627.488 422.127 38.591 41.861 OTHERS 0
2 375.854 375.210 33.920 42.366 OTHERS 2
3 506.649 419.241 36.239 45.927 OTHERS -1
4 458.063 384.896 27.649 37.368 OTHERS -1
5 265.143 424.244 39.832 52.941 OTHERS 2
6 787.590 374.212 23.233 31.960 OTHERS -1
7 259.202 25.598 25.094 29.504 OTHERS -1
8 486.210 481.860 36.971 50.534 OTHERS 2
9 829.359 406.099 37.385 46.228 OTHERS -1
10 611.510 361.150 21.894 23.932 OTHERS -1
11 559.923 376.355 19.524 27.992 OTHERS -1
12 731.636 386.187 15.841 21.106 OTHERS -1
13 539.150 388.467 23.807 27.289 OTHERS -1
14 365.809 60.504 14.832 24.524 OTHERS -1
