6 565.752 121.496 71.357 119.058 DXP 1
0 395.133 118.151 51.951 66.922 OTHERS 1
1 238.403 93.484 55.687 76.249 OTHERS 2
2 190.616 95.353 55.774 96.994 OTHERS 1
3 450.493 112.080 32.856 37.883 OTHERS 0
4 49.303 103.872 72.096 110.418 OTHERS 1
5 732.926 175.508 46.018 49.402 OTHERS -1
7 468.730 26.643 16.620 20.695 OTHERS -1
8 611.456 18.897 16.856 20.793 OTHERS -1
9 404.699 44.179 15.311 19.024 OTHERS -1
10 587.645 26.915 19.016 23.951 OTHERS -1
11 368.013 37.340 15.144 20.100 OTHERS -1
12 331.105 28.103 17.735 22.257 OTHERS -1
13 676.798 25.081 20.696 24.184 OTHERS -1
14 510.898 28.121 17.376 20.886 OTHERS -1
15 551.955 28.526 17.360 20.381 OTHERS -1
16 221.286 44.059 15.012 19.180 OTHERS -1
17 384.301 39.837 12.313 15.885 OTHERS -1
18 434.936 29.034 16.645 21.456 OTHERS -1
19 275.578 40.828 13.260 16.788 OTHERS -1
20 642.048 21.557 18.528 24.299 OTHERS -1
21 721.207 12.735 21.417 23.665 OTHERS -1
22 754.331 14.633 18.886 23.112 OTHERS -1
23 300.853 39.348 15.736 19.550 OTHERS -1
