0 592.065 99.519 85.582 128.059 DXP 2
1 103.988 371.551 25.458 37.773 OTHERS -1
2 164.485 350.763 25.784 34.976 OTHERS -1
3 266.447 349.642 25.721 33.818 OTHERS -1
4 546.065 351.616 23.636 29.594 OTHERS -1
5 847.079 351.440 22.080 29.906 OTHERS -1
6 760.259 347.017 22.406 29.310 OTHERS -1
7 700.356 361.300 17.378 21.876 OTHERS -1
8 3.958 377.039 22.299 28.619 OTHERS -1
9 427.357 343.656 20.746 30.646 OTHERS -1
10 473.319 360.617 17.504 24.651 OTHERS -1
11 75.858 367.704 20.775 28.089 OTHERS -1
12 826.227 339.584 19.515 25.447 OTHERS -1
13 505.143 358.692 12.643 19.537 OTHERS -1
14 594.888 362.454 17.741 25.150 OTHERS -1
15 302.966 346.262 18.986 29.799 OTHERS -1
16 230.563 346.808 14.538 27.034 OTHERS -1
