0 202.828 33.694 9.515 12.141 OTHERS -1
1 45.886 56.504 8.738 10.997 OTHERS -1
2 40.403 57.876 8.879 10.950 OTHERS -1
3 190.290 70.805 8.936 10.766 OTHERS -1
4 88.467 66.877 8.958 11.584 OTHERS -1
5 26.779 53.972 8.880 10.755 OTHERS -1
6 79.401 59.601 8.967 11.408 OTHERS -1
7 84.943 47.572 8.412 10.694 OTHERS -1
8 35.398 77.255 9.886 12.569 OTHERS -1
9 103.234 47.254 8.430 10.424 OTHERS -1
10 124.592 60.671 8.269 9.986 OTHERS -1
11 176.465 47.930 8.444 10.347 OTHERS -1
12 60.349 57.548 8.498 10.122 OTHERS -1
13 131.295 49.074 8.308 10.160 OTHERS -1
14 70.569 84.527 8.382 10.031 OTHERS -1
