0 321.039 175.972 11.727 12.918 OTHERS -1
1 148.567 128.422 11.489 12.816 OTHERS -1
2 429.608 179.138 13.902 14.450 OTHERS -1
3 120.429 167.862 12.507 13.785 OTHERS -1
4 62.841 172.900 11.942 13.145 OTHERS -1
5 377.870 126.352 12.079 14.044 OTHERS -1
6 180.677 126.880 11.322 12.685 OTHERS -1
7 345.048 134.661 10.441 12.356 OTHERS -1
8 160.741 169.312 12.713 13.458 OTHERS -1
9 285.125 126.857 10.934 12.726 OTHERS -1
10 254.864 128.038 11.526 13.732 OTHERS -1
11 78.754 123.465 12.009 13.996 OTHERS -1
12 203.212 166.941 11.788 13.755 OTHERS -1
13 290.035 170.106 12.711 13.965 OTHERS -1
14 218.457 127.556 11.576 13.440 OTHERS -1
15 423.274 135.248 11.149 12.352 OTHERS -1
16 113.480 129.908 11.471 12.864 OTHERS -1
17 250.052 169.786 12.558 14.671 OTHERS -1
18 315.389 125.316 10.760 12.550 OTHERS -1
19 385.673 178.731 11.105 12.160 OTHERS -1
20 402.656 133.361 11.255 13.112 OTHERS -1
21 355.532 179.330 10.908 12.182 OTHERS -1
