1 200.571 62.353 25.553 31.995 DXP 0
0 145.145 143.145 31.384 39.950 OTHERS 2
2 3.188 50.658 27.987 33.991 OTHERS 1
3 319.418 143.444 27.258 34.611 OTHERS 2
4 401.497 67.621 25.642 28.906 OTHERS 2
5 431.925 53.402 25.306 36.209 OTHERS 1
6 181.010 39.758 23.811 30.827 OTHERS 2
7 145.318 44.213 24.058 29.547 OTHERS 0
8 111.900 40.133 23.167 29.312 OTHERS 2
9 344.704 45.038 22.360 28.376 OTHERS 0
10 238.756 53.859 21.532 27.479 OTHERS 0
11 274.450 40.693 21.547 29.281 OTHERS 0
12 80.725 35.156 21.150 26.200 OTHERS 2
13 381.732 59.426 19.873 27.050 OTHERS 0
14 310.557 37.423 20.420 25.956 OTHERS 0
15 283.021 83.000 20.569 25.986 OTHERS 0
16 484.489 40.832 18.956 27.905 OTHERS 1
17 224.202 40.745 17.562 21.401 OTHERS -1
