0 680.209 482.981 33.890 38.555 OTHERS -1
1 751.149 475.343 31.492 34.645 OTHERS -1
2 585.253 491.489 26.396 30.061 OTHERS -1
3 371.819 475.347 36.729 42.099 OTHERS -1
4 911.728 446.124 33.982 45.340 OTHERS -1
5 809.230 456.443 45.909 52.037 OTHERS -1
6 505.223 427.791 29.541 37.246 OTHERS -1
7 147.574 544.661 47.409 51.536 OTHERS -1
8 264.401 476.242 39.763 54.874 OTHERS -1
9 624.060 486.734 29.579 31.348 OTHERS -1
10 419.336 467.679 30.742 42.270 OTHERS -1
11 83.653 495.737 51.473 37.637 OTHERS -1
12 544.967 490.804 29.343 32.655 OTHERS -1
13 342.840 478.437 30.746 39.248 OTHERS -1
14 223.162 508.159 32.344 36.680 OTHERS -1
