8 61.389 215.931 25.387 29.043 DXP -1
0 307.017 174.298 36.248 51.522 OTHERS 2
1 432.393 127.900 28.972 39.575 OTHERS -1
2 227.782 154.071 24.376 32.186 OTHERS 2
3 118.380 190.991 27.571 37.010 OTHERS 1
4 189.915 182.571 27.352 38.385 OTHERS 1
5 354.813 144.204 30.633 35.748 OTHERS -1
6 438.331 156.161 41.927 53.253 OTHERS 2
7 134.820 85.878 16.439 21.438 OTHERS -1
9 565.066 73.592 20.788 26.553 OTHERS -1
10 164.859 133.154 20.720 28.521 OTHERS 1
11 305.017 119.510 17.386 22.587 OTHERS -1
12 412.319 109.957 22.429 29.462 OTHERS -1
13 25.702 159.773 13.298 18.721 OTHERS -1
