0 226.369 105.980 52.283 64.622 XJP 0
1 453.838 42.434 32.109 34.555 OTHERS -1
2 291.940 78.521 37.090 43.049 OTHERS 2
3 104.405 96.897 34.831 46.132 OTHERS 0
4 145.857 99.839 30.571 41.225 OTHERS 0
5 57.475 97.952 24.997 34.256 OTHERS -1
6 66.727 61.344 16.203 20.720 OTHERS -1
7 225.460 22.868 15.426 19.644 OTHERS -1
8 24.011 62.760 13.430 16.909 OTHERS -1
9 93.609 64.616 15.679 21.358 OTHERS -1
10 283.693 25.334 11.826 16.449 OTHERS -1
11 38.225 59.563 14.405 17.991 OTHERS -1
12 12.521 86.448 21.696 26.469 OTHERS -1
13 108.415 66.174 19.699 24.501 OTHERS -1
14 149.750 31.274 13.322 16.888 OTHERS -1
15 239.394 52.223 14.376 19.263 OTHERS -1
16 314.773 28.695 15.720 24.018 OTHERS -1
17 265.632 26.735 14.524 20.182 OTHERS -1
18 184.420 55.163 19.716 25.245 OTHERS -1
19 366.910 44.825 12.820 17.341 OTHERS -1
20 385.841 36.126 13.374 15.893 OTHERS -1
21 58.691 35.533 11.237 15.186 OTHERS -1
22 96.974 44.371 12.783 16.003 OTHERS -1
23 301.906 23.887 13.037 18.158 OTHERS -1
24 332.605 27.225 11.636 15.782 OTHERS -1
25 481.054 14.836 24.948 36.030 OTHERS -1
26 136.707 47.034 15.738 18.089 OTHERS -1
