1 396.881 114.402 58.763 91.290 DXP 1
0 310.816 88.301 56.183 79.299 OTHERS 2
2 224.772 136.980 37.179 51.001 OTHERS 0
3 243.143 52.473 28.348 36.202 OTHERS 2
4 265.302 133.590 29.430 36.767 OTHERS 0
5 33.163 50.960 30.192 41.153 OTHERS 0
6 0.116 146.649 31.769 48.408 OTHERS 2
7 563.440 91.837 55.649 94.619 OTHERS 1
8 371.046 125.219 25.035 31.252 OTHERS -1
9 518.594 79.863 24.956 32.405 OTHERS -1
10 216.316 11.900 23.814 33.218 OTHERS 2
11 59.578 8.743 24.323 32.304 OTHERS -1
12 385.582 80.214 24.390 32.350 OTHERS 0
13 418.118 28.147 22.915 30.459 OTHERS -1
14 287.898 21.538 22.133 33.069 OTHERS 0
15 151.010 74.844 45.831 90.883 OTHERS -1
16 459.106 63.416 23.730 30.277 OTHERS -1
17 532.898 43.107 21.960 26.788 OTHERS -1
18 183.172 73.105 22.904 34.172 OTHERS -1
19 482.299 45.313 21.926 27.852 OTHERS 0
20 351.572 25.350 21.750 26.717 OTHERS -1
21 139.245 6.957 22.748 26.464 OTHERS -1
22 585.764 34.620 20.498 26.436 OTHERS 2
23 553.337 137.887 27.200 38.885 OTHERS -1
