0 241.204 97.310 48.048 66.332 DXP 1
1 153.669 74.391 35.527 45.056 OTHERS 2
2 58.163 87.439 46.639 67.159 OTHERS -1
3 29.520 33.434 45.889 54.552 OTHERS 2
4 100.884 33.731 40.169 53.617 OTHERS 0
5 199.458 89.988 36.811 44.273 OTHERS 2
6 328.782 55.890 35.053 50.273 OTHERS 1
7 140.169 107.219 36.884 50.556 OTHERS 1
8 87.895 -1.154 32.009 36.675 OTHERS 2
9 306.814 27.201 27.048 34.905 OTHERS 2
10 340.998 -1.070 27.860 36.016 OTHERS 0
11 316.236 8.191 22.312 28.738 OTHERS -1
12 240.518 2.210 20.947 27.697 OTHERS -1
