0 208.952 118.015 28.177 34.493 DXP 2
1 14.867 84.195 23.969 29.364 OTHERS 0
2 152.212 92.577 24.746 31.326 OTHERS 0
3 107.890 86.730 22.162 28.648 OTHERS 2
4 97.729 23.848 15.923 18.482 OTHERS -1
5 260.741 16.230 16.090 21.276 OTHERS -1
6 211.493 9.778 15.823 20.211 OTHERS -1
7 37.185 28.836 14.645 18.117 OTHERS -1
8 156.367 10.307 14.000 18.539 OTHERS -1
9 232.797 8.244 14.740 19.397 OTHERS -1
10 350.578 11.718 19.371 23.741 OTHERS 2
11 180.565 9.817 14.585 18.819 OTHERS -1
12 277.857 77.751 20.322 23.304 OTHERS -1
13 246.410 16.676 13.630 18.777 OTHERS -1
14 300.696 19.830 15.805 20.504 OTHERS -1
15 227.467 72.741 17.796 23.142 OTHERS 0
16 285.799 3.387 13.556 16.719 OTHERS -1
17 128.328 71.801 16.195 19.063 OTHERS -1
18 171.972 75.954 17.294 19.707 OTHERS -1
19 114.185 23.293 13.806 17.957 OTHERS -1
20 298.326 211.685 54.732 51.455 OTHERS -1
21 68.806 38.923 10.426 12.846 OTHERS -1
22 334.300 16.929 17.972 21.381 OTHERS -1
23 32.504 15.497 15.347 17.956 OTHERS -1
