0 434.355 297.745 16.330 20.791 OTHERS -1
1 183.349 228.646 16.354 18.885 OTHERS -1
2 148.551 238.540 14.254 17.827 OTHERS -1
3 47.272 298.804 15.599 20.714 OTHERS -1
4 514.356 292.869 16.916 20.568 OTHERS -1
5 255.931 295.788 16.386 20.804 OTHERS -1
6 491.068 230.912 15.472 19.538 OTHERS -1
7 528.799 239.488 15.986 19.268 OTHERS -1
8 369.163 229.301 16.088 20.128 OTHERS -1
9 300.750 302.486 14.560 18.103 OTHERS -1
10 395.484 226.566 13.760 17.421 OTHERS -1
11 344.053 303.147 15.775 19.540 OTHERS -1
12 396.242 302.226 15.575 20.228 OTHERS -1
13 324.487 226.852 16.050 21.044 OTHERS -1
14 132.603 223.028 15.081 19.323 OTHERS -1
15 347.348 223.144 15.869 19.178 OTHERS -1
16 476.965 290.792 16.531 19.738 OTHERS -1
17 214.337 299.085 16.520 19.006 OTHERS -1
18 175.440 299.825 16.599 22.429 OTHERS -1
19 273.646 227.142 15.873 19.745 OTHERS -1
20 212.645 225.333 15.109 19.173 OTHERS -1
21 95.798 294.616 16.421 19.420 OTHERS -1
22 104.380 233.000 16.620 20.723 OTHERS -1
23 437.052 235.349 14.633 17.421 OTHERS -1
24 132.731 300.046 15.735 19.712 OTHERS -1
25 408.965 242.330 15.821 18.800 OTHERS -1
26 301.437 221.967 15.194 18.130 OTHERS -1
27 228.711 230.653 15.718 20.615 OTHERS -1
28 452.744 248.157 15.187 18.212 OTHERS -1
