1 60.829 82.692 39.506 48.825 DXP 2
0 37.877 63.846 29.230 37.538 OTHERS 2
2 112.342 71.806 25.940 33.424 OTHERS 1
3 28.081 47.664 10.182 12.738 OTHERS -1
4 20.485 11.346 9.398 12.172 OTHERS -1
5 68.937 28.529 8.586 10.715 OTHERS -1
6 56.068 21.532 9.263 11.636 OTHERS -1
7 46.466 44.221 9.305 11.775 OTHERS -1
8 105.940 45.605 9.256 11.557 OTHERS -1
9 3.792 13.575 9.195 12.144 OTHERS -1
10 85.908 28.225 8.570 10.630 OTHERS -1
11 83.866 14.048 8.597 10.689 OTHERS -1
12 107.441 21.389 7.857 9.985 OTHERS -1
13 52.121 3.629 8.841 11.206 OTHERS -1
