5 276.424 75.660 37.404 49.843 DXP 1
0 222.925 83.252 32.250 39.062 OTHERS 2
1 159.852 46.444 32.486 39.485 OTHERS 0
2 7.627 28.009 36.460 43.161 OTHERS 2
3 230.889 44.062 29.552 36.068 OTHERS -1
4 88.070 42.111 35.753 51.588 OTHERS 1
6 347.483 32.829 24.259 29.948 OTHERS 0
7 60.023 17.994 23.881 36.562 OTHERS -1
8 306.107 6.540 20.173 23.245 OTHERS 0
9 215.449 25.386 21.509 29.514 OTHERS 0
10 368.795 69.245 34.903 53.553 OTHERS 1
11 185.938 15.676 18.991 22.313 OTHERS 2
12 269.078 18.386 20.168 29.058 OTHERS 2
13 333.547 32.466 19.092 26.347 OTHERS -1
