2 430.638 131.683 24.544 29.059 DXP 0
0 657.114 133.926 28.811 34.345 OTHERS 2
1 571.371 111.894 24.507 33.274 OTHERS 1
3 712.461 132.457 24.532 36.704 OTHERS 1
4 638.712 94.836 25.946 34.609 OTHERS 1
5 550.696 103.893 21.804 31.665 OTHERS -1
6 387.417 122.392 21.580 26.332 OTHERS 2
7 150.393 120.904 20.218 26.198 OTHERS 2
8 56.958 113.498 18.492 20.876 OTHERS -1
9 192.035 114.640 20.405 26.460 OTHERS -1
10 77.598 127.386 18.017 21.870 OTHERS -1
11 355.179 131.756 19.505 21.001 OTHERS 2
12 294.291 119.515 20.667 24.404 OTHERS -1
13 110.315 116.565 19.845 25.854 OTHERS -1
14 265.188 130.087 19.336 22.950 OTHERS -1
