0 23.641 427.959 44.964 54.729 OTHERS -1
1 431.326 423.213 34.108 43.404 OTHERS -1
2 261.377 399.534 29.531 32.538 OTHERS -1
3 282.993 434.615 42.119 51.324 OTHERS -1
4 346.475 392.126 23.096 28.639 OTHERS -1
5 219.554 433.039 31.013 33.193 OTHERS -1
6 138.640 353.225 17.253 21.461 OTHERS -1
7 378.592 375.602 16.851 23.008 OTHERS -1
8 461.123 409.869 24.114 36.719 OTHERS -1
9 218.671 369.850 16.139 19.131 OTHERS -1
10 192.159 366.248 22.778 25.894 OTHERS -1
11 576.712 277.144 53.367 105.389 OTHERS -1
12 119.694 351.592 12.110 15.023 OTHERS -1
13 271.479 335.283 11.210 13.695 OTHERS -1
14 424.419 385.204 21.172 28.529 OTHERS -1
15 309.232 355.443 10.553 12.941 OTHERS -1
16 156.362 348.170 12.393 16.163 OTHERS -1
17 286.893 344.269 10.770 13.099 OTHERS -1
18 273.187 357.251 12.887 16.498 OTHERS -1
19 319.430 363.387 14.155 17.332 OTHERS -1
20 171.059 353.763 12.080 16.009 OTHERS -1
21 207.293 339.588 10.679 13.275 OTHERS -1
22 148.155 397.407 24.415 24.356 OTHERS -1
23 515.686 406.792 31.981 58.833 OTHERS -1
24 237.946 342.207 10.503 12.325 OTHERS -1
