3 110.627 52.315 24.598 28.817 DXP 0
0 57.962 33.974 18.459 22.205 OTHERS 0
1 150.356 46.131 22.213 27.626 OTHERS 2
2 28.943 61.136 19.176 23.567 OTHERS 0
4 182.091 34.944 19.566 24.617 OTHERS 0
5 224.167 35.644 21.222 27.915 OTHERS 2
6 300.730 52.196 18.292 26.122 OTHERS 1
7 6.284 34.330 11.729 14.363 OTHERS -1
8 80.038 43.292 10.523 13.348 OTHERS -1
9 273.145 47.055 14.613 21.561 OTHERS 1
10 252.916 50.873 11.825 15.339 OTHERS -1
11 113.509 32.015 18.886 22.109 OTHERS -1
12 323.396 50.956 21.438 24.160 OTHERS 1
