0 545.205 186.452 28.918 41.477 OTHERS -1
1 466.978 125.877 24.897 31.995 OTHERS -1
2 303.166 122.244 26.505 36.149 OTHERS -1
3 358.322 163.657 30.704 42.762 OTHERS -1
4 113.755 126.755 24.995 34.458 OTHERS -1
5 498.439 145.144 25.558 29.379 OTHERS -1
6 231.373 92.670 23.067 30.138 OTHERS -1
7 151.494 172.165 32.049 50.543 OTHERS -1
8 126.701 167.817 23.750 42.263 OTHERS -1
9 435.661 210.803 38.845 57.199 OTHERS -1
10 523.541 84.928 25.317 31.491 OTHERS -1
11 514.839 33.859 14.412 17.880 OTHERS -1
12 428.764 35.179 12.645 16.918 OTHERS -1
13 380.250 78.941 18.455 23.916 OTHERS -1
14 553.788 310.433 35.976 57.483 OTHERS -1
15 284.700 118.895 22.235 28.954 OTHERS -1
16 468.598 77.743 17.850 22.954 OTHERS -1
17 554.235 10.767 11.566 15.058 OTHERS -1
18 185.832 0.445 13.854 16.009 OTHERS -1
19 189.536 53.199 20.472 24.655 OTHERS -1
20 179.986 36.810 13.932 19.337 OTHERS -1
21 283.774 50.276 15.087 20.327 OTHERS -1
22 268.926 106.765 11.104 12.981 OTHERS -1
23 391.480 49.843 14.111 21.710 OTHERS -1
24 461.224 64.837 16.249 25.818 OTHERS -1
25 269.508 -0.647 14.062 12.207 OTHERS -1
26 89.276 0.232 13.369 12.302 OTHERS -1
27 359.374 45.167 10.141 15.772 OTHERS -1
