0 209.984 109.715 45.251 60.943 OTHERS -1
1 378.369 200.527 19.119 23.056 OTHERS -1
2 293.977 204.650 17.731 24.117 OTHERS -1
3 97.545 211.470 20.206 24.295 OTHERS -1
4 477.627 198.865 18.252 23.219 OTHERS -1
5 331.791 200.715 12.501 15.791 OTHERS -1
6 586.433 189.242 11.990 16.040 OTHERS -1
7 559.455 197.711 17.033 21.413 OTHERS -1
8 143.511 207.122 13.103 17.193 OTHERS -1
9 430.038 204.470 10.910 13.969 OTHERS -1
10 345.456 195.433 10.486 13.809 OTHERS -1
11 403.687 204.381 10.371 12.993 OTHERS -1
12 320.066 198.385 9.451 12.585 OTHERS -1
13 440.713 194.831 8.909 10.174 OTHERS -1
