11 123.987 100.910 18.632 23.483 DXP -1
0 306.106 88.821 25.876 33.819 OTHERS 2
1 276.212 40.296 15.874 21.705 OTHERS -1
2 140.763 46.329 15.676 19.515 OTHERS -1
3 106.596 54.008 12.819 16.448 OTHERS -1
4 232.851 48.609 12.710 16.321 OTHERS -1
5 122.610 52.403 12.837 16.501 OTHERS -1
6 76.114 45.680 14.102 17.271 OTHERS -1
7 224.498 102.050 20.492 23.422 OTHERS 2
8 165.702 42.361 15.234 20.495 OTHERS -1
9 323.128 31.425 17.883 21.724 OTHERS -1
10 152.453 84.724 19.901 22.256 OTHERS -1
12 50.018 41.124 21.049 25.930 OTHERS -1
13 188.163 50.387 9.170 11.839 OTHERS -1
