0 400.348 279.969 53.413 69.210 DXP 0
1 704.217 278.419 49.600 57.001 OTHERS 0
2 605.786 303.615 31.985 38.345 OTHERS 0
3 206.549 238.167 30.640 37.550 OTHERS 0
4 60.756 270.967 41.061 46.050 OTHERS 0
5 500.266 287.123 31.418 43.188 OTHERS 0
6 321.506 236.616 31.970 39.827 OTHERS 0
7 636.037 273.731 28.257 35.748 OTHERS -1
8 534.984 280.884 22.654 28.394 OTHERS -1
9 571.527 272.139 14.284 18.072 OTHERS -1
10 55.058 97.849 9.313 12.217 OTHERS -1
11 95.394 99.730 9.077 11.609 OTHERS -1
12 366.956 263.243 22.335 28.190 OTHERS -1
13 593.938 273.175 20.449 26.505 OTHERS -1
14 412.726 198.376 9.206 11.493 OTHERS -1
