0 32.660 380.932 13.276 16.653 OTHERS -1
1 33.693 136.586 10.030 12.397 OTHERS -1
2 199.092 137.322 9.275 12.343 OTHERS -1
3 230.765 141.273 8.888 11.281 OTHERS -1
4 254.665 139.128 9.727 12.015 OTHERS -1
5 215.217 138.164 8.878 11.295 OTHERS -1
6 155.269 134.900 8.939 11.464 OTHERS -1
7 169.180 139.416 9.095 11.533 OTHERS -1
8 52.888 137.207 9.228 11.284 OTHERS -1
9 134.466 393.628 9.180 11.635 OTHERS -1
10 389.980 135.204 9.155 11.286 OTHERS -1
11 241.545 135.473 9.093 11.103 OTHERS -1
12 113.926 141.343 8.990 11.308 OTHERS -1
13 349.552 140.400 9.465 11.896 OTHERS -1
14 313.774 135.699 8.604 10.843 OTHERS -1
15 129.872 139.041 8.912 11.679 OTHERS -1
16 188.137 132.965 8.677 10.814 OTHERS -1
17 93.949 134.551 8.834 11.104 OTHERS -1
18 369.003 135.328 9.097 10.811 OTHERS -1
19 338.172 136.170 8.988 10.942 OTHERS -1
20 324.836 135.376 8.948 10.970 OTHERS -1
21 269.141 135.644 8.470 10.582 OTHERS -1
22 139.815 145.334 8.791 11.274 OTHERS -1
23 304.133 142.466 8.656 11.703 OTHERS -1
24 277.402 371.014 16.727 27.042 OTHERS -1
25 293.120 138.431 8.414 11.439 OTHERS -1
26 75.282 138.271 8.658 10.625 OTHERS -1
27 104.434 138.728 8.613 11.162 OTHERS -1
