1 562.011 338.709 64.438 89.387 DXP 1
0 35.000 40.578 46.540 62.365 OTHERS 2
2 291.864 371.090 48.884 58.327 OTHERS 0
3 406.978 192.205 46.972 52.283 OTHERS 0
4 606.243 154.839 29.455 40.572 OTHERS -1
5 102.545 134.966 50.694 60.367 OTHERS -1
6 559.019 166.770 31.811 44.564 OTHERS 1
7 581.427 248.245 31.547 41.669 OTHERS 1
8 43.400 180.199 50.508 75.191 OTHERS -1
9 207.961 123.678 43.023 56.326 OTHERS 0
10 324.234 201.664 43.300 61.407 OTHERS 2
11 616.496 74.604 28.212 35.423 OTHERS -1
12 475.570 315.494 43.333 50.233 OTHERS 0
13 397.008 114.503 41.441 50.822 OTHERS 2
14 196.158 398.632 47.276 65.463 OTHERS -1
15 170.337 66.155 36.373 52.900 OTHERS -1
16 246.177 44.603 42.376 50.297 OTHERS -1
17 501.104 51.720 25.201 31.405 OTHERS 1
18 582.845 93.126 23.582 34.264 OTHERS -1
19 499.285 174.815 34.397 46.615 OTHERS -1
20 505.734 118.321 39.604 48.057 OTHERS -1
21 444.273 55.919 26.878 38.822 OTHERS -1
22 -0.154 -2.008 28.563 49.452 OTHERS -1
23 356.506 140.988 43.999 49.652 OTHERS -1
24 710.613 159.273 20.372 29.114 OTHERS -1
25 670.642 29.254 18.317 22.787 OTHERS -1
