3 329.958 135.364 14.516 18.520 DXP -1
0 342.048 90.142 15.347 19.518 OTHERS -1
1 80.794 101.922 12.811 16.421 OTHERS -1
2 199.574 86.273 12.602 16.595 OTHERS -1
4 409.077 88.808 13.383 19.057 OTHERS -1
5 236.746 89.864 12.612 16.577 OTHERS -1
6 373.017 96.044 13.707 17.493 OTHERS -1
7 169.100 91.067 13.660 15.958 OTHERS -1
8 131.588 144.009 14.525 17.763 OTHERS -1
9 156.230 101.631 12.051 15.302 OTHERS -1
10 361.206 86.861 12.380 14.959 OTHERS -1
11 262.032 86.623 12.918 16.857 OTHERS -1
12 25.957 88.876 14.933 19.089 OTHERS -1
13 120.226 84.913 14.560 17.782 OTHERS -1
14 307.817 93.447 12.192 15.243 OTHERS -1
15 92.829 97.792 11.496 15.703 OTHERS -1
16 285.611 100.705 12.115 15.244 OTHERS -1
17 213.640 93.554 12.718 16.399 OTHERS -1
18 186.324 101.948 12.382 16.150 OTHERS -1
19 57.586 100.286 13.580 16.434 OTHERS -1
