0 598.272 104.151 86.541 122.857 DXP 2
1 104.941 375.637 26.127 38.657 OTHERS -1
2 166.304 354.094 26.609 35.324 OTHERS -1
3 551.429 355.726 24.902 30.205 OTHERS -1
4 767.684 351.523 23.654 29.699 OTHERS 2
5 856.112 355.058 22.834 30.634 OTHERS -1
6 3.343 381.163 22.898 29.471 OTHERS -1
7 268.462 355.278 25.246 32.392 OTHERS -1
8 708.175 365.712 17.458 21.906 OTHERS -1
9 431.730 348.028 20.948 30.334 OTHERS -1
10 601.246 366.687 18.060 25.490 OTHERS -1
11 478.371 364.870 17.759 25.144 OTHERS -1
12 305.575 350.862 19.406 30.229 OTHERS -1
13 76.464 371.812 20.933 28.475 OTHERS -1
14 834.946 343.913 20.131 25.919 OTHERS -1
15 882.146 369.432 13.777 18.477 OTHERS -1
16 510.116 362.040 13.119 21.297 OTHERS -1
