0 359.030 84.298 63.590 72.225 DXP -1
1 360.400 272.163 59.660 74.325 DXP 0
2 831.059 266.756 52.246 68.272 DXP 2
3 380.528 453.886 72.347 92.990 DXP 0
5 820.872 78.582 44.914 52.800 DXP 2
6 151.480 81.604 28.723 30.552 DXP -1
7 609.350 77.768 27.522 30.189 DXP -1
8 148.199 272.682 24.439 29.160 DXP 0
9 845.223 500.122 42.907 53.869 DXP 2
11 116.227 520.789 23.686 29.965 DXP 2
14 588.074 275.875 19.695 22.754 DXP -1
4 795.501 460.589 43.664 54.174 OTHERS 2
10 182.383 500.232 23.147 28.408 OTHERS 0
12 211.769 282.113 22.284 25.933 OTHERS 0
13 781.970 92.714 20.978 29.189 OTHERS -1
15 433.295 251.247 30.083 37.474 OTHERS -1
16 890.742 93.842 20.213 25.128 OTHERS -1
17 306.112 250.042 28.389 40.358 OTHERS -1
18 607.993 451.005 16.686 20.516 OTHERS -1
19 665.218 462.436 18.616 23.167 OTHERS -1
20 84.850 287.818 22.292 24.246 OTHERS -1
