0 180.744 92.160 32.228 40.260 0.9998996258
1 405.328 89.181 33.954 42.650 0.9998874664
2 48.336 121.531 28.428 34.890 0.9997623563
3 450.712 100.577 35.489 42.969 0.9996166229
4 332.569 87.898 28.586 45.336 0.9989356399
5 9.624 91.983 30.933 40.051 0.9986078143
6 212.815 126.784 34.923 42.861 0.9984320998
7 77.228 105.277 24.940 33.582 0.9982755184
8 309.816 134.737 14.756 20.204 0.9900353551
9 120.615 97.430 16.078 19.961 0.9893192649
10 152.058 103.097 19.721 23.417 0.9890549183
11 268.942 97.234 18.318 22.590 0.9803975821
