0 315.523 230.236 54.440 68.567 0.9999746084
1 158.780 249.239 48.395 53.841 0.9998779297
2 466.149 276.714 34.903 39.635 0.9998339415
3 32.692 172.527 30.809 34.515 0.9998107553
4 42.611 131.852 29.942 35.370 0.9997903705
5 107.022 182.135 29.923 32.654 0.9997788072
6 30.113 65.258 29.281 33.759 0.9997716546
7 44.050 219.670 39.035 48.051 0.9997176528
8 219.648 275.781 27.077 32.268 0.9995392561
9 121.692 136.105 28.691 32.123 0.9995377064
10 4.538 44.940 28.007 32.726 0.9995107651
11 278.626 281.898 26.909 31.334 0.9993425012
12 175.154 149.296 26.425 31.241 0.9992910624
13 220.542 202.808 26.086 31.791 0.9992761016
14 73.079 46.543 26.077 31.435 0.9992153645
15 105.837 91.154 24.377 30.394 0.9987102747
16 130.024 55.563 24.756 27.731 0.9985501170
17 153.542 111.113 23.958 27.165 0.9978164434
18 523.556 154.863 16.728 19.290 0.9973458648
19 279.261 205.515 25.342 29.395 0.9971442819
20 437.426 294.532 26.521 28.971 0.9970936775
21 430.376 151.346 20.381 24.014 0.9960046411
22 186.257 70.942 22.183 26.781 0.9947233200
23 492.986 162.048 19.919 24.084 0.9933992624
24 349.513 123.207 16.579 20.265 0.9933440685
25 559.373 281.080 21.249 25.075 0.9932524562
26 416.422 233.185 20.950 25.077 0.9929493666
27 320.278 139.620 18.654 22.955 0.9928405285
28 551.247 160.683 16.599 18.573 0.9924495220
29 233.910 103.411 20.230 25.057 0.9919861555
30 524.288 182.356 16.396 21.146 0.9917739034
31 551.954 256.560 18.433 22.254 0.9912596345
32 563.824 184.607 16.819 18.473 0.9911608696
33 169.714 201.023 27.348 28.180 0.9889843464
34 297.280 170.443 22.343 25.343 0.9889432192
35 399.787 152.949 19.453 23.297 0.9882941246
36 314.112 97.749 19.361 22.253 0.9882684946
37 467.541 159.663 18.226 20.873 0.9881195426
38 211.469 123.547 19.708 24.424 0.9868558049
39 566.787 206.386 19.522 21.574 0.9867725968
40 406.393 198.666 19.683 22.952 0.9866029024
41 530.390 252.809 20.382 24.528 0.9861977696
42 583.572 239.370 17.433 25.028 0.9856071472
43 535.568 221.948 17.179 20.819 0.9851149917
44 337.934 185.538 20.999 24.938 0.9848939776
45 376.621 222.384 21.450 25.698 0.9843445420
46 366.489 184.970 22.316 25.866 0.9835187197
47 268.979 125.309 21.628 26.290 0.9828024507
48 360.278 150.005 21.635 25.166 0.9790719151
49 462.016 235.071 20.834 23.184 0.9773715734
50 519.372 295.583 21.447 26.986 0.9773412347
51 276.870 97.499 20.914 23.184 0.9770520329
52 451.221 187.020 21.670 26.066 0.9764084220
53 494.364 204.616 21.108 25.699 0.9759566784
54 494.846 235.457 21.679 24.729 0.9716200233
55 544.168 182.067 17.474 20.423 0.9672263265
56 450.663 144.974 12.464 16.573 0.9630076885
57 586.980 289.929 14.609 23.058 0.9614475965
58 572.871 161.901 13.737 14.501 0.9478569627
59 231.953 154.313 23.153 25.323 0.9412664771
