0 95.318 15.621 54.396 65.181 0.9999597073
1 6.735 69.988 15.702 20.716 0.9954507947
2 229.000 72.559 14.606 18.939 0.9874495268
3 153.181 73.129 16.182 20.603 0.9786872268
4 80.796 67.284 16.077 20.184 0.9589899182
5 55.979 58.601 11.868 14.670 0.9573560953
6 33.211 46.647 9.215 11.976 0.9479906559
7 209.602 59.951 9.768 12.392 0.9272894263
8 171.501 58.158 10.495 13.418 0.9271488190
9 67.678 50.228 9.773 12.503 0.9258905053
10 163.243 38.315 8.776 11.199 0.9235245585
11 19.535 60.165 9.912 12.365 0.9105845690
