0 214.546 83.034 33.726 37.561 0.9999564886
1 65.719 87.225 33.798 41.077 0.9999022484
2 127.665 89.946 37.440 43.819 0.9997975230
3 87.678 34.774 29.823 34.945 0.9996762276
4 114.549 55.005 25.100 30.887 0.9992464781
5 0.922 73.560 27.769 39.629 0.9991798997
6 22.329 89.977 35.824 48.835 0.9990440011
7 163.272 79.567 29.332 38.472 0.9982430935
8 190.368 80.224 23.003 37.584 0.9977641106
9 72.885 65.680 26.189 28.523 0.9967018962
10 65.332 181.116 36.722 51.102 0.9962592125
11 155.095 45.479 25.301 26.984 0.9530813098
