0 193.144 64.967 36.015 48.702 0.9996190071
1 31.649 2.227 24.533 31.563 0.9991822839
2 26.324 106.467 27.735 43.634 0.9977054000
3 237.373 74.359 23.548 33.738 0.9970461726
4 59.267 10.727 23.197 27.570 0.9948508143
5 126.107 49.947 14.024 17.587 0.9908568263
6 99.774 18.080 17.672 21.658 0.9902188182
7 104.772 72.260 20.226 30.991 0.9796360731
8 175.180 20.089 10.256 13.056 0.9638810754
9 158.037 53.525 10.939 14.100 0.9592830539
10 184.695 40.648 9.400 12.611 0.9443693161
11 151.581 7.719 10.618 13.914 0.9356593490
12 130.342 77.119 17.613 27.469 0.9157485366
