0 137.019 52.550 50.315 72.660 0.9999686480
1 338.675 108.301 54.683 65.618 0.9999657869
2 245.142 55.544 53.030 67.708 0.9999654293
3 17.741 54.181 52.940 89.261 0.9999623299
4 438.480 89.370 44.906 65.930 0.9998557568
5 74.957 -0.029 34.668 41.918 0.9995404482
6 209.073 66.296 31.735 44.342 0.9994004965
7 221.504 21.096 26.506 29.300 0.9992826581
8 301.093 97.899 28.080 33.505 0.9985713959
9 327.600 12.827 20.089 24.959 0.9811328053
10 427.242 29.706 15.093 20.126 0.9776682854
11 384.755 5.279 15.133 19.222 0.9727598429
12 365.007 17.762 15.567 24.825 0.9552438855
