0 473.502 100.354 24.904 28.517 0.9994649291
1 110.023 94.229 26.384 29.742 0.9994258881
2 293.868 91.547 28.439 37.072 0.9991680384
3 388.400 92.528 24.418 30.321 0.9990946054
4 210.566 87.733 27.312 29.907 0.9985716343
5 37.245 63.888 26.016 27.956 0.9985648990
6 538.079 57.638 23.739 25.000 0.9944416881
7 247.519 71.188 22.347 26.697 0.9935265779
8 389.601 65.887 22.276 27.113 0.9930567741
9 453.000 66.652 21.443 25.121 0.9907782078
10 176.885 73.118 21.736 25.075 0.9880021811
11 312.320 62.586 20.451 24.852 0.9850010872
