0 379.624 184.529 57.096 83.948 0.9999638796
1 92.624 79.353 30.644 36.752 0.9999458790
2 42.105 89.086 36.094 42.913 0.9999291897
3 229.952 72.638 33.070 40.621 0.9999243021
4 189.321 44.526 28.090 35.908 0.9999206066
5 162.356 74.573 29.783 37.705 0.9998495579
6 132.885 99.535 39.183 50.255 0.9997774959
7 281.555 60.776 25.583 32.868 0.9993300438
8 392.630 48.791 30.345 37.386 0.9992905855
9 384.266 104.380 43.947 53.120 0.9992843270
10 300.958 78.867 42.966 49.658 0.9991729856
11 458.636 31.573 27.659 34.366 0.9985319376
12 118.796 46.270 25.898 28.222 0.9980023503
13 119.258 77.108 20.975 28.973 0.9912518859
14 0.027 122.421 27.811 59.741 0.9813646674
15 266.606 46.943 22.260 26.158 0.9686074257
