0 276.530 17.107 22.315 27.464 0.9970476031
1 66.281 13.240 21.458 28.586 0.9963642955
2 197.163 17.554 15.895 19.433 0.9912173748
3 332.546 23.372 21.262 26.941 0.9910145402
4 11.748 13.792 18.042 21.471 0.9879095554
5 174.894 24.291 13.417 17.541 0.9838815928
6 144.650 19.862 18.945 24.174 0.9820336699
7 129.902 26.191 10.246 13.069 0.9738000631
8 225.890 29.788 10.949 14.093 0.9706659913
9 315.105 27.180 10.763 14.751 0.9663787484
10 238.787 27.150 9.537 12.513 0.9387272000
11 98.928 25.113 10.147 13.452 0.9373084903
