0 306.836 229.708 16.903 21.206 0.9946936965
1 306.561 139.254 14.561 18.579 0.9917970896
2 427.409 134.880 14.342 18.009 0.9916021228
3 374.247 161.028 15.652 20.272 0.9913858175
4 442.851 156.337 14.729 19.311 0.9909281135
5 93.474 192.936 16.642 20.740 0.9909247160
6 546.486 137.690 15.200 18.445 0.9905051589
7 201.355 227.884 16.266 22.071 0.9901335239
8 160.010 235.745 16.300 21.566 0.9895652533
9 343.852 158.433 14.672 18.149 0.9893575311
10 489.659 184.044 17.184 23.232 0.9892091155
11 354.069 229.474 16.829 21.716 0.9888039231
12 146.512 131.400 13.787 17.561 0.9878236055
13 184.719 141.775 14.062 17.003 0.9872583747
14 446.978 127.074 12.867 16.166 0.9871039987
15 169.697 169.974 15.120 19.253 0.9859811068
16 254.006 221.895 16.409 22.166 0.9859721661
17 393.983 170.889 15.821 20.231 0.9857460260
18 194.904 165.249 13.994 17.471 0.9857032895
19 292.416 168.609 14.277 18.204 0.9849866033
20 460.358 134.960 14.598 18.692 0.9841822982
21 156.797 155.665 15.390 18.896 0.9835487008
22 224.490 138.721 14.098 16.776 0.9835337996
23 546.094 220.999 17.438 22.047 0.9833447337
24 414.016 222.678 18.001 22.680 0.9832937717
25 491.839 133.098 15.829 20.204 0.9828367233
26 240.519 125.496 14.091 17.354 0.9825809598
27 104.601 146.003 13.400 17.244 0.9818076491
28 458.769 182.119 14.925 19.523 0.9816505909
29 511.293 139.185 14.906 19.463 0.9814955592
30 166.643 139.132 13.157 16.589 0.9806630015
31 413.038 129.843 13.569 17.049 0.9806383848
32 324.420 154.524 14.239 18.342 0.9794166088
33 402.622 152.168 14.827 18.369 0.9792084098
34 308.665 177.453 15.719 19.624 0.9787881374
35 457.450 223.961 16.676 21.979 0.9783074856
36 418.318 163.390 14.881 18.956 0.9780656695
37 124.192 132.131 14.532 17.524 0.9780590534
38 184.827 189.970 16.036 21.005 0.9773867130
39 530.374 123.631 14.390 18.652 0.9771299958
40 262.628 141.409 14.476 17.672 0.9764724374
41 139.785 151.971 13.586 16.470 0.9763349295
42 252.682 164.772 14.776 18.608 0.9762849212
43 203.586 129.219 13.746 17.418 0.9758494496
44 128.859 169.054 14.957 18.747 0.9756751657
45 274.144 122.109 13.599 16.966 0.9733972549
46 474.760 148.105 14.294 17.196 0.9730461240
47 337.963 119.942 14.232 17.563 0.9726752043
48 500.648 224.080 16.551 21.639 0.9720705152
49 341.956 140.973 14.701 17.682 0.9711565971
50 212.591 169.600 15.024 18.578 0.9709703326
51 433.876 183.563 14.496 18.536 0.9706662297
52 44.205 175.497 15.905 20.294 0.9699897170
53 515.621 173.518 14.997 18.798 0.9691397548
54 571.259 149.093 16.336 20.977 0.9657939672
55 145.309 191.906 15.686 20.352 0.9637664557
56 267.630 186.475 14.955 19.401 0.9635301232
57 76.822 174.990 15.174 18.679 0.9628728628
58 575.657 180.482 18.298 24.180 0.9618779421
59 351.991 177.164 15.419 19.880 0.9613489509
60 227.961 185.635 16.748 21.013 0.9611718655
61 477.078 116.632 13.768 17.360 0.9596031308
62 455.394 115.154 12.354 15.016 0.9587691426
63 369.455 125.822 13.547 17.510 0.9578450918
64 68.381 162.123 14.033 16.571 0.9545421600
65 470.562 164.122 14.676 18.180 0.9501610398
66 556.320 180.840 16.649 21.202 0.9501450062
67 512.254 122.932 12.776 15.595 0.9492382407
68 229.857 154.564 15.285 18.843 0.9455139041
69 382.466 132.477 14.143 17.669 0.9381784201
70 497.032 159.910 14.925 18.270 0.9353004694
71 281.180 149.244 13.913 17.037 0.9343694448
72 536.586 163.356 14.894 18.344 0.9149606228
