0 171.586 38.727 27.574 34.994 0.9996807575
1 12.122 38.059 32.491 44.985 0.9992282391
2 228.023 41.038 24.701 32.868 0.9982172847
3 42.116 30.901 24.429 35.918 0.9967650175
4 71.908 55.244 16.688 22.184 0.9926660657
5 97.828 64.638 9.451 11.653 0.9731127024
6 104.591 68.132 8.674 10.866 0.9496221542
7 8.644 4.624 16.166 18.774 0.9439917207
8 109.573 69.193 7.917 10.262 0.9299691319
9 61.095 6.486 9.310 10.739 0.9289517403
10 281.588 55.493 10.726 13.042 0.9254251719
11 81.386 42.819 9.510 12.478 0.9187421203
