0 8.617 159.157 26.518 34.007 0.9995422363
1 2.458 137.531 18.269 19.987 0.9960378408
2 407.284 136.084 12.561 18.476 0.9911369085
3 204.198 135.698 14.352 15.215 0.9908698201
4 88.958 131.302 9.449 11.975 0.9741736054
5 497.298 136.345 10.184 11.938 0.9618388414
6 160.405 146.034 15.918 24.761 0.9587071538
7 138.521 138.443 12.519 15.864 0.9586280584
8 156.619 120.002 8.420 10.932 0.9570119381
9 355.031 131.018 9.173 11.286 0.9521469474
10 433.939 143.023 12.414 18.339 0.9432583451
11 513.075 141.933 11.397 13.238 0.9352627993
12 416.024 120.253 8.224 10.514 0.9322599173
13 481.751 131.483 8.851 11.715 0.9298313856
14 61.397 137.455 9.531 11.839 0.9286422133
15 304.522 123.100 8.236 10.365 0.9272509813
16 446.882 124.164 8.428 10.924 0.9266068339
17 456.097 170.885 19.128 28.114 0.9138247967
18 105.149 129.761 8.193 10.920 0.9133329391
19 441.408 123.315 8.202 10.668 0.9128118157
20 456.107 143.424 14.458 20.953 0.9085599780
21 172.877 119.291 7.777 9.917 0.9040293097
22 234.519 125.016 7.750 11.238 0.9035734534
