0 340.898 282.880 30.595 39.207 0.9999002218
1 37.505 252.513 30.994 38.164 0.9998718500
2 490.120 292.588 31.577 38.132 0.9998350143
3 569.774 154.617 26.964 33.373 0.9997052550
4 159.290 133.339 27.389 37.826 0.9996837378
5 24.537 121.450 27.357 34.633 0.9996532202
6 572.775 280.009 31.159 37.993 0.9995896220
7 214.804 273.032 27.984 35.175 0.9995691180
8 198.907 140.448 26.696 32.542 0.9995054007
9 136.584 253.958 31.602 40.271 0.9994390607
10 408.887 286.777 29.026 36.329 0.9994224310
11 519.849 154.666 25.995 35.795 0.9993175268
12 271.025 142.946 26.208 33.127 0.9992154837
13 466.990 158.694 24.857 32.758 0.9991156459
14 80.076 127.112 27.988 34.292 0.9990465045
15 308.097 146.221 27.015 34.564 0.9990139008
16 116.164 129.971 27.071 31.435 0.9989055395
17 283.564 274.663 28.013 34.969 0.9988880754
18 356.923 160.179 25.615 33.513 0.9983995557
19 237.696 133.284 25.524 33.510 0.9979415536
20 548.712 165.808 23.423 30.770 0.9967029691
21 446.015 168.736 23.268 30.099 0.9956464171
22 413.262 164.220 25.870 30.015 0.9952619076
23 332.903 160.442 23.058 31.200 0.9952312112
24 390.152 161.406 22.758 29.908 0.9913029671
25 143.829 125.825 22.284 33.394 0.9684107304
