0 228.341 27.278 42.559 56.517 0.9997687936
1 484.445 203.298 10.556 13.400 0.9810299873
2 430.486 201.235 10.620 12.756 0.9806725383
3 52.125 199.942 10.457 13.065 0.9741972685
4 155.304 201.685 10.594 13.568 0.9701539874
5 379.861 202.451 10.542 13.580 0.9666683674
6 2.377 206.368 10.259 12.676 0.9655148387
7 268.660 202.857 10.950 13.621 0.9650459886
8 393.239 193.666 7.717 10.088 0.9546850920
9 215.831 202.927 10.154 12.934 0.9386590123
10 97.770 202.521 10.456 13.337 0.9351496100
11 68.627 198.848 8.529 10.859 0.9338120222
12 10.468 195.847 7.869 10.196 0.9322181344
13 335.055 204.483 9.380 11.281 0.9035742283
