0 200.963 66.134 25.670 36.515 0.9994427562
1 259.562 59.274 31.100 49.452 0.9980036616
2 250.449 20.099 22.227 30.482 0.9978531003
3 164.920 72.827 23.359 31.893 0.9977926016
4 175.452 20.578 14.578 20.125 0.9966334701
5 178.584 47.469 16.970 23.191 0.9946776628
6 148.861 52.664 15.400 19.982 0.9924334288
7 117.050 80.314 17.623 24.010 0.9922266006
8 234.222 -0.865 20.595 21.318 0.9920222759
9 8.091 73.074 16.877 20.641 0.9906134605
10 121.713 48.907 13.777 17.868 0.9893895984
11 137.514 62.307 13.338 17.688 0.9844146967
12 149.567 13.497 13.311 16.381 0.9839618206
13 93.623 53.408 13.315 16.959 0.9828128219
14 89.060 84.527 16.657 21.263 0.9827346206
15 200.489 9.706 17.101 22.267 0.9818506837
16 46.144 65.686 10.923 14.445 0.9804257751
17 29.513 68.097 10.206 13.190 0.9784756899
18 49.815 47.992 10.218 13.359 0.9736154079
19 143.050 73.866 20.235 28.402 0.9654865861
20 159.803 3.648 11.017 14.450 0.9648568034
21 150.091 30.665 14.175 18.031 0.9552882910
22 110.400 41.665 11.706 15.621 0.9552642107
23 138.945 2.366 10.711 14.443 0.9521976709
24 94.207 38.104 11.608 14.509 0.9514152408
25 109.509 24.646 10.327 12.879 0.9494397640
26 37.406 43.324 9.352 11.919 0.9443520308
27 117.016 9.187 10.102 13.066 0.9435684085
28 177.305 0.444 14.468 15.348 0.9408558607
29 77.787 27.393 9.755 11.990 0.9048507214
30 101.711 18.335 8.811 10.999 0.9040774107
