0 169.665 256.064 11.232 13.958 0.9870582223
1 425.324 234.456 11.071 13.761 0.9853466749
2 407.788 253.273 11.735 14.406 0.9849016070
3 104.942 256.949 11.433 14.919 0.9839530587
4 239.295 255.197 12.005 15.650 0.9825561047
5 277.164 210.884 11.083 13.944 0.9823503494
6 479.766 255.997 11.764 15.259 0.9819485545
7 287.358 227.904 10.858 13.946 0.9793848991
8 443.057 255.909 10.906 13.983 0.9743813872
9 137.025 256.469 12.926 14.149 0.9715889692
10 376.658 253.059 11.137 13.864 0.9711577296
11 200.846 218.060 10.364 13.213 0.9703538418
12 67.639 258.538 10.658 13.507 0.9697004557
13 169.869 226.985 10.365 13.011 0.9680073857
14 457.784 231.755 11.695 14.056 0.9640445113
15 359.167 236.162 10.144 12.922 0.9621397853
16 311.809 218.190 10.539 12.879 0.9617697597
17 373.139 220.317 10.016 12.081 0.9584672451
18 343.226 253.425 11.521 14.659 0.9575387239
19 134.278 221.612 10.139 12.406 0.9553349614
20 94.675 232.703 11.190 12.807 0.9541220069
21 180.118 221.257 10.178 12.694 0.9519484639
22 226.503 218.274 10.199 12.235 0.9513636231
23 274.698 253.953 12.148 16.041 0.9506899714
24 228.263 234.895 10.345 12.812 0.9240455031
25 257.426 231.342 10.454 13.143 0.9205489159
26 130.873 234.248 10.578 13.535 0.9174628854
27 338.487 218.817 9.553 11.683 0.9164929986
