0 70.034 48.511 18.126 22.993 0.9965978265
1 206.497 39.436 20.118 24.714 0.9915829301
2 -1.192 47.701 14.055 23.296 0.9866380692
3 166.207 57.732 12.510 15.471 0.9777439237
4 141.389 49.535 21.064 24.354 0.9775821567
5 253.688 43.587 21.239 27.347 0.9768046737
6 226.477 44.068 12.347 18.000 0.9568468928
7 100.731 54.770 8.393 10.412 0.9447529912
8 15.693 48.667 9.753 12.130 0.9333433509
9 188.795 37.753 8.061 9.759 0.9155533910
10 35.546 57.499 7.828 9.783 0.9011933804
11 42.793 51.654 8.564 11.085 0.9009636641
