0 363.225 64.371 24.590 32.941 0.9964800477
1 346.235 24.852 14.689 18.852 0.9944293499
2 328.021 31.893 12.211 15.665 0.9926298857
3 75.791 91.792 13.693 16.169 0.9915594459
4 115.198 83.957 14.417 17.981 0.9915312529
5 336.009 62.429 13.967 17.929 0.9912853837
6 207.709 71.923 13.805 17.538 0.9895454049
7 227.933 67.759 11.233 14.911 0.9877721071
8 158.900 76.059 13.643 17.429 0.9875827432
9 281.806 39.167 12.191 15.295 0.9868819118
10 305.497 37.154 12.091 15.352 0.9863927960
11 8.492 51.048 15.010 19.360 0.9860184193
12 267.987 39.623 10.899 13.454 0.9852846265
13 87.646 81.816 12.742 16.660 0.9830170870
14 264.392 67.021 17.274 21.983 0.9811612964
15 122.327 54.596 11.945 15.087 0.9803321362
16 396.196 14.046 17.516 22.955 0.9798087478
17 59.839 46.261 12.357 16.219 0.9792166352
18 244.391 46.980 11.514 15.246 0.9792141318
19 89.834 49.969 10.758 13.036 0.9641770124
20 20.406 99.969 15.229 18.435 0.9621470571
21 295.894 28.405 9.159 11.800 0.9448656440
22 25.926 56.016 11.613 14.712 0.9271478057
23 307.127 23.805 9.757 11.756 0.9270902276
