0 560.044 353.367 53.865 71.242 0.9998877048
1 430.508 348.010 46.695 61.577 0.9998805523
2 333.210 284.067 31.913 38.899 0.9995328188
3 724.060 392.831 57.226 75.925 0.9994346499
4 792.106 307.800 46.990 48.149 0.9993733764
5 622.484 304.801 28.738 39.785 0.9985296726
6 746.868 291.393 31.277 35.213 0.9983670115
7 527.341 293.282 24.659 32.329 0.9964935184
8 539.840 323.150 37.480 44.754 0.9963232279
9 357.457 327.189 38.559 53.135 0.9948205948
10 648.858 265.283 24.169 30.481 0.9944695234
11 376.880 267.796 27.278 33.271 0.9910373688
12 427.635 259.102 22.494 29.597 0.9878939986
13 172.605 295.009 32.873 40.103 0.9864543080
14 261.409 315.987 36.355 37.198 0.9815230966
15 4.656 493.728 82.556 104.975 0.9718580246
16 816.597 403.481 83.011 98.810 0.9690617919
17 304.328 262.132 14.939 17.096 0.9687340260
18 880.231 314.915 24.918 40.899 0.9492421746
19 288.420 289.609 18.303 24.099 0.9429495931
20 513.568 278.845 21.056 27.257 0.9368223548
21 264.644 252.115 14.573 19.856 0.9321892858
