0 15.586 117.496 14.497 17.965 0.9954717159
1 47.063 188.923 13.177 16.613 0.9940006137
2 320.424 118.735 11.975 15.285 0.9931719303
3 482.847 160.930 13.977 17.553 0.9926573634
4 103.810 194.043 12.645 16.175 0.9925300479
5 3.644 185.135 14.782 16.976 0.9925040007
6 255.485 117.631 13.596 17.469 0.9922388196
7 160.065 176.416 12.253 15.556 0.9900348783
8 438.224 170.893 13.450 16.803 0.9889106750
9 462.231 177.489 13.053 15.777 0.9884201288
10 407.523 172.733 12.428 15.515 0.9875713587
11 384.773 122.014 11.622 14.998 0.9875355363
12 472.987 116.171 12.196 15.398 0.9862215519
13 77.717 193.448 12.769 15.847 0.9861779213
14 220.862 117.841 12.509 16.092 0.9861088395
15 129.632 187.944 13.043 15.139 0.9858282804
16 417.688 117.397 12.668 16.541 0.9855726361
17 352.634 114.087 12.242 15.729 0.9852724671
18 310.333 179.576 13.276 15.942 0.9832608104
19 448.227 120.600 11.268 14.169 0.9793565273
20 125.466 126.221 11.451 13.416 0.9771224260
21 90.021 118.700 13.407 15.947 0.9745251536
22 350.325 180.851 12.402 15.221 0.9740986228
23 185.215 128.645 11.241 13.023 0.9676291943
24 154.090 116.037 12.676 16.603 0.9671556354
25 378.224 176.063 13.000 15.353 0.9632723331
26 229.438 178.019 13.599 15.820 0.9553115368
27 144.434 116.775 10.932 14.487 0.9413877130
28 288 117 15 18 0.9