0 327.075 126.644 66.331 78.542 0.9999946356
1 99.391 114.195 76.880 95.451 0.9999243021
2 27.150 126.521 21.772 26.681 0.9888318777
3 471.171 125.439 18.713 24.088 0.9867712855
4 411.224 111.364 12.178 16.226 0.9848005772
5 305.289 110.211 11.490 14.520 0.9822407365
6 400.464 154.504 20.571 27.379 0.9821997881
7 10.004 103.920 12.591 16.351 0.9802066088
8 420.193 94.534 12.001 15.022 0.9776133895
9 281.145 94.154 11.865 14.042 0.9740711451
10 55.379 97.136 10.281 12.963 0.9623740911
11 488.907 94.375 9.396 12.060 0.9538308978
12 460.005 96.359 12.401 14.213 0.9432180524
