0 415.560 209.781 13.979 16.708 0.9970189333
1 200.074 213.425 13.102 16.970 0.9969689250
2 80.901 212.648 13.229 16.537 0.9960168004
3 467.885 207.236 12.790 16.194 0.9958137870
4 360.864 213.853 13.399 16.880 0.9956806898
5 136.751 209.525 13.497 17.113 0.9948605895
6 514.886 211.872 12.755 15.538 0.9929246902
7 188.584 210.433 10.888 14.119 0.9928528666
8 539.364 212.029 11.436 14.004 0.9888296723
9 25.834 211.797 13.595 16.661 0.9821795821
10 6.768 208.895 11.770 15.906 0.9811568856
11 277.644 207.134 13.459 16.251 0.9796282649
12 433.837 208.095 8.297 10.626 0.9694361687
13 56.990 216.062 8.885 11.074 0.9666869640
14 229.544 215.817 8.115 10.170 0.9649593830
15 388.218 212.360 8.897 10.940 0.9625905752
16 43.071 213.679 8.663 10.709 0.9600081444
17 500.500 211.467 8.294 10.483 0.9576471448
18 330.354 212.873 8.241 10.029 0.9482018352
19 444.947 211.917 8.088 10.109 0.9435549378
20 98.301 205.592 7.392 10.574 0.9414623976
21 479.069 208.096 9.220 11.518 0.9343540072
22 168.442 215.741 8.243 10.307 0.9312074184
23 112.160 219.160 8.471 10.278 0.9056145549
