0 64.194 110.941 13.342 14.740 0.9958212376
1 417.425 112.751 12.649 14.780 0.9948477745
2 97.739 111.089 12.961 14.421 0.9908722043
3 129.835 112.543 13.129 15.041 0.9878126979
4 379.029 116.940 11.699 12.727 0.9848292470
5 25.035 114.234 12.803 14.340 0.9844012856
6 169.488 109.392 12.952 14.799 0.9821872711
7 243.832 113.113 11.427 14.928 0.9797303677
8 206.676 113.439 11.540 15.588 0.9718181491
9 308.684 111.002 12.561 14.599 0.9618676901
10 274.431 116.324 12.347 13.543 0.9285040498
11 346.788 114.429 12.570 13.664 0.9157012105
