0 81.560 68.167 52.752 72.236 0.9999880791
1 272.362 12.150 38.082 48.727 0.9998708963
2 143.577 95.056 26.955 39.936 0.9997190833
3 195.235 30.245 27.720 36.009 0.9996900558
4 318.847 103.667 41.734 66.644 0.9996665716
5 348.231 0.531 40.115 34.184 0.9996649027
6 310.935 17.124 30.954 46.244 0.9995715022
7 177.946 87.309 29.602 42.228 0.9995245934
8 275.998 72.631 31.475 51.562 0.9993919134
9 248.080 15.247 26.080 42.605 0.9991191030
10 164.202 11.825 25.237 29.851 0.9985091090
11 157.474 43.312 23.313 35.848 0.9981005788
12 132.551 44.804 23.693 36.325 0.9976710677
13 226.464 90.372 31.022 51.906 0.9960145950
14 37.026 99.493 22.261 30.002 0.9924166203
15 17.268 86.789 21.573 33.804 0.9795783162
16 209.114 81.117 29.271 47.948 0.9659577608
17 355.029 41.617 28.443 42.171 0.9587426782
18 203.656 11.133 25.020 30.214 0.9178215265
