0 359.002 74.404 29.601 40.498 0.9998369217
1 62.373 63.452 33.806 44.406 0.9998225570
2 281.366 73.217 33.228 41.804 0.9997318387
3 208.931 59.264 34.133 45.888 0.9996690750
4 410.327 65.936 35.894 49.701 0.9994052649
5 111.959 75.227 28.161 41.758 0.9993701577
6 244.902 57.528 27.384 35.571 0.9991781116
7 30.488 65.603 24.581 33.822 0.9963137507
8 323.869 53.919 27.410 36.701 0.9942005873
9 141.564 34.413 20.988 26.722 0.9643215537
10 277.769 54.240 25.320 30.327 0.9336001873
11 24.806 47.546 21.070 30.138 0.9129885435
