0 329.204 167.835 17.824 20.195 0.9987007380
1 395.905 164.332 16.184 20.960 0.9962193370
2 522.212 174.397 17.442 23.560 0.9955744743
3 141.259 168.380 18.816 24.175 0.9929364324
4 474.907 170.890 18.370 21.307 0.9908349514
5 561.362 172.758 18.910 24.557 0.9904890060
6 436.314 174.846 15.886 21.153 0.9899857044
7 76.719 170.839 21.328 27.585 0.9869552255
8 229.350 176.072 15.985 22.481 0.9868756533
9 275.802 168.194 17.305 23.179 0.9788848758
10 182.383 171.541 19.990 24.062 0.9720341563
11 4.755 170.789 21.562 25.093 0.9685349464
