0 109.235 151.004 12.050 15.141 0.9879869819
1 257.496 99.021 11.624 14.488 0.9866216779
2 116.095 104.642 11.248 14.305 0.9862880707
3 339.295 79.585 11.368 14.296 0.9857389331
4 377.034 82.391 10.802 13.324 0.9846744537
5 304.782 95.561 11.256 13.939 0.9845943451
6 317.940 81.669 10.292 12.927 0.9840968847
7 156.233 115.659 12.545 15.179 0.9836515784
8 287.904 100.189 11.242 14.144 0.9834446907
9 212.014 110.648 10.917 13.772 0.9832345247
10 352.030 83.448 11.884 14.593 0.9822658300
11 337.386 114.935 12.469 16.016 0.9816316366
12 88.053 104.849 11.096 14.050 0.9815779328
13 294.755 80.634 10.640 13.579 0.9814038277
14 271.409 105.379 12.264 15.102 0.9810491800
15 126.022 84.990 11.209 13.714 0.9798693061
16 365.806 73.795 10.488 13.061 0.9792907834
17 211.255 146.341 12.135 14.674 0.9788954258
18 173.119 101.161 11.302 14.037 0.9782022834
19 113.377 83.997 10.189 12.672 0.9781589508
20 328.384 68.378 10.332 13.149 0.9770994782
21 29.236 109.326 11.287 14.463 0.9769219756
22 384.227 112.642 12.219 15.488 0.9756309986
23 316.344 113.445 11.188 14.182 0.9750212431
24 344.963 142.754 12.201 14.964 0.9748012424
25 276.727 93.093 10.734 12.914 0.9747995138
26 63.363 120.997 12.042 14.726 0.9747708440
27 397.555 112.593 12.242 15.554 0.9746853709
28 355.675 107.325 10.825 13.503 0.9736488461
29 145.990 104.978 11.114 13.866 0.9729246497
30 100.017 78.796 10.069 12.477 0.9726164937
31 244.065 146.866 11.936 14.858 0.9723190665
32 376.818 140.897 12.512 15.824 0.9718254805
33 84.383 79.164 10.374 12.765 0.9718245864
34 298.761 114.443 10.955 14.293 0.9710797071
35 126.439 118.286 11.491 14.679 0.9707359672
36 223.274 94.239 10.766 13.941 0.9706468582
37 107.622 95.162 11.205 13.858 0.9689908624
38 315.747 143.046 11.441 14.530 0.9689362049
39 51.474 109.452 10.733 13.319 0.9664752483
40 342.372 97.994 11.122 13.721 0.9650147557
41 174.363 141.145 11.988 15.230 0.9643157721
42 200.455 104.025 10.387 13.288 0.9618442059
43 133.074 101.495 10.824 13.283 0.9609318376
44 188.276 72.168 10.016 12.404 0.9608579278
45 99.272 120.742 11.256 14.550 0.9608010650
46 236.300 97.764 10.622 12.748 0.9605523348
47 326.843 89.837 10.528 12.628 0.9594377279
48 137.851 145.295 12.234 15.485 0.9581177235
49 139.831 76.921 9.942 12.526 0.9570538998
50 242.568 110.302 10.895 14.105 0.9544754624
51 210.359 83.979 10.418 12.882 0.9521862864
52 283.813 77.497 9.967 12.842 0.9519509673
53 232.585 70.815 9.987 12.369 0.9497161508
54 180.336 84.741 10.384 12.787 0.9485281110
55 369.885 101.216 10.421 12.743 0.9472600222
56 164.472 74.518 10.542 12.879 0.9456126094
57 394.606 90.898 10.998 13.733 0.9452480674
58 71.619 88.986 9.837 12.224 0.9386091232
59 323.874 101.477 10.440 12.568 0.9379126430
60 95.015 92.944 10.429 12.315 0.9369584918
61 285.760 142.135 12.146 14.896 0.9328936934
62 183.545 116.080 10.878 13.623 0.9310115576
63 157.848 94.754 10.912 13.302 0.9305484891
64 307.842 75.117 9.660 12.045 0.9144622087
65 193.215 90.765 10.413 12.536 0.9138829112
66 254.402 74.812 9.396 11.916 0.9024074078
