0 219.458 52.120 54.363 79.955 0.9999880791
1 423.940 93.035 57.543 73.444 0.9999871254
2 27.985 68.757 57.684 72.089 0.9999701977
3 357.373 64.623 48.280 58.363 0.9999103546
4 124.594 56.887 40.736 56.452 0.9998834133
5 471.237 65.578 26.440 32.823 0.9986206293
6 300.638 56.516 43.319 49.020 0.9959669113
7 272.641 37.085 25.143 35.927 0.9926316738
8 245.719 45.903 35.684 47.664 0.9906175733
9 132.784 20.210 11.939 14.697 0.9889438152
10 -1.325 28.718 12.096 18.678 0.9832955003
11 153.885 50.346 29.327 46.103 0.9691317677
