0 349.004 170.507 32.315 39.538 0.9999485016
1 30.036 161.303 28.774 32.689 0.9998894930
2 423.891 54.053 29.381 33.003 0.9997494817
3 95.693 172.363 26.097 28.990 0.9994619489
4 372.230 64.889 24.815 31.878 0.9990642667
5 284.549 145.723 24.125 29.769 0.9986006618
6 309.084 88.346 24.020 30.423 0.9981970191
7 147.122 69.671 23.213 28.336 0.9981867671
8 216.618 84.894 22.790 28.231 0.9981068373
9 192.078 146.614 23.555 27.919 0.9944611788
10 261.526 99.418 21.506 24.424 0.9859916568
11 287.752 83.239 20.497 26.856 0.9825958014
