0 478.497 165.113 53.176 70.537 0.9999920130
1 806.969 157.897 51.647 60.897 0.9999350309
2 605.673 185.051 30.527 42.720 0.9999077320
3 379.565 174.087 31.688 44.543 0.9998837709
4 726.976 207.781 32.951 44.070 0.9998674393
5 910.961 164.737 34.589 44.332 0.9998072982
6 223.883 153.727 27.225 38.064 0.9997846484
7 860.827 184.827 29.274 39.349 0.9997704625
8 81.629 228.658 32.034 51.661 0.9997345805
9 316.361 154.664 39.146 55.051 0.9994753003
10 10.193 340.403 42.124 63.032 0.9977388382
11 42.442 134.618 37.224 54.560 0.9977108240
12 690.188 207.905 14.848 18.242 0.9960493445
13 651.641 188.927 13.113 17.408 0.9947951436
14 894.481 184.335 22.244 30.687 0.9912671447
15 695.851 186.856 12.510 17.130 0.9901621342
16 160.214 302.813 28.519 45.317 0.9880196452
17 518.719 161.831 38.814 54.615 0.9844573140
18 578.071 194.980 12.347 16.058 0.9672845602
19 708.863 185.107 11.855 13.693 0.9667797685
20 788.422 185.531 16.618 21.637 0.9599518180
21 666.944 184.571 11.743 16.192 0.9431468248
