0 107.170 39.684 33.505 43.281 0.9999887943
1 258.368 99.225 40.658 45.240 0.9998694658
2 149.371 105.962 49.252 54.079 0.9998393059
3 137.936 64.694 28.819 38.136 0.9996879101
4 28.029 112.140 42.837 52.735 0.9993172884
5 78.574 215.577 44.574 61.979 0.9985582232
6 224.462 95.812 29.620 46.798 0.9985232949
7 196.058 96.532 34.306 45.928 0.9981212020
8 57.247 53.143 25.300 31.465 0.9970716238
9 0.492 84.237 33.765 51.804 0.9968624115
10 78.448 104.438 41.287 50.630 0.9950815439
11 34.290 79.350 29.311 35.350 0.9785807133
12 270.336 54.488 25.764 32.517 0.9632296562
13 185.595 54.939 31.734 34.140 0.9588783383
14 88.128 77.779 32.886 35.470 0.9316047430
