0 107.640 45.866 12.474 16.792 0.9925934672
1 178.280 62.768 13.133 16.050 0.9923155308
2 233.720 47.985 11.457 15.564 0.9897645712
3 89.326 50.563 11.746 14.694 0.9879931211
4 133.135 42.673 16.627 20.045 0.9868484139
5 63.189 50.886 12.274 14.525 0.9864636660
6 166.543 55.602 10.747 13.793 0.9864205122
7 191.626 53.256 11.102 14.163 0.9684809446
8 246.602 47.478 11.117 14.770 0.9604685903
9 175.613 45.628 8.123 9.998 0.9444902539
10 214.286 50.975 8.799 11.772 0.9172659516
11 210.165 50.641 7.732 10.129 0.9103130102
