0 54.006 135.680 9.791 11.959 0.9769983888
1 107.592 81.891 9.211 11.479 0.9758038521
2 307.378 120.171 9.382 11.835 0.9727564454
3 337.778 113.310 10.145 12.565 0.9720273018
4 178.609 82.313 10.233 12.705 0.9701373577
5 32.786 133.005 9.848 12.326 0.9677397609
6 292.151 82.280 8.969 11.758 0.9653475881
7 244.819 126.661 9.361 11.879 0.9640355110
8 72.271 135.977 9.564 11.894 0.9553663731
9 284.746 120.500 9.701 11.960 0.9523094296
10 264.403 123.827 9.150 11.043 0.9517115951
11 2.820 129.972 10.190 12.221 0.9466130137
12 224.318 82.932 8.989 11.527 0.9447304010
13 269.059 86.103 8.493 10.517 0.9433874488
14 217.069 125.800 9.837 11.846 0.9359633327
15 91.235 131.089 9.457 11.399 0.9332429171
16 323.972 124.357 9.229 11.423 0.9311596751
17 11.065 82.618 9.831 12.129 0.9287828803
18 159.875 124.814 10.104 11.642 0.9266777039
19 247.033 80.455 8.317 10.239 0.9101732373
20 63.157 84.007 9.496 11.591 0.9100611806
21 111.855 123.777 8.763 11.052 0.9090146422
22 155.775 83.348 8.223 10.509 0.9088189602
23 143.772 84.698 8.556 10.651 0.9047581553
