0 71.644 74.089 24.590 42.452 0.9992334843
1 262.705 43.152 41.012 56.407 0.9989662170
2 177.297 85.291 16.949 19.623 0.9979838133
3 211.780 89.267 13.820 16.903 0.9924613833
4 108.049 81.153 20.706 27.599 0.9908577800
5 134.413 95.094 20.991 26.345 0.9885063171
6 127.004 12.118 13.473 16.778 0.9883611798
7 20.433 51.358 37.391 56.043 0.9868864417
8 90.515 19.291 18.792 24.673 0.9829956889
9 150.342 17.551 11.724 14.732 0.9777170420
10 183.486 42.339 10.214 14.906 0.9750691056
11 270.886 14.721 9.133 11.981 0.9737669826
12 202.732 52.520 11.886 15.687 0.9653829336
13 218.666 8.660 9.839 12.075 0.9633120298
14 169.839 25.290 11.021 14.309 0.9602611661
15 231.579 48.553 9.299 11.629 0.9466668367
16 286.921 17.011 8.523 10.778 0.9410001636
17 373.970 21.675 7.524 9.412 0.9401779771
18 234.644 92.356 10.944 14.402 0.9396990538
19 203.615 9.035 8.853 10.594 0.9346476793
20 371.883 86.620 9.173 11.861 0.9301874638
21 136.405 53.619 14.559 22.589 0.9298580289
22 212.299 33.180 9.582 12.312 0.9278772473
23 383.343 79.187 9.195 11.752 0.9268641472
24 312.232 79.553 11.469 16.005 0.9186084270
25 251.617 37.147 8.781 10.781 0.9156068563
26 208.838 53.692 11.921 15.613 0.9153948426
