0 392.381 182.638 14.364 18.203 0.9936569333
1 122.372 122.336 13.754 16.968 0.9931632280
2 203.743 183.837 13.691 17.768 0.9930356145
3 364.297 183.662 13.944 17.345 0.9926872253
4 288.735 183.460 14.040 17.199 0.9923357368
5 230.981 119.830 14.726 18.371 0.9912870526
6 319.647 186.484 14.416 18.810 0.9912381768
7 391.922 160.912 13.836 16.934 0.9910282493
8 466.661 121.162 13.926 17.807 0.9909415841
9 84.535 123.495 14.113 18.062 0.9908021092
10 211.912 165.870 13.876 16.006 0.9905969501
11 169.861 186.326 14.363 18.542 0.9901518226
12 484.501 119.888 11.752 14.834 0.9894010425
13 354.399 118.496 13.485 16.653 0.9889528751
14 484.968 160.707 14.424 17.921 0.9889300466
15 229.251 186.399 14.312 17.959 0.9864193797
16 22.680 187.649 13.419 16.487 0.9861445427
17 460.990 184.082 14.874 19.220 0.9860782623
18 424.954 161.027 13.044 16.062 0.9857112765
19 306.133 162.988 13.955 16.458 0.9849658012
20 368.012 162.830 12.966 15.520 0.9825739264
21 455.920 164.702 13.935 16.628 0.9823735952
22 334.361 159.596 13.039 16.148 0.9811386466
23 393.501 123.648 14.660 18.277 0.9799484015
24 317.583 119.489 14.424 17.664 0.9796868563
25 273.197 116.285 15.031 18.364 0.9794127941
26 21.959 127.926 13.261 17.407 0.9781656861
27 337.614 127.312 11.511 14.390 0.9781259894
28 430.218 121.212 13.451 16.886 0.9780690670
29 190.358 132.078 12.818 16.363 0.9760580659
30 61.267 190.931 13.346 16.187 0.9751871824
31 243.496 167.448 14.360 16.154 0.9746344090
32 261.240 186.037 14.222 17.771 0.9737809896
33 108.045 161.357 13.045 15.741 0.9737567902
34 297.107 125.885 11.233 14.318 0.9710664749
35 95.158 187.000 13.003 15.726 0.9632090926
36 377.412 123.337 12.760 16.037 0.9618369341
37 2.186 131.860 12.306 15.519 0.9601551890
38 140.704 127.631 11.021 14.196 0.9596198201
39 273.391 168.411 12.662 14.265 0.9579634070
40 137.237 160.900 15.579 16.517 0.9572466612
41 214.552 127.000 11.857 15.438 0.9550651908
42 34.755 131.272 11.409 15.834 0.9537822008
43 429.295 184.913 13.869 16.158 0.9527449608
44 151.607 121.763 13.543 16.609 0.9418601990
45 70.604 129.623 11.670 14.956 0.9347398877
46 9.972 171.310 13.364 15.847 0.9286946654
47 165.669 168.840 13.473 14.518 0.9253468513
48 73.272 165.074 13.698 16.297 0.9213073254
49 253.134 127.480 11.746 14.239 0.9171434045
50 449.181 126.531 13.114 15.424 0.9083834887
