0 132.181 182.032 13.917 17.753 0.9965091348
1 203.840 226.696 14.599 18.445 0.9964260459
2 203.505 187.028 12.904 16.589 0.9960014224
3 59.687 224.264 17.323 21.240 0.9958771467
4 266.461 222.200 15.724 20.276 0.9948833585
5 443.789 178.022 13.235 16.466 0.9946657419
6 281.114 186.978 14.741 19.280 0.9943699241
7 134.985 224.475 14.767 17.959 0.9943443537
8 97.085 182.136 13.705 17.671 0.9939628243
9 334.989 224.445 15.580 19.615 0.9938043356
10 479.312 224.305 15.656 19.554 0.9908243418
11 320.171 186.421 13.516 15.623 0.9908205867
12 453.668 199.635 12.840 15.470 0.9906213284
13 300.827 170.315 13.109 15.663 0.9904845953
14 186.678 175.484 12.765 15.433 0.9903953671
15 358.583 187.554 12.382 15.979 0.9900173545
16 155.888 178.689 11.883 15.214 0.9897750616
17 61.578 184.977 13.400 16.018 0.9884366989
18 165.079 189.019 13.835 17.639 0.9880325794
19 417.358 226.089 14.551 18.567 0.9879466891
20 354.342 171.586 12.655 15.270 0.9877250791
21 213.719 170.049 11.479 14.409 0.9876699448
22 243.452 168.505 12.614 15.406 0.9875643849
23 399.558 176.059 13.083 16.947 0.9870443940
24 267.514 167.355 12.630 14.656 0.9854545593
25 383.933 176.580 11.803 15.273 0.9846908450
26 238.220 192.713 12.982 17.060 0.9816560149
27 326.397 169.249 12.939 15.992 0.9705238938
28 114.456 179.839 9.515 12.549 0.9670743346
29 411.450 175.967 11.863 15.965 0.9629757404
30 86.709 185.200 11.155 15.489 0.9134685993
