0 123.362 96.437 36.932 39.340 0.9999659061
1 738.070 143.755 33.895 37.623 0.9999454021
2 465.805 281.635 44.970 58.454 0.9999245405
3 317.470 88.358 35.725 42.820 0.9999150038
4 64.080 63.089 36.873 39.329 0.9998217225
5 887.176 117.533 36.664 46.924 0.9998074174
6 571.525 288.000 42.596 48.409 0.9996622801
7 292.984 146.603 39.247 47.829 0.9994367957
8 815.972 258.569 38.577 54.237 0.9989442229
9 146.501 287.433 38.236 58.323 0.9984501600
10 122.953 131.890 42.439 49.950 0.9976305962
11 211.058 123.859 40.743 32.546 0.9951992631
12 709.395 -1.073 34.513 25.043 0.9795863032
