0 89.745 63.132 17.363 20.464 0.9947118759
1 209.976 30.944 17.802 23.856 0.9936417937
2 173.040 47.892 21.144 29.832 0.9909033179
3 244.818 65.417 20.911 27.235 0.9903914928
4 311.299 65.152 20.946 28.236 0.9883500338
5 308.647 16.798 19.165 25.718 0.9874237180
6 38.607 79.296 19.662 26.845 0.9866642952
7 254.198 28.768 18.487 23.894 0.9832915664
8 291.122 44.416 18.895 25.047 0.9779600501
9 391.233 64.597 19.679 26.423 0.9773401022
10 160.521 27.424 16.579 22.350 0.9750426412
11 107.038 87.719 19.435 24.249 0.9708950520
12 358.916 25.020 19.629 26.940 0.9647275209
13 110.931 26.720 18.796 24.709 0.9600225687
14 45.785 38.889 19.538 25.762 0.9446690083
