0 197.530 89.944 8.552 10.393 0.9636788964
1 126.611 57.177 8.532 10.483 0.9625429511
2 11.391 86.985 9.980 11.414 0.9603061080
3 368.641 101.152 10.458 12.869 0.9498082995
4 38.348 87.706 9.340 11.484 0.9485998750
5 90.943 91.293 8.566 10.618 0.9469312429
6 158.539 70.371 8.376 10.328 0.9452913404
7 301.375 72.827 9.398 11.792 0.9444742799
8 173.803 55.980 8.158 9.799 0.9430514574
9 28.960 74.619 8.282 10.329 0.9354964495
10 184.149 75.091 8.046 10.161 0.9324085116
11 39.575 55.475 8.295 10.117 0.9273864031
12 74.423 106.497 8.934 11.174 0.9266212583
13 264.801 87.409 8.790 11.230 0.9248071909
14 354.700 58.419 8.064 9.682 0.9231003523
15 291.477 104.317 8.723 10.773 0.9217876792
16 125.257 104.663 8.185 10.170 0.9209794998
17 230.384 47.625 8.268 10.113 0.9208773375
18 230.127 70.611 7.914 9.645 0.9199973941
19 169.833 87.408 8.413 10.348 0.9160818458
20 134.371 71.502 8.369 9.887 0.9143356681
21 88.743 47.841 8.384 9.929 0.9119921923
22 310.763 59.475 8.102 9.641 0.9111768007
23 153.007 106.417 8.170 9.911 0.9103403687
24 317.123 105.041 8.075 10.117 0.9091631174
25 205.297 68.143 8.926 10.934 0.9088116884
26 195.855 58.553 8.422 10.713 0.9066509008
27 240.495 104.855 8.197 10.075 0.9035903811
