0 156.984 35.408 23.846 32.520 0.9954150915
1 92.649 35.002 14.045 18.245 0.9940138459
2 34.832 9.254 20.009 24.158 0.9934707880
3 20.350 55.798 22.296 30.650 0.9921746850
4 121.315 81.827 13.924 17.755 0.9920239449
5 73.788 4.154 11.803 14.622 0.9903614521
6 113.137 38.338 10.686 13.523 0.9874208570
7 39.765 58.073 17.984 22.277 0.9827928543
8 136.040 54.999 12.320 15.484 0.9774188399
9 95.825 13.067 9.818 12.241 0.9735547304
10 111.459 16.231 9.496 11.577 0.9668762684
11 210.810 47.570 11.238 14.538 0.9601454139
12 59.736 27.239 15.138 20.907 0.9567556977
13 62.837 70.890 17.135 22.645 0.9566298723
14 88.705 0.624 9.888 10.433 0.9152082205
