0 368.132 56.532 38.632 47.191 0.9998813868
1 246.729 111.005 15.099 15.764 0.9923704863
2 152.616 152.576 12.608 14.135 0.9907901287
3 164.062 137.251 12.669 15.703 0.9890724421
4 216.745 155.886 13.478 15.089 0.9885518551
5 172.048 237.412 16.795 18.054 0.9872833490
6 348.481 94.819 11.808 14.820 0.9864589572
7 39.981 168.738 14.130 16.931 0.9864273667
8 313.107 182.711 12.634 13.894 0.9851378202
9 461.758 188.903 14.597 16.541 0.9845090508
10 138.989 165.843 12.861 16.971 0.9839797020
11 102.074 235.450 14.675 15.789 0.9830485582
12 294.898 236.731 15.119 15.924 0.9828885794
13 161.587 204.796 13.815 16.839 0.9827918410
14 13.746 202.335 14.388 18.559 0.9823341370
15 175.095 171.375 13.748 17.823 0.9812648892
16 43.450 142.312 15.340 17.923 0.9788378477
17 280.874 110.354 12.781 13.962 0.9773221016
18 188.504 153.010 12.742 14.706 0.9770301580
19 195.388 204.207 15.556 17.123 0.9758317471
20 8.623 168.139 14.462 17.114 0.9755045176
21 301.958 208.763 14.374 15.058 0.9749698043
22 74.613 181.574 12.786 16.581 0.9744218588
23 318.813 155.723 13.935 15.214 0.9743489027
24 126.295 128.854 13.794 15.140 0.9729244113
25 1.580 76.756 12.334 17.617 0.9726440907
26 90.369 125.510 13.070 16.501 0.9714349508
27 56.508 199.815 13.989 17.774 0.9700444937
28 176.289 87.186 13.394 15.006 0.9657065272
29 140.246 111.905 12.968 14.479 0.9649038911
30 34.804 239.840 14.539 17.356 0.9647043347
31 194.029 128.354 13.945 15.334 0.9637593627
32 262.252 131.828 12.120 13.196 0.9629105330
33 322.293 97.669 12.424 14.359 0.9624382854
34 256.787 149.541 12.932 15.724 0.9611992836
35 230.250 243.977 14.391 14.991 0.9499569535
36 117.072 153.191 13.986 15.379 0.9485183358
37 33.003 110.644 12.062 13.391 0.9443885684
38 171.494 112.651 13.042 13.597 0.9397546649
39 203.794 172.021 13.908 14.190 0.9396076798
40 84.771 201.010 15.740 16.795 0.9209769368
41 259.589 202.377 13.734 15.641 0.9174101949
42 107.897 175.025 14.638 15.938 0.9167226553
43 365.347 108.295 12.987 14.051 0.9086720943
44 231.739 136.846 14.091 16.217 0.9004061818
