0 146.998 244.841 16.482 19.946 0.9973536730
1 305.526 203.858 15.767 20.346 0.9969747066
2 144.487 198.473 15.181 19.184 0.9964306951
3 259.494 210.572 13.907 18.634 0.9963794351
4 484.552 194.131 13.933 17.438 0.9954385161
5 204.200 191.435 13.516 16.442 0.9953593612
6 494.152 217.359 14.224 17.020 0.9952749014
7 66.495 202.029 14.455 17.045 0.9951607585
8 522.728 244.520 17.389 21.600 0.9950073957
9 386.616 187.105 13.616 16.436 0.9945222139
10 365.190 245.119 17.041 21.626 0.9944882989
11 180.030 205.985 15.280 19.109 0.9944467545
12 391.557 204.255 13.253 17.092 0.9936295152
13 328.479 186.070 13.800 16.446 0.9931507111
14 221.952 247.316 15.680 19.819 0.9928789735
15 291.211 242.482 16.873 21.329 0.9923774004
16 291.888 182.656 13.500 15.395 0.9916187525
17 221.908 204.120 14.199 17.900 0.9898423553
18 64.149 244.766 19.044 23.122 0.9896695018
19 435.883 192.120 13.860 17.720 0.9892712831
20 356.299 184.836 13.552 16.491 0.9884451628
21 233.367 185.679 12.222 15.169 0.9879848361
22 349.111 203.180 14.043 17.005 0.9875147343
23 418.690 192.051 13.189 16.903 0.9848924875
24 456.460 246.557 15.771 20.548 0.9846971035
25 105.100 198.925 14.963 19.238 0.9845944643
26 170.497 194.777 12.526 16.157 0.9833967090
27 124.978 195.896 10.353 13.558 0.9811279774
28 265.509 184.147 13.450 16.315 0.9695457816
29 449.177 191.551 12.878 17.578 0.9650297761
30 94.533 201.741 12.334 17.034 0.9477993250
