0 32.239 214.562 26.996 33.049 0.9996687174
1 289.384 240.273 26.615 34.042 0.9995817542
2 347.146 243.821 24.878 32.107 0.9994471669
3 117.052 215.955 27.070 34.279 0.9993647933
4 416.364 249.238 26.642 31.295 0.9991326928
5 485.366 238.164 26.766 32.833 0.9987589121
6 135.933 112.823 23.687 32.465 0.9974386692
7 182.693 233.000 24.063 29.356 0.9968802929
8 395.840 134.912 21.122 28.804 0.9968495965
9 21.790 104.839 22.702 29.102 0.9966289401
10 440.954 131.912 23.148 30.711 0.9964677095
11 68.745 109.603 23.885 29.753 0.9963256717
12 99.292 111.274 22.462 26.767 0.9962326884
13 170.019 119.985 22.313 27.897 0.9959802628
14 260.514 124.746 23.342 29.728 0.9949406385
15 483.268 131.982 22.787 28.232 0.9940598011
16 240.750 233.605 24.504 30.405 0.9930693507
17 302.852 136.720 21.934 28.512 0.9916028380
18 202.036 113.983 21.840 28.336 0.9885361195
19 231.013 122.563 22.293 27.754 0.9878795743
20 378.208 143.245 20.484 26.258 0.9695084691
21 283.515 136.491 19.987 27.156 0.9605203867
22 464.715 140.924 20.173 26.766 0.9448600411
23 351.463 139.808 22.021 25.619 0.9447910786
24 331.342 138.229 19.517 25.937 0.9346855283
