0 335.230 52.738 35.625 45.303 0.9997929931
1 111.955 50.377 26.622 34.526 0.9997748733
2 522.254 57.560 34.035 45.432 0.9997717738
3 275.966 56.427 27.207 34.239 0.9997395873
4 138.000 136.642 26.736 31.033 0.9993156195
5 70.392 100.612 23.912 31.581 0.9986618757
6 501.799 66.450 23.656 32.956 0.9985534549
7 206.207 67.111 22.955 30.461 0.9983314872
8 415.842 72.829 24.301 28.994 0.9981167316
9 54.972 64.367 24.197 31.661 0.9964542389
10 187.556 97.791 22.314 28.225 0.9963055849
11 256.291 77.488 20.106 26.940 0.9957609773
12 316.879 97.608 23.828 30.817 0.9926738143
13 314.256 74.567 19.465 23.402 0.9916043878
14 161.407 68.449 21.471 27.529 0.9905423522
15 452.411 82.562 20.394 26.528 0.9893746376
16 144.645 81.038 12.472 14.156 0.9554328918
17 240.342 131.087 19.880 27.912 0.9454480410
18 -0.923 71.615 22.590 50.506 0.9437138438
