0 38.914 134.409 32.265 39.545 0.9999661446
1 266.320 147.979 35.581 42.412 0.9999340773
2 583.636 85.592 28.292 37.838 0.9998556376
3 150.264 136.259 34.603 42.678 0.9997749925
4 323.085 117.543 29.349 35.600 0.9997747540
5 223.743 125.343 33.046 39.808 0.9997083545
6 418.137 100.811 29.926 35.470 0.9995927215
7 128.798 117.767 28.931 34.786 0.9995614886
8 535.651 95.784 28.041 32.542 0.9995114803
9 201.190 125.955 26.104 40.094 0.9993585944
10 374.889 92.082 27.351 35.850 0.9991356730
11 362.082 111.719 27.011 34.560 0.9987780452
12 458.928 123.452 24.208 31.222 0.9954493642
13 551.900 53.389 23.496 29.470 0.9954478145
14 483.514 271.074 42.650 49.252 0.9830969572
