0 34.508 114.847 35.083 42.780 0.9999542236
1 210.041 111.060 38.207 48.466 0.9999542236
2 537.044 151.901 32.429 39.701 0.9999415874
3 384.734 132.370 30.842 37.105 0.9998672009
4 120.646 130.200 14.077 17.599 0.9953553677
5 321.721 134.941 19.243 23.591 0.9946874380
6 458.843 137.688 21.299 26.229 0.9929130673
7 254.666 127.071 18.850 24.359 0.9924259186
8 79.395 129.139 16.866 22.051 0.9923507571
9 508.018 140.757 15.363 18.321 0.9913514853
10 101.150 126.150 15.428 18.514 0.9883141518
11 144.758 129.721 16.125 21.759 0.9845427871
12 161.996 133.710 21.060 25.712 0.9729127884
13 300.351 137.281 10.101 12.967 0.9719227552
