0 125.734 135.246 32.575 43.164 0.9999376535
1 118.212 48.321 32.205 38.687 0.9998823404
2 68.756 13.340 38.106 46.545 0.9997710586
3 181.682 63.908 29.920 36.833 0.9996559620
4 40.052 105.958 45.172 60.040 0.9995846152
5 80.784 111.527 32.495 43.270 0.9993597865
6 312.361 63.374 46.802 67.451 0.9993403554
7 241.262 159.040 28.047 32.411 0.9991289973
8 271.033 104.731 24.663 30.218 0.9986019731
9 205.311 163.211 25.411 34.137 0.9982882142
10 146.859 1.852 23.616 30.616 0.9981924891
11 157.344 118.530 22.393 26.394 0.9961424470
12 35.375 55.314 36.161 50.296 0.9953996539
13 423.103 87.898 22.727 28.021 0.9944484234
14 191.135 18.291 20.769 27.373 0.9891235828
15 259.572 39.152 15.775 21.022 0.9835680723
16 288.640 25.299 14.131 20.310 0.9826689959
17 259.361 63.277 22.116 25.664 0.9783580303
18 407.882 61.076 9.986 13.080 0.9724882841
19 226.998 72.943 19.764 25.764 0.9711691737
20 -0.740 57.275 30.849 66.387 0.9667101502
21 223.314 26.719 17.499 21.130 0.9665987492
22 280.973 12.361 12.092 14.198 0.9638778567
23 304.945 67.975 13.366 17.155 0.9627054334
24 395.221 56.365 10.276 12.920 0.9550957680
25 212.691 11.679 16.404 19.577 0.9445822239
