0 723.588 511.852 10.791 14.954 0.9843036532
1 55.209 500.965 10.880 16.606 0.9782045484
2 117.033 496.788 10.884 12.463 0.9769886136
3 847.326 500.204 10.844 13.714 0.9729466438
4 297.898 523.376 10.071 15.554 0.9716389775
5 394.545 500.772 10.542 13.280 0.9704208374
6 251.111 455.143 8.801 10.999 0.9443227649
7 611.751 498.906 9.385 11.057 0.9352268577
8 917.977 436.076 9.479 11.335 0.9322084188
9 455.796 529.068 10.282 18.777 0.9180452228
10 21.486 457.126 8.274 10.101 0.9139807820
11 351.591 476.453 8.877 10.608 0.9086236358
12 826.628 439.799 8.030 10.175 0.9014146328
13 755.534 522.596 12.097 18.620 0.9006252289
