0 437.115 97.767 49.442 58.475 0.9999289513
1 174.948 127.623 39.037 48.291 0.9998967648
2 104.403 136.051 29.013 35.697 0.9998950958
3 256.660 138.456 33.849 41.844 0.9998681545
4 288.344 113.781 48.467 53.998 0.9996430874
5 333.865 123.249 38.828 50.569 0.9995392561
6 9.812 134.923 43.273 50.998 0.9980177879
7 150.637 151.116 23.101 35.055 0.9887903929
8 239.202 131.498 13.203 21.025 0.9829123020
9 83.484 156.799 17.986 22.166 0.9749971032
10 366.671 135.080 23.190 34.872 0.9514846206
11 422.601 140.095 18.623 22.092 0.9328463674
