0 135.233 90.901 46.007 59.752 0.9998551607
1 344.660 78.164 35.237 46.810 0.9998383522
2 412.455 78.238 37.908 47.517 0.9998297691
3 531.574 91.292 29.790 34.932 0.9997082353
4 360.195 54.471 29.089 32.774 0.9996873140
5 303.673 59.452 33.805 41.112 0.9996166229
6 82.281 66.425 43.835 52.787 0.9995074272
7 223.816 49.979 41.492 52.591 0.9993847609
8 53.886 48.566 32.556 47.106 0.9992171526
9 389.556 68.978 25.847 38.003 0.9992125034
10 175.997 68.920 29.091 41.512 0.9991810918
11 202.567 65.470 26.907 41.519 0.9989939332
12 439.233 58.059 34.582 47.659 0.9972577691
13 258.555 54.861 21.191 34.695 0.9922897220
