0 231.143 80.815 24.815 32.101 0.9974180460
1 181.233 88.808 21.883 26.921 0.9965546131
2 105.569 86.029 22.104 28.019 0.9963390827
3 260.859 66.305 23.568 28.170 0.9960151315
4 339.890 71.486 20.108 25.250 0.9939908385
5 207.774 30.962 16.383 19.096 0.9930897355
6 177.453 59.423 20.226 24.029 0.9930112958
7 301.354 91.493 21.392 28.612 0.9927398562
8 336.226 26.445 15.097 17.750 0.9924652576
9 135.294 73.244 21.125 24.727 0.9919839501
10 21.365 53.583 19.753 22.497 0.9900907278
11 319.299 76.482 21.593 25.249 0.9877596498
12 98.005 56.191 21.378 23.762 0.9874092340
13 278.547 48.754 20.583 24.904 0.9836059809
14 374.623 70.863 21.561 26.457 0.9831342697
15 49.682 76.754 20.269 24.804 0.9828817844
16 385.878 25.859 15.487 17.969 0.9584638476
17 24.439 97.068 17.469 27.065 0.9540355802
18 216.511 75.092 20.928 25.823 0.9380809665
19 96.986 33.108 15.572 21.537 0.9297056794
