0 77.870 130.950 9.064 11.161 0.9736351967
1 54.876 105.859 8.371 10.831 0.9719690681
2 163.654 108.882 8.794 11.123 0.9701896310
3 118.182 132.686 8.883 11.013 0.9652608633
4 237.333 102.484 7.521 9.649 0.9627516270
5 95.901 110.102 7.972 10.271 0.9593258500
6 76.117 106.437 8.221 10.511 0.9572345018
7 137.540 112.306 8.660 10.634 0.9549357295
8 33.420 131.554 9.266 11.630 0.9528118372
9 33.950 107.474 8.387 10.571 0.9500310421
10 90.799 104.707 7.679 9.773 0.9489368200
11 224.260 102.713 7.643 9.749 0.9471419454
12 260.392 102.891 8.337 10.485 0.9423445463
13 210.196 109.220 8.091 9.990 0.9238415956
14 206.790 99.304 7.971 9.667 0.9234266281
15 118.556 108.924 7.836 9.872 0.9217486978
16 155.445 129.567 9.264 11.515 0.9110784531
17 231.640 103.023 7.440 9.786 0.9019240737
18 196.161 131.620 8.381 10.524 0.9013221264
