0 306.320 317.793 10.228 11.558 0.9595723152
1 145.590 321.337 10.429 12.155 0.9575061798
2 63.284 253.259 8.795 10.530 0.9435476065
3 31.234 219.471 7.703 9.596 0.9422597885
4 262.414 265.928 8.646 10.013 0.9352524281
5 5.270 186.434 9.391 10.491 0.9304236174
6 124.355 276.444 8.462 10.539 0.9268896580
7 19.014 235.466 8.449 9.611 0.9200144410
8 200.695 241.056 8.412 9.991 0.9180034399
9 526.406 290.576 8.356 9.853 0.9175625443
10 47.745 274.689 9.510 10.820 0.9152456522
11 133.633 256.301 8.157 9.663 0.9149484634
12 84.211 229.303 8.741 10.751 0.9116849899
13 317.019 201.523 8.026 9.667 0.9040311575
