0 81.472 157.761 33.549 44.013 0.9999543428
1 316.652 183.012 29.247 39.925 0.9998676777
2 150.860 169.818 27.627 34.487 0.9998545647
3 210.937 140.296 39.958 48.900 0.9998544455
4 283.847 179.823 29.185 32.531 0.9994425178
5 324.649 148.437 26.015 28.562 0.9985887408
6 266.037 152.339 23.705 30.775 0.9976122379
7 486.181 141.753 33.256 48.983 0.9971715808
8 357.711 186.904 22.286 30.947 0.9962444305
9 400.826 161.227 22.618 30.633 0.9911460280
10 384.772 211.361 25.911 32.518 0.9832522869
11 391.455 145.127 22.143 27.660 0.9742732644
12 68.600 186.534 23.372 32.373 0.9713450670
13 185.025 143.576 18.953 25.297 0.9349526167
