0 55.394 139.039 13.657 16.910 0.9952666759
1 215.840 139.977 12.664 16.460 0.9945249557
2 180.869 140.225 13.817 17.323 0.9919561148
3 167.270 103.690 11.874 16.256 0.9900296330
4 252.841 142.298 14.210 17.357 0.9891981483
5 268.501 105.996 12.005 15.377 0.9891686440
6 141.249 140.605 13.621 18.114 0.9889716506
7 141.298 114.018 11.766 15.115 0.9886987805
8 188.906 100.270 11.170 14.884 0.9884091616
9 289.561 139.763 14.759 18.475 0.9871754050
10 48.186 119.750 11.781 15.500 0.9828885794
11 294.528 110.161 12.368 16.486 0.9822912216
12 217.943 73.452 9.793 12.685 0.9805465341
13 78.436 111.930 11.184 14.408 0.9794950485
14 149.976 102.389 11.715 14.580 0.9787650704
15 135.882 78.595 10.352 13.998 0.9773230553
16 243.787 78.025 9.421 12.348 0.9748719335
17 45.754 82.218 10.851 13.172 0.9729495049
18 238.802 101.302 11.781 15.168 0.9698876739
19 102.271 111.373 11.721 15.034 0.9679301381
20 27.014 105.589 11.127 13.905 0.9673856497
21 123.990 100.305 11.338 14.590 0.9650822878
22 109.611 81.680 10.155 13.787 0.9588682652
23 210.374 101.670 12.112 14.714 0.9581791162
24 165.665 81.773 9.953 13.064 0.9532738924
25 189.335 75.788 9.257 12.035 0.9510039687
26 55.747 108.956 10.099 12.190 0.9285492897
27 81.512 100.068 13.319 15.725 0.9272180796
28 100.461 150.057 13.446 17.135 0.9089490175
