0 353.959 63.637 33.801 40.966 0.9998763800
1 188.525 70.356 31.272 36.412 0.9998486042
2 71.896 64.407 27.487 35.881 0.9998046756
3 322.502 86.046 14.222 17.924 0.9946598411
4 5.635 97.742 18.383 21.164 0.9946140647
5 238.810 86.971 16.394 21.666 0.9940544963
6 139.631 106.803 14.819 18.205 0.9897273183
7 43.978 92.502 21.255 27.625 0.9884633422
8 109.013 85.277 20.905 25.134 0.9842231870
9 281.897 88.610 20.231 25.724 0.9781026244
10 271.264 100.549 12.051 15.295 0.9652172923
11 343.952 95.422 17.254 20.501 0.9500753880
12 153.549 106.627 9.677 12.933 0.9450070262
