0 120.305 162.593 14.880 16.463 0.9956994057
1 214.803 197.171 15.093 17.159 0.9947357774
2 351.857 194.037 15.431 21.076 0.9940821528
3 175.236 175.281 15.453 20.328 0.9940782785
4 107.546 179.205 18.348 22.231 0.9936196208
5 227.867 174.591 13.181 15.888 0.9934976101
6 249.205 194.991 15.428 17.902 0.9929880500
7 303.327 200.767 15.233 17.244 0.9928616881
8 252.570 170.853 12.309 15.581 0.9907797575
9 531.539 156.354 12.555 15.464 0.9903321862
10 140.310 173.482 17.724 21.212 0.9897179604
11 374.483 170.818 12.701 15.995 0.9886389971
12 455.300 153.505 12.795 16.327 0.9872237444
13 466.055 204.384 13.688 17.044 0.9861297011
14 426.598 185.161 13.616 18.355 0.9848706126
15 169.942 152.545 13.800 16.676 0.9838420153
16 480.630 145.597 12.272 15.384 0.9838244915
17 557.752 157.771 13.894 16.192 0.9817802310
18 399.093 177.239 11.077 14.208 0.9812105298
19 435.130 165.355 11.165 13.096 0.9808814526
20 513.187 211.647 14.662 15.926 0.9743134379
21 381.838 195.993 14.126 16.870 0.9742102623
22 310.533 168.393 12.836 16.574 0.9709811211
23 348.409 180.298 12.012 13.691 0.9664711356
24 509.135 158.878 12.763 13.688 0.9397425652
25 281.834 182.107 11.992 12.107 0.9292750955
