0 27.056 175.254 22.205 27.514 0.9973081350
1 237.097 197.019 22.078 28.439 0.9957505465
2 190.160 100.154 17.847 22.095 0.9944435954
3 95.975 177.162 22.597 28.012 0.9936025739
4 248.713 111.470 17.676 23.590 0.9930202365
5 310.519 117.529 16.202 21.248 0.9918088317
6 166.002 92.497 18.505 24.183 0.9892293811
7 112.155 92.617 20.056 26.541 0.9884953499
8 285.206 199.410 20.717 26.225 0.9881151915
9 396.454 107.516 19.190 25.401 0.9879078269
10 325.079 110.273 17.716 23.320 0.9870516062
11 81.879 89.900 19.418 23.443 0.9845228195
12 398.350 194.974 22.030 26.733 0.9841008782
13 140.118 97.349 17.677 23.220 0.9807579517
14 272.479 112.276 15.945 21.940 0.9785554409
15 382.591 116.469 15.517 20.188 0.9773269296
16 197.579 190.809 20.572 24.915 0.9761494994
17 341.194 204.359 22.393 25.100 0.9745317101
18 17.968 84.213 20.189 25.100 0.9744744301
19 150.264 189.584 20.743 25.779 0.9739731550
20 361.592 107.615 19.076 25.591 0.9719166756
21 287.025 114.585 18.417 21.088 0.9551041126
22 57.636 89.904 19.962 25.216 0.9536165595
23 232.442 112.481 15.887 20.786 0.9466308355
24 214.061 103.111 19.814 24.649 0.9026032686
