0 95.419 151.271 12.949 15.957 0.9919426441
1 200.872 142.777 14.920 17.358 0.9918761253
2 240.247 51.239 11.374 13.758 0.9896230698
3 112.841 89.154 11.819 14.334 0.9877530336
4 56.711 47.704 10.810 13.829 0.9847968817
5 253.936 86.118 12.660 14.520 0.9835609198
6 276.080 48.330 11.728 15.165 0.9801501036
7 83.228 88.704 12.502 14.245 0.9741059542
8 219.352 92.698 11.025 13.021 0.9731550217
9 87.622 44.353 11.129 14.686 0.9719517231
10 150.454 44.303 10.740 14.091 0.9640492201
11 11.068 50.271 12.778 15.207 0.9634048939
12 105.372 53.630 11.015 12.989 0.9612950087
13 134.828 44.366 11.451 16.046 0.9606880546
14 41.753 46.417 11.170 14.412 0.9600430131
15 123.167 50.799 10.135 12.806 0.9586905241
16 74.046 44.818 11.757 15.537 0.9548354149
17 14.700 96.848 11.099 13.180 0.9506592751
18 211.401 50.131 12.321 15.626 0.9428704381
19 194.445 48.020 11.118 13.911 0.9353457093
20 186.953 88.976 11.168 13.664 0.9311997890
21 289.027 88.171 11.485 15.078 0.9262557030
22 151.655 142.420 12.448 14.151 0.9063457847
