0 523.899 179.735 35.068 47.692 0.9995321035
1 406.113 206.134 23.684 35.691 0.9949565530
2 260.194 194.256 15.772 19.447 0.9920271039
3 446.158 209.134 16.293 20.942 0.9867724776
4 470.238 207.404 12.866 16.433 0.9842500687
5 314.006 200.985 24.683 49.889 0.9773963690
6 567.005 144.096 8.448 10.695 0.9759352207
7 235.381 208.994 19.426 25.842 0.9743533134
8 476.504 224.436 15.083 23.485 0.9615268111
9 506.702 199.229 15.834 22.117 0.9544721842
10 293.289 186.429 14.952 21.123 0.9520835280
11 384.418 209.643 16.205 25.165 0.9043512940
