0 462.425 124.547 14.632 16.909 0.9977542758
1 70.118 122.168 14.396 15.929 0.9961578250
2 108.288 123.368 13.666 15.201 0.9953983426
3 341.945 122.563 14.131 16.128 0.9947755337
4 420.874 129.390 12.883 14.146 0.9943033457
5 187.497 121.429 13.845 15.617 0.9928985834
6 144.291 125.185 13.812 15.723 0.9920768738
7 304.071 128.870 13.077 14.196 0.9907584190
8 229.190 125.469 13.128 17.490 0.9886102676
9 26.288 126.009 14.537 15.938 0.9856773615
10 385.590 125.689 12.536 14.552 0.9820937514
11 270.269 125.014 12.279 16.199 0.9724617600
