0 228.289 52.295 35.573 45.495 0.9999186993
1 17.435 46.256 44.267 66.373 0.9997802377
2 304.690 54.439 32.508 43.815 0.9996860027
3 58.068 45.396 29.503 42.553 0.9964752793
4 129.587 85.238 14.353 18.085 0.9882077575
5 374.656 73.786 15.950 20.265 0.9870441556
6 38.921 20.413 15.079 18.940 0.9862588644
7 95.710 74.161 21.458 27.504 0.9832083583
8 92.871 27.334 10.032 12.636 0.9775412679
9 109.983 56.474 12.147 16.381 0.9775156379
10 100.095 41.780 10.025 12.517 0.9658895731
11 63.821 5.403 10.274 12.992 0.9645627141
12 155.035 89.386 9.860 12.690 0.9642730951
13 143.045 91.533 10.349 14.476 0.9640178084
14 168.809 91.944 10.285 13.325 0.9579857588
15 84.267 8.914 10.436 12.473 0.9471564889
16 115.906 43.224 9.023 11.106 0.9385674596
17 11.315 6.424 21.037 22.820 0.9155110717
18 150.909 75.970 8.307 10.745 0.9072523117
