0 386.401 157.944 55.850 74.518 0.9999834299
1 610.293 127.662 51.869 69.475 0.9999823570
2 740.446 95.564 51.370 69.204 0.9999657869
3 273.447 103.661 59.145 74.357 0.9999068975
4 101.321 118.247 48.244 58.968 0.9998663664
5 510.590 134.024 45.286 55.884 0.9997777343
6 285.006 170.131 78.212 107.367 0.9993950129
7 61.187 103.171 44.194 57.456 0.9985951781
8 432.934 73.500 35.105 40.166 0.9977012277
9 700.387 211.621 45.250 59.174 0.9963884354
10 232.208 141.030 43.917 58.259 0.9960901141
11 179.872 75.198 42.140 49.243 0.9917083383
12 5.008 153.910 39.758 54.366 0.9916777611
13 481.955 107.121 39.876 52.165 0.9901324511
14 322.963 128.269 37.791 47.389 0.9890194535
