0 55.139 44.847 39.869 57.185 0.9990150928
1 200.692 5.020 26.080 37.156 0.9957864881
2 230.033 10.480 23.451 34.253 0.9954501987
3 130.053 62.465 21.422 31.628 0.9954270124
4 166.757 65.805 22.360 36.436 0.9950739741
5 202.791 51.449 23.790 40.364 0.9918909073
6 240.745 72.714 29.408 52.219 0.9897301197
7 182.840 8.098 19.924 33.143 0.9836469293
8 119.586 5.156 20.021 22.847 0.9792932272
9 104.050 67.841 20.584 29.110 0.9786710143
10 143.892 20.096 20.468 27.503 0.9677264690
11 96.193 30.399 18.945 27.365 0.9525938630
12 116.102 31.268 17.345 25.356 0.9411155581
13 256.624 -0.498 30.961 23.498 0.9286632538
