0 240.397 126.831 49.778 59.860 0.9999194145
1 301.763 107.485 29.397 35.384 0.9998924732
2 213.209 100.133 33.048 36.454 0.9998854399
3 15.836 60.560 29.759 35.075 0.9998695850
4 477.701 123.094 62.072 88.216 0.9998352528
5 159.454 131.631 39.204 50.495 0.9998075366
6 168.732 72.623 28.295 36.416 0.9997799993
7 360.602 86.863 32.341 36.937 0.9997350574
8 255.442 70.424 27.984 32.911 0.9996869564
9 330.486 141.159 42.620 55.152 0.9995292425
10 116.413 142.089 43.935 57.031 0.9994540811
11 193.625 131.356 29.951 40.452 0.9993064404
12 306.603 73.937 27.624 31.798 0.9992789626
13 82.489 86.588 26.273 30.406 0.9992247820
14 38.335 178.176 42.228 56.363 0.9989199638
15 33.128 104.647 34.252 43.568 0.9986010194
16 79.171 128.294 38.605 46.183 0.9964395165
17 129.400 85.093 28.717 31.762 0.9957135916
18 138.119 113.044 31.043 36.844 0.9952886105
