0 380.714 67.018 30.411 41.159 0.9999014139
1 310.923 59.670 28.256 35.459 0.9998416901
2 210.428 72.840 31.778 37.260 0.9998257756
3 104.166 73.251 26.402 31.326 0.9991745353
4 247.941 86.015 19.872 24.675 0.9967116117
5 22.475 73.664 14.977 18.016 0.9965906143
6 151.407 82.949 12.094 15.109 0.9915344119
7 66.556 77.095 12.608 16.204 0.9890753031
8 439.961 66.983 12.553 15.871 0.9869741201
9 53.470 85.432 11.755 14.646 0.9810805917
10 169.061 77.280 9.750 13.211 0.9766744375
11 284.979 56.749 10.954 14.050 0.9725603461
12 251.618 56.259 10.458 13.055 0.9715974331
13 338.520 66.801 19.770 28.138 0.9603725076
14 130.702 90.182 9.590 12.566 0.9487550855
15 182.547 65.791 10.003 11.623 0.9477207661
16 -0.672 71.844 19.787 34.419 0.9321570396
17 139.631 82.484 10.525 14.185 0.9314546585
18 168.735 60.774 9.302 11.015 0.9245309830
