0 385.695 255.868 10.139 12.789 0.9786484838
1 362.552 252.499 9.457 11.839 0.9778661132
2 488.819 253.133 9.555 11.964 0.9766356945
3 196.596 195.784 9.686 12.075 0.9751669168
4 244.549 231.545 9.305 11.824 0.9737270474
5 220.276 194.273 9.654 11.963 0.9719201922
6 106.579 252.573 9.484 11.963 0.9711712003
7 210.538 186.117 8.071 10.415 0.9699338675
8 297.046 196.851 9.119 11.870 0.9695442319
9 461.176 252.173 10.248 13.189 0.9677470922
10 36.692 251.295 9.089 11.189 0.9667675495
11 409.145 252.031 10.495 14.150 0.9664989710
12 371.568 199.989 10.407 13.232 0.9657940269
13 339.120 254.636 9.617 12.343 0.9629272223
14 218.743 176.888 8.092 10.043 0.9620863795
15 58.023 250.651 9.557 11.647 0.9611863494
16 257.558 186.042 8.239 10.474 0.9609018564
17 318.270 256.613 8.841 11.403 0.9595916271
18 130.635 195.990 8.273 10.624 0.9560418129
19 149.875 198.248 8.509 10.259 0.9556809664
20 308.178 182.307 8.577 10.864 0.9531356692
21 352.173 182.538 9.034 11.947 0.9528512359
22 173.320 196.256 8.732 10.062 0.9527982473
23 309.562 215.975 9.255 11.371 0.9514427185
24 56.583 216.911 9.010 11.553 0.9508073330
25 225.644 216.649 8.304 10.806 0.9506983757
26 287.163 186.544 8.139 10.854 0.9490200281
27 375.925 236.993 9.571 11.672 0.9485396743
28 286.406 214.584 9.350 11.275 0.9477144480
29 200.472 234.011 9.613 12.344 0.9473021626
30 375.595 182.498 8.091 10.352 0.9454098344
31 415.428 237.046 9.031 11.295 0.9448377490
32 397.184 199.670 10.188 12.276 0.9441002011
33 294.909 252.098 9.637 12.725 0.9440108538
34 98.903 187.618 8.459 10.371 0.9424629211
35 436.464 188.076 7.857 10.003 0.9414650798
36 220.912 255.039 9.067 11.308 0.9404982924
37 90.246 231.646 9.191 12.179 0.9365490675
38 296.648 177.702 7.713 9.724 0.9333406091
39 450.504 216.947 8.705 10.609 0.9332696199
40 233.930 188.230 8.359 10.483 0.9271122217
41 172.221 256.761 8.992 10.720 0.9265225530
42 425.597 215.728 8.464 10.319 0.9251679778
43 188.938 181.043 8.043 10.130 0.9251205325
44 146.369 185.469 7.795 9.706 0.9231042266
45 316.086 243.034 8.464 10.636 0.9196826220
46 455.930 237.761 9.208 10.798 0.9182328582
47 86.546 203.353 8.931 10.853 0.9166529179
48 436.485 242.110 8.670 10.471 0.9161914587
49 332.725 182.651 8.210 10.894 0.9138123989
50 167.408 187.666 7.741 9.121 0.9114211202
51 77.693 187.022 7.416 9.117 0.9075446129
52 320.187 192.888 9.101 11.576 0.9054076076
53 336.002 237.251 9.094 11.397 0.9025568366
