0 28.010 147.150 56.470 70.701 0.9999914169
1 258.442 107.391 58.969 73.904 0.9999723434
2 455.033 123.306 50.481 55.169 0.9999297857
3 403.853 118.686 34.136 41.834 0.9999037981
4 109.284 122.757 37.509 45.625 0.9994860888
5 175.229 105.930 42.366 54.783 0.9992826581
6 334.917 117.570 37.519 49.892 0.9989159107
7 113.863 68.418 15.963 20.281 0.9956313372
8 153.981 74.374 14.708 19.102 0.9908979535
9 392.941 108.898 14.523 17.577 0.9908069968
10 69.660 88.822 14.894 18.636 0.9907632470
11 55.998 73.532 15.659 18.306 0.9885439277
12 232.212 118.949 14.346 15.697 0.9881440997
13 412.055 86.707 14.336 18.228 0.9849945903
14 187.733 72.905 14.258 17.001 0.9842187762
15 232.257 79.730 14.351 17.734 0.9840839505
16 362.806 88.575 14.005 17.288 0.9831906557
17 148.554 135.826 18.213 24.729 0.9800383449
18 246.015 140.885 14.806 19.880 0.9761329293
19 62.838 116.658 18.254 22.092 0.9736157656
20 92.855 144.962 15.768 17.052 0.9651323557
21 522.263 95.834 13.021 14.683 0.9622565508
22 30.182 87.649 13.671 17.023 0.9613330960
23 476.285 92.244 13.570 15.433 0.9538970590
24 318.658 91.303 12.387 15.462 0.9355591536
25 96.654 65.012 12.067 13.454 0.9249448776
26 107.403 104.134 16.355 19.250 0.9124578238
