0 472.848 187.457 71.704 81.424 0.9999921322
1 251.300 119.317 56.319 69.963 0.9999862909
2 353.820 170.596 70.231 87.065 0.9999852180
3 195.911 70.692 61.699 81.243 0.9999468327
4 144.240 192.311 75.515 88.211 0.9999102354
5 51.281 201.494 78.325 104.736 0.9998954535
6 287.646 200.420 70.209 88.075 0.9998929501
7 418.505 176.577 51.621 84.226 0.9998177886
8 338.892 103.046 59.236 65.179 0.9996913671
9 0.271 157.093 61.188 93.026 0.9994280934
10 150.877 139.687 69.086 74.557 0.9993840456
11 101.802 96.511 49.218 60.696 0.9992240667
12 499.621 99.142 41.704 57.555 0.9985135198
13 135.820 405.169 81.898 114.701 0.9905012846
14 60.476 148.718 52.101 64.958 0.9858543277
15 350.519 138.372 61.781 66.490 0.9782525897
