0 112.774 103.513 27.337 37.511 0.9999138117
1 196.528 128.420 28.198 33.426 0.9998886585
2 348.118 123.499 28.389 36.111 0.9998472929
3 260.265 109.564 30.089 40.385 0.9997399449
4 137.178 124.316 23.140 29.031 0.9981947541
5 426.264 79.975 36.189 79.770 0.9979426265
6 518.860 88.184 38.652 62.496 0.9971139431
7 248.919 125.093 14.192 19.735 0.9929112792
8 181.305 128.258 20.524 28.885 0.9894728065
9 164.114 108.600 21.395 25.300 0.9893117547
10 378.977 108.443 18.910 22.413 0.9865976572
11 319.638 130.668 19.879 23.403 0.9800482392
12 52.706 116.002 32.820 65.700 0.9491263032
13 231.416 127.036 8.575 10.859 0.9422647357
14 414.903 108.698 32.017 45.900 0.9166289568
