0 32.141 143.632 13.159 15.040 0.9949244261
1 180.395 67.713 12.124 13.822 0.9944857955
2 327.958 30.851 11.852 13.541 0.9941462278
3 53.211 50.464 13.812 15.292 0.9939782619
4 195.367 144.367 13.217 17.775 0.9926401973
5 283.863 23.779 11.602 12.668 0.9922032356
6 275.663 89.206 12.141 13.665 0.9921173453
7 300.876 109.743 13.249 14.279 0.9909831285
8 252.336 143.564 13.099 16.719 0.9904729724
9 362.069 144.694 12.172 13.759 0.9902472496
10 211.880 68.269 11.981 13.846 0.9899057746
11 141.353 20.003 11.369 12.846 0.9894064069
12 292.605 70.788 11.718 13.409 0.9891318679
13 368.480 65.228 11.864 13.751 0.9890850186
14 264.043 117.314 11.602 13.316 0.9888321161
15 80.774 56.533 11.659 13.107 0.9887353778
16 224.422 118.668 11.971 13.337 0.9873817563
17 199.024 21.088 10.003 11.454 0.9867274165
18 196.688 55.399 11.869 13.850 0.9863037467
19 379.211 32.831 11.972 14.312 0.9858103395
20 217.412 92.994 12.446 13.786 0.9857143164
21 164.032 59.183 11.453 13.315 0.9849379063
22 21.140 52.437 12.014 13.700 0.9844194055
23 325.454 62.123 12.470 14.874 0.9843258262
24 304.059 89.779 12.200 13.699 0.9842380881
25 35.662 36.955 11.895 13.415 0.9840471148
26 309.975 146.348 12.426 13.519 0.9839247465
27 89.154 74.668 12.256 14.219 0.9834565520
28 228.330 23.429 10.453 12.455 0.9833205342
29 58.454 112.441 13.168 14.497 0.9830970764
30 125.736 33.944 12.507 14.031 0.9830718637
31 256.269 61.396 11.503 13.005 0.9826210141
32 162.273 91.686 12.628 13.823 0.9813034534
33 228.670 53.131 10.937 12.289 0.9812719226
34 245.467 36.281 12.311 13.439 0.9804474115
35 133.288 95.845 11.876 13.756 0.9803847075
36 136.629 143.644 13.025 14.374 0.9795284271
37 351.621 53.446 11.803 13.081 0.9795005322
38 7.231 117.256 12.224 13.901 0.9791764021
39 169.191 25.569 10.284 11.728 0.9791458845
40 368.964 21.619 9.898 11.584 0.9786263704
41 310.718 52.015 11.804 13.568 0.9785181284
42 359.323 89.568 11.662 13.428 0.9785020351
43 346.125 114.489 12.885 14.566 0.9781362414
44 183.691 39.471 11.221 12.975 0.9777960181
45 269.816 38.423 11.220 13.218 0.9768500328
46 146.189 74.795 13.019 14.197 0.9767598510
47 113.444 121.447 12.342 13.683 0.9763064981
48 36.316 72.047 11.337 13.160 0.9751663208
49 79.854 146.983 12.219 13.353 0.9740410447
50 264.485 79.345 10.614 12.899 0.9734228849
51 59.355 24.539 10.698 12.439 0.9720067978
52 343.339 21.930 10.619 12.081 0.9715622067
53 99.323 95.325 11.051 13.100 0.9713032246
54 389.588 90.079 11.066 13.447 0.9712375402
55 254.921 24.946 10.659 11.946 0.9705717564
56 214.350 39.494 10.254 11.442 0.9689095616
57 188.171 94.348 11.324 12.267 0.9684646130
58 178.213 113.857 12.736 13.733 0.9671841860
59 298.226 34.912 11.656 13.647 0.9671294093
60 353.809 34.780 11.121 12.739 0.9655837417
61 44.825 98.390 11.423 12.863 0.9615884423
62 106.932 63.798 10.882 12.664 0.9606207013
63 135.253 61.636 10.848 12.111 0.9603654742
64 154.729 41.960 10.255 12.169 0.9603122473
65 0.955 25.434 10.383 12.470 0.9601454139
66 329.381 90.120 12.785 13.662 0.9588719606
67 315.766 27.626 9.449 10.972 0.9572941661
68 245.946 92.020 11.969 13.289 0.9567567706
69 115.439 79.536 10.821 13.110 0.9541761279
70 18.313 98.368 11.801 13.095 0.9504606724
71 111.242 28.789 9.677 11.273 0.9492398500
72 11.020 77.335 10.548 12.568 0.9460088611
73 238.894 74.245 10.742 12.673 0.9446585178
74 74.623 98.463 11.989 13.094 0.9400424361
75 26.042 24.844 10.748 12.296 0.9388028383
76 98.464 39.700 11.792 12.994 0.9381697178
77 62.651 73.663 11.674 13.429 0.9051631689
