0 71.415 303.047 62.771 75.701 0.9999983311
1 250.796 291.850 59.629 81.582 0.9999972582
2 29.441 121.169 56.453 68.652 0.9999828339
3 351.520 83.731 44.844 61.296 0.9999161959
4 350.682 230.610 49.544 85.706 0.9998705387
5 49.435 85.194 34.530 40.454 0.9998446703
6 86.367 104.249 30.655 35.609 0.9998432398
7 447.322 114.040 37.708 50.794 0.9996669292
8 131.361 73.060 39.546 49.447 0.9994020462
9 332.624 103.881 26.749 40.262 0.9993218184
10 450.196 175.083 38.423 58.642 0.9986760020
11 179.612 114.135 40.272 52.662 0.9985051155
12 433.526 94.254 22.837 27.094 0.9961708188
13 313.005 91.233 20.487 25.802 0.9853271246
14 160.239 107.733 23.392 32.750 0.9752511382
