0 151.283 156.033 30.275 37.441 0.9995598197
1 198.759 112.220 24.897 30.284 0.9984652996
2 460.031 128.811 26.670 28.054 0.9979900122
3 529.920 148.937 32.899 43.953 0.9972359538
4 328.203 117.926 20.577 23.966 0.9910786748
5 544.417 97.329 13.643 17.802 0.9825934768
6 496.043 88.558 14.146 15.066 0.9822857380
7 425.566 83.715 14.634 16.836 0.9747699499
8 84.017 110.625 13.879 22.601 0.9713782668
9 294.189 82.638 10.981 13.577 0.9662914276
10 519.566 102.811 12.065 19.067 0.9516254663
11 153.950 81.744 10.760 12.558 0.9300698638
12 394.145 100.579 13.559 17.824 0.9223892093
13 262.244 75.306 10.772 13.280 0.9212514758
14 378.568 69.132 9.855 11.715 0.9119602442
15 353.594 62.526 9.872 12.164 0.9012489319
