0 785.280 289.292 15.337 20.570 0.9960690737
1 679.158 281.417 19.837 23.970 0.9945787191
2 287.806 290.852 19.973 25.344 0.9942256808
3 5.908 284.474 18.701 23.448 0.9936595559
4 79.487 294.292 13.009 16.201 0.9931827188
5 603.697 284.470 20.918 24.014 0.9909051657
6 728.382 287.539 11.916 14.523 0.9905248284
7 748.040 287.761 20.199 23.695 0.9904201627
8 160.421 298.223 12.867 15.477 0.9897961020
9 272.978 287.115 15.144 19.077 0.9890727401
10 195.943 284.926 20.155 25.135 0.9889450669
11 479.698 289.130 12.241 15.025 0.9885991812
12 331.952 293.055 12.022 14.961 0.9880166054
13 114.628 289.921 19.723 24.395 0.9852662683
14 34.532 288.166 20.386 24.707 0.9840338230
15 494.453 285.441 9.648 11.903 0.9830800295
16 565.202 290.122 12.212 14.941 0.9825218916
17 631.589 284.369 10.565 13.677 0.9818514585
18 720.072 276.231 8.899 11.906 0.9793570042
19 522.324 291.469 20.837 25.053 0.9788308740
20 242.961 293.248 11.787 14.744 0.9739043117
21 402.320 281.437 20.725 24.580 0.9736666083
22 699.402 284.202 10.500 13.182 0.9661355615
23 648.457 289.125 10.678 13.631 0.9655850530
24 463.832 283.084 8.221 10.650 0.9648743272
25 319.887 285.216 8.610 10.778 0.9634580016
26 457.248 283.007 8.442 11.138 0.9591438770
27 58.901 292.375 10.545 12.562 0.9570188522
28 575.353 276.026 7.819 9.983 0.9562850595
29 96.541 290.321 9.288 11.906 0.9550818205
30 346.453 289.153 9.472 11.686 0.9550286531
31 662.284 285.652 7.938 10.519 0.9516103268
32 137.304 279.986 8.331 10.923 0.9487321377
33 354.323 279.404 8.361 10.746 0.9409316778
34 653.559 271.470 7.742 9.653 0.9368726611
35 540.387 281.894 9.207 11.477 0.9355104566
36 119.614 275.122 8.250 10.550 0.9216362834
37 92.366 281.550 8.720 11.198 0.9119709730
38 103.618 273.742 7.973 10.106 0.9078445435
39 514.336 280.401 8.098 10.291 0.9030438066
