0 331.373 279.980 30.669 38.778 0.9998822212
1 213.751 300.632 27.744 36.487 0.9996721745
2 38.882 299.838 26.066 33.947 0.9994738698
3 130.294 290.958 24.948 33.983 0.9991284013
4 287.826 296.495 27.463 27.254 0.9988330007
5 185.622 298.348 23.293 31.364 0.9960438013
6 61.984 289.074 22.758 28.638 0.9956186414
7 265.133 293.308 13.669 19.004 0.9819573164
8 110.745 297.598 20.694 28.112 0.9815858603
9 240.709 289.935 21.358 29.525 0.9735010862
10 173.032 288.320 19.800 26.264 0.9694151282
11 94.892 312.550 14.829 17.032 0.9242357612
