0 104.814 87.741 18.747 23.832 0.9928964972
1 309.250 64.668 20.931 28.447 0.9916048050
2 170.983 47.525 21.691 30.289 0.9904680848
3 289.663 44.715 18.129 23.990 0.9902344942
4 109.144 26.736 18.571 24.679 0.9885205626
5 243.090 65.548 21.114 27.111 0.9872730970
6 252.274 28.911 18.243 23.608 0.9866244793
7 389.259 64.591 20.240 26.550 0.9849130511
8 158.795 26.715 17.129 22.937 0.9840170741
9 87.624 62.274 18.083 21.303 0.9829707146
10 36.565 79.607 19.564 26.704 0.9805210829
11 44.004 38.676 20.204 26.737 0.9738992453
12 306.632 17.489 19.382 24.871 0.9659278393
13 357.398 25.315 19.592 26.669 0.9654256701
14 207.845 30.904 17.548 23.639 0.9598851204
