0 386.754 135.071 45.805 58.885 0.9999380112
1 153.546 188.018 43.517 51.644 0.9995793700
2 486.270 195.884 24.490 28.274 0.9978199005
3 302.013 187.927 22.851 27.307 0.9957400560
4 228.399 207.246 21.203 26.112 0.9930949807
5 330.336 77.605 22.533 27.860 0.9911280870
6 577.706 206.157 22.865 25.170 0.9859083295
7 77.850 212.871 21.875 24.763 0.9799598455
8 158.305 110.134 20.562 23.381 0.9792377949
9 293.902 60.242 16.724 20.645 0.9573873878
10 368.490 73.321 20.274 25.291 0.9350443482
11 2.090 218.845 19.853 20.108 0.9242680669
12 283.435 87.245 20.891 24.382 0.9051218033
