0 39.238 81.302 25.676 35.183 0.9994607568
1 228.253 84.744 26.629 31.898 0.9992067218
2 75.506 62.891 21.786 27.616 0.9969690442
3 9.680 41.402 22.906 29.285 0.9961416125
4 338.553 67.670 17.178 22.573 0.9954705238
5 261.081 29.863 14.368 18.875 0.9951239228
6 359.085 64.992 14.119 18.801 0.9945171475
7 399.463 41.942 14.323 18.766 0.9943124056
8 390.484 62.003 15.968 20.298 0.9942935109
9 426.466 84.874 16.203 21.773 0.9938202500
10 159.555 90.302 21.462 29.282 0.9934651256
11 131.615 31.737 15.308 20.396 0.9924781322
12 141.779 69.180 17.572 23.292 0.9921803474
13 329.270 40.763 15.424 19.712 0.9919620156
14 374.301 77.487 18.451 23.437 0.9906991124
15 100.503 100.888 19.926 31.229 0.9893717766
16 363.568 48.498 13.076 17.276 0.9891946316
17 218.335 20.106 18.811 23.706 0.9875940681
18 108.248 20.684 17.104 21.837 0.9855479002
19 121.364 57.559 19.813 26.418 0.9830222726
20 398.823 89.069 18.510 24.024 0.9814403057
21 173.533 68.421 19.387 26.165 0.9799522758
22 420.776 63.635 15.762 19.500 0.9792549014
23 184.123 50.740 16.966 24.089 0.9790695310
24 347.540 36.414 13.608 17.610 0.9772852659
25 207.381 54.460 19.828 26.821 0.9721024036
26 63.358 24.363 17.891 22.793 0.9623488188
27 287.419 34.712 17.546 23.121 0.9622176886
28 315.981 38.923 11.669 16.080 0.9513971806
29 252.087 75.762 20.772 28.147 0.9476663470
30 303.760 38.743 13.303 18.977 0.9295699000
31 196.255 40.123 12.543 15.841 0.9073223472
