0 91.294 154.215 15.514 20.496 0.9935672879
1 147.407 54.766 12.482 16.620 0.9898962975
2 113.312 79.929 11.761 15.422 0.9891974330
3 180.557 165.546 19.263 23.399 0.9883388281
4 175.388 57.294 12.596 16.150 0.9862232804
5 65.033 188.768 21.411 27.116 0.9855539203
6 50.622 115.262 14.091 18.378 0.9850259423
7 132.652 175.063 25.307 29.815 0.9811266065
8 44.196 154.020 16.871 21.724 0.9810988307
9 116.115 59.294 11.863 15.267 0.9810006022
10 68.283 82.452 13.137 17.196 0.9782700539
11 209.153 113.506 13.729 17.924 0.9759231806
12 194.271 26.962 12.729 16.393 0.9722600579
13 101.596 115.487 13.648 17.399 0.9648976922
14 136.575 154.506 12.679 16.817 0.9571120143
15 172.140 125.136 16.149 19.486 0.9441993833
16 22.072 103.585 12.988 15.905 0.9426141381
17 70.706 102.109 12.097 16.119 0.9041516781
