0 269.267 181.702 13.069 15.879 0.9941914678
1 453.511 181.616 11.761 15.100 0.9928290248
2 77.283 186.849 12.770 15.869 0.9925676584
3 500.239 186.766 12.132 14.919 0.9894801378
4 7.876 186.767 10.831 14.410 0.9861643910
5 57.134 194.367 10.417 13.076 0.9860361814
6 25.587 186.547 13.145 16.613 0.9857409596
7 191.004 187.564 12.433 15.923 0.9854531884
8 526.054 186.974 12.121 14.461 0.9847173095
9 403.442 184.151 12.267 14.801 0.9827160835
10 130.429 183.857 12.785 15.926 0.9770776033
11 345.717 185.337 12.673 16.816 0.9710314870
12 480.936 189.354 8.258 10.628 0.9653520584
13 145.693 190.166 8.828 11.720 0.9639507532
14 224.231 195.344 8.256 10.252 0.9544915557
15 464.915 188.760 7.391 9.604 0.9430453181
16 426.776 196.010 9.626 11.959 0.9412485957
17 375.414 191.466 9.467 11.090 0.9327509403
18 3.800 187.308 9.274 13.529 0.9307099581
19 320.435 191.409 8.179 10.013 0.9293116331
20 95.640 189.925 8.184 11.583 0.9238312840
21 103.074 193.835 7.368 9.889 0.9208080173
22 333.532 188.758 7.504 9.422 0.9037594199
