0 199.156 85.734 16.012 18.919 0.9980975986
1 124.752 83.812 19.229 21.738 0.9976316690
2 213.380 42.964 18.331 22.162 0.9972801208
3 384.301 107.461 17.683 21.975 0.9971057773
4 354.441 24.275 15.837 19.410 0.9970387220
5 268.905 116.047 19.076 24.034 0.9969815612
6 101.280 115.636 17.289 22.478 0.9966112971
7 230.075 110.756 18.830 21.075 0.9964684248
8 332.210 80.203 17.786 21.317 0.9964081645
9 54.763 116.096 19.420 22.313 0.9962961078
10 73.673 37.280 18.829 23.288 0.9961137772
11 301.642 81.313 17.902 21.266 0.9959740043
12 222.539 5.460 16.776 20.538 0.9959602952
13 149.482 102.150 18.109 20.501 0.9956574440
14 0.316 16.861 16.570 20.939 0.9954114556
15 166.964 44.200 18.200 22.125 0.9953645468
16 288.531 19.897 17.534 21.343 0.9953521490
17 139.669 12.218 15.975 17.739 0.9949555993
18 18.546 121.163 17.933 22.406 0.9946171641
19 386.218 45.029 17.896 21.943 0.9946014881
20 433.957 92.742 16.251 17.997 0.9943853617
21 189.514 108.208 18.470 23.061 0.9943796992
22 47.822 12.181 17.208 19.255 0.9943477511
23 454.630 30.524 15.239 19.586 0.9941413999
24 388.313 159.928 18.892 23.873 0.9939810634
25 426.257 123.914 17.663 22.002 0.9939326644
26 100.952 159.202 19.946 23.796 0.9938483834
27 244.311 82.871 17.188 19.984 0.9933704138
28 252.307 16.225 17.873 21.395 0.9930481315
29 27.165 39.566 18.384 21.589 0.9929543138
30 459.835 157.171 18.617 23.028 0.9926745296
31 91.180 14.247 18.460 21.483 0.9923540354
32 422.919 26.355 15.515 18.492 0.9920358062
33 276.733 82.988 16.220 19.372 0.9917730689
34 307.289 121.514 17.731 19.909 0.9913907051
35 388.944 26.309 16.651 20.664 0.9910721183
36 463.204 56.124 18.487 22.138 0.9909658432
37 399.447 90.354 16.918 22.459 0.9901511669
38 184.064 19.013 16.994 19.016 0.9898899794
39 322.454 152.388 20.157 24.540 0.9898695350
40 351.114 121.550 17.793 22.401 0.9898411632
41 28.020 88.785 16.578 20.745 0.9896219969
42 171.764 157.112 19.431 23.887 0.9892493486
43 325.320 36.936 18.758 23.714 0.9889962673
44 464.590 88.157 16.165 19.917 0.9887861013
45 364.419 86.422 16.456 20.271 0.9883859158
46 60.631 89.542 15.740 20.028 0.9875403047
47 118.914 43.554 19.283 24.062 0.9874305725
48 427.524 46.110 18.186 22.137 0.9867549539
49 458.909 108.438 19.970 25.150 0.9843444228
50 465.739 1.269 14.372 17.837 0.9839087129
51 92.497 92.363 16.245 18.169 0.9824661016
52 245.339 157.264 20.372 24.741 0.9816821814
53 255.050 50.486 18.722 20.889 0.9806656241
54 23.279 155.142 19.914 26.027 0.9806195498
55 377.214 -2.231 17.793 14.324 0.9588621855
56 70.841 -1.594 16.360 13.063 0.9129751921
