0 410.188 136.124 115.986 148.845 0.9999997616
1 755.898 172.984 110.202 148.679 0.9999986887
2 629.485 186.597 72.599 95.428 0.9999811649
3 147.873 180.875 54.473 79.541 0.9999477863
4 285.767 215.285 32.111 41.054 0.9999368191
5 322.470 214.445 32.619 41.655 0.9999167919
6 62.547 155.391 83.520 106.214 0.9998474121
7 214.434 236.042 38.533 46.781 0.9998395443
8 721.015 243.777 33.854 45.179 0.9997462630
9 252.889 204.431 28.872 36.114 0.9997213483
10 559.076 232.866 37.788 46.522 0.9995909333
11 855.756 256.439 34.280 50.963 0.9610790014
12 277.698 193.477 23.935 31.759 0.9152799249
