0 359.411 77.735 16.939 19.968 0.9965542555
1 168.017 135.063 18.097 22.018 0.9962360263
2 157.894 80.987 15.789 18.777 0.9959874749
3 22.420 145.445 18.180 21.566 0.9952915907
4 291.236 72.670 17.369 20.962 0.9951606393
5 328.051 139.105 17.058 20.910 0.9949135780
6 224.757 66.320 17.345 22.980 0.9938293099
7 131.093 66.715 17.631 21.761 0.9934993982
8 315.539 75.672 19.058 25.087 0.9927830696
9 16.551 73.786 20.819 24.921 0.9920114875
10 257.193 81.643 14.426 18.668 0.9918597341
11 61.233 68.422 19.099 24.391 0.9912151098
12 63.021 142.003 19.633 23.484 0.9910716414
13 412.617 72.394 18.976 22.950 0.9909251928
14 380.688 193.683 20.414 22.958 0.9906622767
15 201.353 67.115 20.271 23.641 0.9894019961
16 122.699 132.816 21.684 24.344 0.9888889790
17 379.655 129.031 20.234 23.707 0.9881628156
18 184.220 75.288 16.373 20.032 0.9872468710
19 226.151 214.258 21.698 20.493 0.9866428375
20 110.643 67.382 19.061 24.373 0.9855303764
21 142.045 226.729 20.242 23.943 0.9839547873
22 84.083 70.998 17.474 20.224 0.9768418670
23 63.178 214.512 25.243 23.625 0.9741581082
24 278.672 133.847 17.400 22.299 0.9737666249
25 299.887 213.057 22.365 24.985 0.9620105624
26 432.165 134.183 23.085 24.734 0.9030715227
