0 92.150 79.550 31.005 36.886 0.9999501705
1 41.954 88.541 36.314 43.661 0.9999496937
2 380.456 183.720 59.971 87.157 0.9999436140
3 228.859 72.931 33.772 40.852 0.9999380112
4 189.225 44.741 28.361 35.847 0.9999340773
5 162.331 74.831 30.101 38.241 0.9998747110
6 132.686 100.466 39.225 49.325 0.9998561144
7 281.371 60.664 25.998 33.321 0.9994345307
8 301.231 78.399 42.982 50.237 0.9993240833
9 384.086 105.694 43.810 52.379 0.9991403818
10 392.771 49.399 29.754 36.987 0.9987969398
11 119.010 46.157 25.804 28.914 0.9987505674
12 458.495 31.807 27.640 34.381 0.9986132383
13 119.194 77.522 21.049 28.873 0.9920532703
14 464.979 78.513 33.756 48.687 0.9833574295
15 -0.083 122.733 27.999 59.094 0.9793196321
16 266.406 46.899 22.670 26.604 0.9742830396
17 364.849 69.812 22.374 29.564 0.9297751188
