0 109.330 164.382 34.202 49.673 0.9996372461
1 191.702 147.075 23.250 37.372 0.9974664450
2 79.472 98.168 14.413 19.137 0.9893364906
3 18.809 100.664 17.400 22.557 0.9878936410
4 255.262 145.607 22.179 28.804 0.9876188040
5 300.311 136.676 19.238 23.762 0.9822421074
6 81.494 131.607 18.774 25.559 0.9782884121
7 232.732 107.900 12.900 17.605 0.9763326049
8 37.829 84.507 14.052 19.494 0.9644278884
9 220.518 91.697 10.366 13.623 0.9641041160
10 190.751 113.183 14.602 20.522 0.9638558626
11 266.114 107.565 11.542 15.575 0.9624551535
12 211.726 76.953 8.858 11.989 0.9565110803
13 142.325 113.694 13.778 20.502 0.9461194277
14 128.662 101.955 12.330 14.764 0.9434365034
15 346.717 121.096 14.498 19.918 0.9420351386
16 74.261 68.094 8.381 10.783 0.9337083101
17 110.701 81.243 10.659 14.275 0.9248331785
18 48.369 74.981 10.078 13.689 0.9230914116
19 10.523 60.585 8.228 9.969 0.9003870487
