0 310.821 181.350 28.543 33.459 OTHERS -1
1 423.350 118.534 14.432 17.425 OTHERS -1
2 356.865 153.385 18.374 23.315 OTHERS -1
3 429.294 162.607 23.480 27.027 OTHERS -1
4 5.614 123.493 10.785 14.700 OTHERS -1
5 369.954 117.284 14.119 17.488 OTHERS -1
6 83.748 135.310 13.055 19.475 OTHERS -1
7 443.049 137.238 20.196 23.383 OTHERS -1
8 309.691 147.877 16.181 24.488 OTHERS -1
9 64.743 132.347 10.794 17.419 OTHERS -1
10 512.102 146.962 19.743 26.451 OTHERS -1
11 486.639 96.611 11.390 13.925 OTHERS -1
12 204.182 121.094 9.995 13.540 OTHERS -1
13 391.353 111.620 10.382 13.362 OTHERS -1
14 472.900 110.962 14.703 18.613 OTHERS -1
15 460.622 126.665 13.964 17.554 OTHERS -1
16 342.072 116.951 10.740 14.242 OTHERS -1
17 518.686 100.401 10.550 12.941 OTHERS -1
18 142.630 128.701 13.017 19.864 OTHERS -1
19 229.900 140.510 11.647 15.599 OTHERS -1
20 45.926 112.837 8.615 11.337 OTHERS -1
21 265.743 127.033 11.190 14.922 OTHERS -1
22 454.365 99.833 9.682 12.006 OTHERS -1
23 109.769 147.033 15.088 20.130 OTHERS -1
24 517.052 131.463 15.098 18.377 OTHERS -1
25 173.566 131.130 11.906 16.839 OTHERS -1
26 287.197 113.179 9.872 12.561 OTHERS -1
27 401.579 98.905 9.558 12.063 OTHERS -1
28 79.370 119.526 9.774 11.498 OTHERS -1
