9 419.299 117.669 77.278 101.028 DXP 1
0 322.261 97.691 63.170 85.205 OTHERS 0
1 8.199 52.284 34.334 47.026 OTHERS 0
2 408.528 85.976 27.831 35.060 OTHERS 0
3 272.320 144.308 32.583 40.575 OTHERS -1
4 247.340 55.031 31.560 39.274 OTHERS -1
5 560.886 83.320 26.011 34.589 OTHERS -1
6 391.638 135.238 28.509 34.026 OTHERS 0
7 38.059 5.790 26.961 36.229 OTHERS -1
8 137.244 69.489 61.833 107.608 OTHERS -1
10 216.599 10.176 25.124 34.936 OTHERS -1
11 297.257 20.011 24.592 35.021 OTHERS -1
12 226.101 150.924 40.523 55.461 OTHERS 0
13 368.361 22.699 24.929 30.179 OTHERS -1
14 445.842 25.795 24.863 32.637 OTHERS -1
15 574.515 43.574 24.243 29.128 OTHERS -1
16 517.613 44.098 25.277 32.946 OTHERS -1
17 599.145 150.394 31.295 41.007 OTHERS -1
18 575.672 168.904 23.505 28.223 OTHERS -1
19 635.070 32.536 20.044 28.030 OTHERS -1
20 492.520 65.319 24.994 31.496 OTHERS -1
21 127.854 2.881 27.175 31.095 OTHERS -1
