0 406.987 508.581 15.740 20.371 OTHERS -1
1 216.003 422.818 13.896 16.627 OTHERS -1
2 567.093 547.448 15.673 20.228 OTHERS -1
3 231.598 596.130 15.776 21.531 OTHERS -1
4 388.494 334.731 14.548 18.484 OTHERS -1
5 785.581 558.387 17.099 19.816 OTHERS -1
6 87.477 479.300 13.755 18.001 OTHERS -1
7 486.199 548.686 16.335 19.280 OTHERS -1
8 851.163 379.365 13.215 16.607 OTHERS -1
9 707.445 351.106 14.277 18.425 OTHERS -1
10 432.984 426.214 15.086 19.129 OTHERS -1
11 796.742 498.047 14.948 19.951 OTHERS -1
12 24.666 447.159 13.505 17.629 OTHERS -1
13 801.868 461.998 15.498 20.406 OTHERS -1
14 70.911 501.175 15.433 19.678 OTHERS -1
15 818.882 375.699 14.679 19.763 OTHERS -1
16 368.375 543.473 15.779 19.428 OTHERS -1
17 599.303 518.858 13.864 21.322 OTHERS -1
18 888.071 472.558 15.622 19.746 OTHERS -1
19 401.872 481.156 13.966 20.839 OTHERS -1
20 560.485 597.126 16.053 21.642 OTHERS -1
21 678.448 346.418 14.055 19.204 OTHERS -1
22 597.277 462.037 14.036 18.268 OTHERS -1
23 552.841 507.735 16.913 21.365 OTHERS -1
24 223.584 355.257 14.532 18.650 OTHERS -1
25 106.405 544.629 14.766 16.996 OTHERS -1
26 665.335 436.541 15.264 19.708 OTHERS -1
27 320.029 365.138 12.523 16.596 OTHERS -1
28 280.791 538.086 16.295 20.592 OTHERS -1
29 770.846 525.872 16.628 22.655 OTHERS -1
30 316.701 504.089 15.372 19.664 OTHERS -1
31 564.119 460.115 15.697 18.773 OTHERS -1
32 716.842 430.808 15.750 20.255 OTHERS -1
33 23.884 533.453 14.942 20.785 OTHERS -1
34 697.073 491.658 15.581 19.067 OTHERS -1
35 684.202 526.357 15.647 18.950 OTHERS -1
36 756.794 492.668 14.003 19.550 OTHERS -1
37 474.557 485.202 14.221 20.000 OTHERS -1
38 839.055 466.150 15.288 20.312 OTHERS -1
39 609.036 483.544 15.571 21.355 OTHERS -1
40 772.448 437.226 15.554 18.595 OTHERS -1
41 643.707 483.795 14.126 21.252 OTHERS -1
42 714.719 527.038 18.528 24.289 OTHERS -1
43 167.879 506.598 15.095 20.047 OTHERS -1
44 382.985 600.815 18.501 22.388 OTHERS -1
45 118.902 487.801 15.136 21.121 OTHERS -1
46 904.051 497.065 16.111 23.638 OTHERS -1
47 188.353 481.918 14.735 18.717 OTHERS -1
48 65.320 367.944 12.920 16.368 OTHERS -1
49 697.814 608.297 16.785 22.167 OTHERS -1
50 809.396 431.762 14.718 19.392 OTHERS -1
51 456.796 433.468 15.708 18.290 OTHERS -1
52 152.515 535.989 14.537 18.987 OTHERS -1
53 519.896 373.356 15.235 21.171 OTHERS -1
54 298.919 427.362 13.482 17.075 OTHERS -1
55 305.518 453.529 13.406 19.026 OTHERS -1
56 54.202 474.167 13.635 18.380 OTHERS -1
57 208.262 345.636 14.746 20.344 OTHERS -1
58 474.369 372.600 13.991 18.766 OTHERS -1
59 173.051 586.268 15.850 22.504 OTHERS -1
60 501.930 426.645 14.855 20.662 OTHERS -1
61 515.322 484.951 15.174 20.647 OTHERS -1
62 368.506 371.698 13.296 18.112 OTHERS -1
63 436.608 452.296 13.622 19.737 OTHERS -1
64 933.063 416.297 14.690 19.426 OTHERS -1
65 887.400 553.841 19.927 26.655 OTHERS -1
66 33.616 388.100 13.017 16.281 OTHERS -1
67 347.841 479.976 12.973 16.698 OTHERS -1
68 281.978 490.903 15.002 22.744 OTHERS -1
69 685.881 373.557 13.186 18.086 OTHERS -1
70 5.484 475.206 13.462 18.939 OTHERS -1
71 461.646 395.948 15.243 19.273 OTHERS -1
72 892.804 412.198 13.123 18.513 OTHERS -1
73 635.367 523.083 14.828 22.571 OTHERS -1
74 231.366 452.348 14.725 18.722 OTHERS -1
75 922.417 525.282 15.321 21.299 OTHERS -1
76 760.054 460.441 15.271 20.739 OTHERS -1
77 348.581 508.996 14.164 19.519 OTHERS -1
78 403.724 393.726 15.671 21.011 OTHERS -1
79 589.292 372.247 13.145 18.369 OTHERS -1
80 431.911 492.424 12.667 17.345 OTHERS -1
81 529.344 349.658 13.235 16.614 OTHERS -1
82 110.726 447.729 15.295 17.705 OTHERS -1
83 615.769 348.907 13.145 17.086 OTHERS -1
84 854.440 519.375 17.548 24.109 OTHERS -1
85 873.276 440.433 13.818 19.279 OTHERS -1
86 568.210 491.970 13.655 16.118 OTHERS -1
87 631.178 431.217 14.356 18.169 OTHERS -1
88 830.833 560.329 16.092 21.910 OTHERS -1
