0 212.873 72.248 9.824 11.890 OTHERS -1
1 191.241 44.793 10.234 12.980 OTHERS -1
2 30.117 70.952 11.663 14.334 OTHERS -1
3 59.751 74.553 9.797 11.770 OTHERS -1
4 237.978 73.848 9.657 11.837 OTHERS -1
5 84.405 49.970 9.281 11.709 OTHERS -1
6 138.454 74.354 9.950 11.976 OTHERS -1
7 87.775 73.856 9.764 11.765 OTHERS -1
8 39.038 47.650 10.212 12.478 OTHERS -1
9 62.378 49.552 9.720 11.655 OTHERS -1
10 14.519 49.256 9.849 11.973 OTHERS -1
11 111.118 74.422 10.280 12.431 OTHERS -1
12 163.550 74.423 9.960 12.553 OTHERS -1
13 234.291 28.207 8.961 11.115 OTHERS -1
14 191.231 73.608 9.140 11.136 OTHERS -1
15 111.025 51.030 9.103 10.382 OTHERS -1
