1 163.988 111.571 16.139 21.644 DXP -1
0 200.067 54.935 14.624 19.115 OTHERS -1
2 236.071 82.100 14.410 19.035 OTHERS -1
3 169.291 80.829 13.091 17.534 OTHERS -1
4 307.398 10.332 13.477 17.299 OTHERS -1
5 278.980 55.937 14.538 18.015 OTHERS -1
6 353.920 40.052 11.000 13.764 OTHERS -1
7 304.610 108.415 14.187 17.760 OTHERS -1
8 392.240 35.739 13.834 17.628 OTHERS -1
9 394.924 16.577 13.160 17.245 OTHERS -1
10 392.014 140.019 12.595 14.838 OTHERS -1
11 155.002 50.496 13.290 16.658 OTHERS -1
12 358.954 111.335 13.708 17.374 OTHERS -1
13 221.734 16.568 12.875 16.052 OTHERS -1
14 116.237 89.681 10.702 16.872 OTHERS -1
15 61.769 91.131 15.317 17.171 OTHERS -1
16 106.700 40.953 12.961 17.144 OTHERS -1
17 282.685 105.945 16.159 19.406 OTHERS -1
18 269.393 37.768 12.550 16.005 OTHERS -1
19 317.413 84.797 13.903 17.420 OTHERS -1
20 347.868 145.181 15.830 22.864 OTHERS -1
