0 427.484 155.208 11.517 14.739 OTHERS -1
1 334.089 135.701 11.264 14.638 OTHERS -1
2 308.999 133.528 11.351 14.366 OTHERS -1
3 221.935 131.745 10.746 13.343 OTHERS -1
4 405.290 117.367 10.280 13.005 OTHERS -1
5 111.709 128.693 11.413 14.735 OTHERS -1
6 260.275 120.030 10.756 13.765 OTHERS -1
7 383.908 115.542 10.484 13.463 OTHERS -1
8 145.769 118.309 10.986 13.351 OTHERS -1
9 74.916 154.784 12.094 15.517 OTHERS -1
10 176.248 135.953 11.034 14.369 OTHERS -1
11 411.146 131.486 10.581 14.159 OTHERS -1
12 358.087 131.303 10.877 13.677 OTHERS -1
13 436.784 118.134 10.575 12.946 OTHERS -1
14 392.226 103.656 10.033 12.444 OTHERS -1
15 260.959 155.338 11.715 14.713 OTHERS -1
16 184.976 157.646 11.415 15.030 OTHERS -1
17 369.479 124.567 9.586 11.770 OTHERS -1
18 200.491 116.721 10.260 13.276 OTHERS -1
19 228.211 115.134 10.387 12.766 OTHERS -1
20 296.157 152.743 10.635 13.771 OTHERS -1
21 420.716 116.236 10.390 12.823 OTHERS -1
22 400.470 199.628 13.140 15.204 OTHERS -1
23 299.776 116.238 10.397 13.426 OTHERS -1
24 364.335 161.844 11.201 14.126 OTHERS -1
25 274.269 112.043 9.996 11.721 OTHERS -1
26 344.695 122.356 9.156 12.017 OTHERS -1
27 323.569 121.329 9.799 12.444 OTHERS -1
28 279.057 136.446 10.457 13.411 OTHERS -1
29 439.241 146.377 9.834 12.679 OTHERS -1
30 243.242 107.158 9.032 11.217 OTHERS -1
31 142.196 134.665 11.299 13.997 OTHERS -1
32 199.520 137.117 10.285 12.866 OTHERS -1
33 171.811 119.496 10.419 12.958 OTHERS -1
34 222.503 152.363 12.246 17.075 OTHERS -1
35 386.835 133.430 10.608 13.127 OTHERS -1
36 183.949 203.002 11.544 12.781 OTHERS -1
37 113.742 159.779 10.823 14.185 OTHERS -1
38 251.365 134.522 10.878 13.519 OTHERS -1
39 150.630 151.358 11.780 13.883 OTHERS -1
40 463.387 165.475 10.052 13.491 OTHERS -1
41 477.357 138.395 10.216 12.709 OTHERS -1
