0 530.486 211.206 18.505 22.328 OTHERS -1
1 411.498 145.085 17.528 22.093 OTHERS -1
2 139.692 141.479 14.416 19.293 OTHERS -1
3 170.167 201.367 17.066 20.995 OTHERS -1
4 110.114 202.236 17.661 24.236 OTHERS -1
5 447.862 184.678 18.869 24.419 OTHERS -1
6 384.467 182.896 18.537 25.046 OTHERS -1
7 330.043 179.498 16.364 22.980 OTHERS -1
8 279.327 177.904 16.012 22.006 OTHERS -1
9 49.501 199.508 17.629 21.487 OTHERS -1
10 31.834 179.183 16.020 21.524 OTHERS -1
11 512.441 144.110 16.667 21.386 OTHERS -1
12 314.357 144.704 17.289 23.032 OTHERS -1
13 207.823 181.381 17.941 23.324 OTHERS -1
14 83.245 186.995 17.102 21.505 OTHERS -1
15 483.671 202.971 19.082 24.259 OTHERS -1
16 168.407 152.099 16.237 21.280 OTHERS -1
17 313.588 198.437 20.330 26.331 OTHERS -1
18 416.530 200.062 18.371 23.573 OTHERS -1
19 217.521 150.885 15.202 19.804 OTHERS -1
20 235.899 201.508 18.725 24.998 OTHERS -1
21 506.963 187.647 17.900 23.586 OTHERS -1
22 144.632 181.277 16.331 21.546 OTHERS -1
23 366.233 199.743 20.275 25.972 OTHERS -1
24 484.289 127.905 16.471 21.351 OTHERS -1
25 452.533 143.859 14.771 19.719 OTHERS -1
26 95.506 125.791 17.550 24.207 OTHERS -1
27 363.794 147.094 18.123 22.907 OTHERS -1
