3 158.376 78.346 9.977 12.533 DXP -1
0 261.916 76.687 10.107 12.987 OTHERS -1
1 27.829 61.560 10.398 13.075 OTHERS -1
2 196.512 66.792 9.577 12.271 OTHERS -1
4 209.239 70.796 10.201 12.427 OTHERS -1
5 169.450 69.724 9.131 11.367 OTHERS -1
6 98.336 62.460 10.508 13.007 OTHERS -1
7 142.035 67.392 9.556 12.193 OTHERS -1
8 46.828 69.460 9.668 12.527 OTHERS -1
9 131.340 67.486 9.630 13.116 OTHERS -1
10 289.256 69.227 9.887 13.920 OTHERS -1
11 114.214 62.159 10.275 13.139 OTHERS -1
12 70.891 68.730 11.419 14.101 OTHERS -1
13 247.573 67.368 9.347 12.132 OTHERS -1
14 186.627 74.575 9.423 11.907 OTHERS -1
15 16.668 68.957 10.814 12.350 OTHERS -1
