0 129.347 84.905 93.621 108.220 DXP 0
1 256.414 140.880 53.357 64.621 OTHERS 0
2 2.305 93.255 33.366 40.092 OTHERS -1
3 26.862 105.350 34.611 39.046 OTHERS -1
4 341.485 148.080 36.559 44.634 OTHERS 0
5 199.054 66.378 27.345 36.069 OTHERS -1
6 232.419 90.738 33.260 35.530 OTHERS -1
7 424.391 172.676 31.449 49.632 OTHERS -1
8 41.504 51.530 26.636 30.597 OTHERS -1
9 347.730 108.003 33.512 35.148 OTHERS -1
10 236.573 19.899 16.312 19.213 OTHERS -1
11 413.539 38.020 20.478 23.893 OTHERS -1
12 63.268 17.980 18.915 22.168 OTHERS -1
13 58.767 4.940 16.214 19.690 OTHERS -1
14 221.252 44.601 22.752 25.772 OTHERS -1
15 358.172 82.651 25.790 27.585 OTHERS -1
16 347.082 56.216 22.769 25.907 OTHERS -1
