0 391.806 177.946 13.530 17.390 OTHERS -1
1 88.076 173.409 12.135 16.481 OTHERS -1
2 260.603 174.100 13.534 17.601 OTHERS -1
3 244.426 158.880 10.769 14.225 OTHERS -1
4 480.517 175.282 12.044 14.909 OTHERS -1
5 299.228 176.828 12.946 17.288 OTHERS -1
6 324.175 158.664 10.762 14.418 OTHERS -1
7 452.221 180.532 11.712 14.372 OTHERS -1
8 57.797 170.196 13.748 16.419 OTHERS -1
9 335.244 176.477 12.663 16.598 OTHERS -1
10 363.429 176.025 11.853 15.370 OTHERS -1
11 203.931 167.223 11.208 13.694 OTHERS -1
12 348.650 161.693 10.886 13.669 OTHERS -1
13 269.479 155.363 11.127 14.198 OTHERS -1
14 155.088 179.338 10.845 14.397 OTHERS -1
15 84.700 159.715 10.485 12.681 OTHERS -1
16 145.068 164.570 9.813 12.215 OTHERS -1
17 299.011 159.369 10.646 13.447 OTHERS -1
18 422.865 175.719 12.400 15.782 OTHERS -1
19 178.279 168.930 12.303 16.078 OTHERS -1
20 110.545 175.373 11.964 15.660 OTHERS -1
21 134.383 175.284 12.431 15.723 OTHERS -1
22 22.235 174.885 11.442 17.318 OTHERS -1
23 376.464 169.542 10.198 12.439 OTHERS -1
24 220.504 161.501 10.041 12.750 OTHERS -1
25 165.984 162.073 10.303 12.969 OTHERS -1
26 191.177 157.994 10.492 13.120 OTHERS -1
27 394.614 158.208 10.571 13.133 OTHERS -1
28 414.301 161.272 11.784 14.876 OTHERS -1
29 226.855 178.275 11.503 15.083 OTHERS -1
30 463.189 161.016 10.793 13.402 OTHERS -1
31 125.637 156.476 10.637 13.077 OTHERS -1
32 108.508 158.271 9.754 11.503 OTHERS -1
