0 8.617 159.157 26.518 34.007 OTHERS -1
1 2.458 137.531 18.269 19.987 OTHERS -1
2 407.284 136.084 12.561 18.476 OTHERS -1
3 204.198 135.698 14.352 15.215 OTHERS -1
4 88.958 131.302 9.449 11.975 OTHERS -1
5 497.298 136.345 10.184 11.938 OTHERS -1
6 160.405 146.034 15.918 24.761 OTHERS -1
7 138.521 138.443 12.519 15.864 OTHERS -1
8 156.619 120.002 8.420 10.932 OTHERS -1
9 355.031 131.018 9.173 11.286 OTHERS -1
10 433.939 143.023 12.414 18.339 OTHERS -1
11 513.075 141.933 11.397 13.238 OTHERS -1
12 416.024 120.253 8.224 10.514 OTHERS -1
13 481.751 131.483 8.851 11.715 OTHERS -1
14 61.397 137.455 9.531 11.839 OTHERS -1
15 304.522 123.100 8.236 10.365 OTHERS -1
16 446.882 124.164 8.428 10.924 OTHERS -1
17 456.097 170.885 19.128 28.114 OTHERS -1
18 105.149 129.761 8.193 10.920 OTHERS -1
19 441.408 123.315 8.202 10.668 OTHERS -1
20 456.107 143.424 14.458 20.953 OTHERS -1
21 172.877 119.291 7.777 9.917 OTHERS -1
22 234.519 125.016 7.750 11.238 OTHERS -1
