2 212.532 105.117 13.255 17.731 DXP -1
0 95.225 93.536 14.462 17.508 OTHERS -1
1 263.406 89.783 12.919 16.402 OTHERS -1
3 351.820 103.662 12.820 16.361 OTHERS -1
4 281.739 94.987 12.778 15.766 OTHERS -1
5 37.921 82.666 13.232 16.561 OTHERS -1
6 131.736 84.569 13.976 15.916 OTHERS -1
7 176.896 90.775 11.538 16.263 OTHERS -1
8 153.591 83.617 13.633 17.292 OTHERS -1
9 22.693 92.283 13.992 16.728 OTHERS -1
10 227.528 93.531 11.944 14.841 OTHERS -1
11 388.470 92.907 12.328 17.979 OTHERS -1
12 331.613 90.582 11.582 15.268 OTHERS -1
13 313.815 91.800 13.776 16.218 OTHERS -1
14 62.212 93.526 12.250 15.661 OTHERS -1
15 249.863 99.758 13.141 16.558 OTHERS -1
16 190.585 91.609 12.218 15.856 OTHERS -1
