0 249.582 222.586 11.560 14.194 XJP -1
1 44.404 228.723 9.925 13.679 OTHERS -1
2 465.211 226.778 11.647 14.392 OTHERS -1
3 176.238 225.608 11.119 13.900 OTHERS -1
4 325.866 225.785 10.777 13.826 OTHERS -1
5 102.620 228.731 11.663 14.536 OTHERS -1
6 398.802 223.185 11.388 14.189 OTHERS -1
7 9.421 216.614 8.668 11.026 OTHERS -1
8 136.520 214.676 8.103 10.330 OTHERS -1
9 484.809 214.191 8.592 10.594 OTHERS -1
10 91.841 218.207 8.477 11.107 OTHERS -1
11 192.494 213.761 7.409 9.077 OTHERS -1
12 56.573 219.082 7.910 10.165 OTHERS -1
