2 173.119 96.872 20.202 26.146 DXP 0
0 227.572 70.740 14.234 17.713 OTHERS -1
1 68.360 72.571 15.834 18.853 OTHERS -1
3 87.724 59.049 12.769 16.262 OTHERS -1
4 127.949 56.720 12.547 15.098 OTHERS -1
5 121.166 71.903 13.914 17.543 OTHERS -1
6 4.923 59.038 12.280 15.045 OTHERS -1
7 56.824 29.615 10.431 12.771 OTHERS -1
8 19.173 82.880 20.353 26.309 OTHERS 0
9 182.219 57.889 12.304 15.255 OTHERS -1
10 174.942 76.182 14.156 17.518 OTHERS -1
11 138.484 34.960 9.693 11.702 OTHERS -1
12 208.539 34.301 9.435 11.738 OTHERS -1
