1 285.256 180.588 50.668 60.390 DXP 0
0 592.384 118.989 55.421 74.645 OTHERS 1
2 323.042 28.698 35.430 45.634 OTHERS -1
3 226.380 131.663 40.079 45.773 OTHERS 0
4 205.279 65.276 28.250 33.879 OTHERS 0
5 416.401 29.402 33.680 43.610 OTHERS 0
6 264.686 5.124 26.436 34.876 OTHERS -1
7 413.786 135.221 43.070 55.862 OTHERS 0
8 400.500 71.321 41.314 56.410 OTHERS -1
9 25.742 8.109 23.787 31.946 OTHERS -1
10 564.623 57.705 34.426 51.100 OTHERS -1
11 87.091 70.430 26.137 32.211 OTHERS -1
12 403.197 16.392 23.449 34.877 OTHERS -1
13 154.963 6.328 14.762 17.503 OTHERS -1
14 133.933 19.026 15.908 20.874 OTHERS -1
15 45.032 134.096 29.859 31.261 OTHERS -1
16 0.633 20.861 20.271 35.273 OTHERS -1
17 114.938 57.690 19.068 24.140 OTHERS -1
18 183.525 33.515 21.615 24.796 OTHERS -1
19 69.777 1.143 18.670 15.467 OTHERS -1
