0 381.016 230.210 65.877 84.673 DXP 0
1 406.912 81.019 52.111 64.303 MZD 0
2 728.948 289.792 34.600 39.846 OTHERS 0
3 508.874 302.925 25.348 30.006 OTHERS 0
4 271.801 292.886 30.010 39.181 OTHERS 0
5 817.764 298.006 31.436 35.662 OTHERS 0
6 919.069 292.369 25.096 34.801 OTHERS -1
7 8.993 300.137 41.962 47.264 OTHERS 0
8 90.975 296.983 46.897 50.632 OTHERS 0
9 858.458 279.064 28.385 31.914 OTHERS 0
10 602.890 310.982 17.481 21.919 OTHERS -1
11 669.480 302.432 22.229 28.528 OTHERS -1
12 148.142 303.405 24.303 34.075 OTHERS -1
13 622.587 313.798 20.321 23.928 OTHERS -1
14 571.995 310.269 12.496 14.405 OTHERS -1
15 48.965 303.037 15.184 18.982 OTHERS -1
16 652.878 306.800 12.626 17.006 OTHERS -1
17 130.558 306.509 24.873 35.057 OTHERS -1
