0 209.869 41.852 31.009 40.603 JZM 0
2 138.711 72.880 28.284 34.677 DXP 0
1 273.191 40.497 27.150 33.543 OTHERS 0
3 12.748 71.928 25.727 32.349 OTHERS 0
4 74.990 68.374 22.322 30.492 OTHERS 0
5 51.245 26.112 16.643 21.036 OTHERS 0
6 92.718 17.207 18.978 23.475 OTHERS 0
7 198.674 65.042 20.964 30.380 OTHERS -1
8 141.314 12.111 20.872 24.401 OTHERS 0
9 95.942 106.382 20.189 26.893 OTHERS 0
10 280.241 1.499 21.039 27.775 OTHERS 0
11 151.037 51.015 22.191 27.718 OTHERS -1
12 228.766 10.836 19.288 25.833 OTHERS 0
13 14.633 29.536 16.816 22.533 OTHERS -1
14 107.825 55.991 19.607 23.786 OTHERS -1
