1 691.161 309.444 110.445 139.109 DXP 0
2 279.540 194.785 95.044 132.474 JZM 0
0 946.096 270.639 89.164 136.209 OTHERS 0
3 209.865 290.766 43.640 58.824 OTHERS 0
4 638.884 279.279 76.552 112.265 OTHERS 0
5 58.848 290.032 31.858 41.304 OTHERS -1
6 153.006 282.930 40.513 52.821 OTHERS -1
7 827.402 274.565 69.121 114.533 OTHERS -1
8 424.115 304.122 39.690 54.508 OTHERS 0
9 181.613 236.476 23.633 29.671 OTHERS -1
10 266.949 176.238 21.563 28.966 OTHERS -1
11 -0.511 269.852 34.115 58.634 OTHERS -1
12 35.788 161.927 24.027 31.817 OTHERS -1
13 207.128 182.716 20.991 29.333 OTHERS -1
