2 119.251 134.088 25.133 30.586 DXP 0
0 359.457 113.428 27.402 32.957 OTHERS 0
1 43.752 87.453 28.779 41.175 OTHERS 1
3 305.911 142.000 24.664 30.446 OTHERS 0
4 452.356 103.408 27.319 32.051 OTHERS 0
5 324.865 103.523 17.160 21.658 OTHERS 0
6 260.238 111.034 18.756 24.699 OTHERS 0
7 140.022 117.634 16.143 19.732 OTHERS 0
8 380.997 97.612 23.117 28.900 OTHERS 0
9 280.103 118.835 20.741 27.969 OTHERS 0
10 161.559 115.410 16.945 20.358 OTHERS -1
11 164.982 132.452 22.380 26.945 OTHERS 0
12 181.137 107.511 12.311 15.456 OTHERS -1
13 226.862 122.657 20.268 27.852 OTHERS 0
14 98.675 100.000 16.970 20.865 OTHERS -1
15 198.456 116.584 14.695 18.386 OTHERS -1
16 219.161 102.832 18.109 21.732 OTHERS -1
17 16.102 117.332 11.784 14.236 OTHERS -1
