4 160.349 49.188 21.525 26.546 DXP 0
0 115.705 114.095 25.407 33.242 OTHERS 0
1 2.977 41.029 22.674 27.181 OTHERS 1
2 190.799 41.976 18.054 23.895 OTHERS 0
3 226.633 65.605 16.377 20.088 OTHERS 0
5 255.417 114.333 21.517 27.803 OTHERS -1
6 90.198 31.362 18.594 23.366 OTHERS 0
7 320.369 53.299 21.158 23.407 OTHERS 0
8 64.511 26.977 18.366 22.125 OTHERS -1
9 387.242 31.938 14.255 22.314 OTHERS -1
10 308.836 25.665 15.206 18.543 OTHERS 0
11 248.174 29.235 16.783 21.822 OTHERS 0
12 346.083 42.598 20.047 28.422 OTHERS 1
13 218.460 31.032 18.885 25.322 OTHERS 0
14 115.894 34.802 20.154 24.563 OTHERS 0
