0 351.051 67.997 29.847 35.419 OTHERS -1
1 206.559 25.877 27.380 34.392 OTHERS -1
2 328.570 151.894 29.865 39.902 OTHERS -1
3 62.878 14.208 29.911 35.290 OTHERS -1
4 82.386 150.818 32.348 36.827 OTHERS -1
5 417.250 59.205 30.965 38.304 OTHERS -1
6 156.436 80.831 29.185 33.212 OTHERS -1
7 228.905 90.373 28.125 33.556 OTHERS -1
8 134.626 26.109 27.028 34.121 OTHERS -1
9 274.536 41.453 26.797 33.067 OTHERS -1
10 20.982 84.571 27.583 33.300 OTHERS -1
11 394.065 9.646 28.644 32.596 OTHERS -1
12 296.850 88.889 26.166 34.341 OTHERS -1
13 90.487 88.929 28.314 32.566 OTHERS -1
14 216.181 154.706 29.796 37.832 OTHERS -1
15 331.606 23.923 26.156 32.612 OTHERS -1
16 458.314 143.105 22.739 36.965 OTHERS -1
