0 332.742 130.141 56.582 70.451 OTHERS 0
1 97.554 109.817 54.985 68.901 OTHERS 0
2 31.932 120.744 34.884 41.408 OTHERS 0
3 222.671 90.251 29.458 42.024 OTHERS 0
4 173.182 115.215 34.534 44.284 OTHERS 0
5 360.684 93.173 30.003 35.627 OTHERS 0
6 79.989 77.981 32.155 37.542 OTHERS 0
7 116.802 53.968 28.544 35.473 OTHERS 0
8 405.442 53.158 28.233 34.583 OTHERS 0
9 271.513 54.827 27.928 35.768 OTHERS 0
10 147.701 161.509 39.057 50.057 OTHERS 0
11 484.241 98.950 20.967 39.750 OTHERS -1
12 372.105 172.410 32.916 48.710 OTHERS -1
