6 278.820 104.631 22.156 28.356 DXP 0
0 212.765 176.376 21.996 28.309 OTHERS 0
1 146.801 187.524 23.403 29.574 OTHERS 0
2 413.010 88.577 21.023 27.514 OTHERS -1
3 347.788 77.789 19.622 24.193 OTHERS 0
4 223.927 91.581 22.875 28.568 OTHERS 0
5 498.055 90.111 22.432 28.417 OTHERS 0
7 70.148 100.804 22.041 27.934 OTHERS 0
8 365.819 178.928 22.526 28.469 OTHERS 0
9 256.424 85.714 20.447 25.309 OTHERS 0
10 24.358 89.699 22.074 26.441 OTHERS -1
11 297.594 88.314 19.603 24.722 OTHERS -1
12 446.571 95.661 21.288 26.609 OTHERS 0
13 165.425 79.713 21.677 26.368 OTHERS 0
14 121.065 92.070 20.445 26.308 OTHERS 0
15 291.621 184.884 21.382 26.007 OTHERS -1
16 199.554 94.812 18.899 23.548 OTHERS 0
17 76.125 185.354 22.062 26.904 OTHERS -1
18 322.474 105.860 20.684 24.667 OTHERS 0
19 366.294 92.692 21.442 26.143 OTHERS -1
