0 410.861 168.102 16.412 20.059 OTHERS -1
1 88.593 173.505 14.087 18.289 OTHERS -1
2 347.219 159.541 12.809 16.483 OTHERS -1
3 253.029 154.442 11.351 13.570 OTHERS -1
4 330.280 181.219 14.431 18.326 OTHERS -1
5 426.775 159.287 12.937 16.107 OTHERS -1
6 488.222 160.588 17.756 22.806 OTHERS -1
7 145.802 195.780 14.536 18.253 OTHERS -1
8 45.425 168.992 13.750 17.227 OTHERS -1
9 506.818 157.352 13.053 16.573 OTHERS -1
10 390.131 159.890 12.753 16.056 OTHERS -1
11 315.540 148.157 11.446 14.079 OTHERS -1
12 169.519 153.510 11.751 14.819 OTHERS -1
13 265.204 178.449 15.487 20.419 OTHERS -1
14 468.924 153.159 13.060 15.918 OTHERS -1
15 131.391 154.087 11.900 15.144 OTHERS -1
16 195.632 160.686 10.945 14.403 OTHERS -1
17 14.404 175.689 11.292 14.868 OTHERS -1
18 85.244 152.964 11.104 14.112 OTHERS -1
19 227.159 161.568 10.226 13.113 OTHERS -1
20 108.546 162.612 11.306 14.003 OTHERS -1
