0 301.357 90.191 24.877 30.909 PLY 0
1 37.455 171.733 24.974 30.888 OTHERS 0
2 217.389 72.978 22.970 29.988 OTHERS 0
3 161.228 176.617 19.687 25.483 OTHERS 0
4 364.434 181.492 22.772 27.214 OTHERS 0
5 96.189 184.725 20.920 27.147 OTHERS 2
6 326.659 175.880 21.244 27.094 OTHERS 2
7 306.137 188.576 20.723 27.739 OTHERS 0
8 207.840 180.276 21.100 26.442 OTHERS 0
9 233.424 180.576 20.165 25.236 OTHERS 0
10 347.578 162.359 21.437 27.264 OTHERS 0
11 269.790 185.955 22.640 24.894 OTHERS 0
12 254.688 170.497 19.501 26.641 OTHERS 0
13 186.463 170.449 20.786 27.396 OTHERS 2
14 138.952 170.857 20.220 26.662 OTHERS -1
15 66.383 181.589 19.758 26.319 OTHERS -1
16 116.797 186.117 18.597 24.057 OTHERS -1
