0 164.255 61.229 33.179 39.052 XJP 0
1 340.988 85.333 26.469 34.302 PLY 0
2 402.342 98.263 24.956 30.005 OTHERS 2
3 256.468 77.328 22.475 29.418 OTHERS 0
4 61.497 111.932 16.661 19.530 OTHERS -1
5 116.781 140.761 18.960 20.300 OTHERS 0
6 436.387 99.637 21.465 26.331 OTHERS 2
7 66.578 140.272 20.454 21.666 OTHERS 2
8 226.850 108.335 12.043 15.262 OTHERS -1
9 27.390 143.911 17.562 18.463 OTHERS 0
10 309.238 122.371 12.129 14.092 OTHERS -1
11 476.644 109.664 11.003 13.260 OTHERS -1
12 496.110 141.500 9.159 11.000 OTHERS -1
