3 455.683 167.844 44.747 55.851 PLY 2
0 606.928 164.485 49.806 59.659 OTHERS 0
1 851.924 185.942 34.457 41.361 OTHERS -1
2 273.393 141.564 32.960 43.575 OTHERS 2
4 391.416 159.299 27.218 36.593 OTHERS -1
5 32.151 172.322 33.539 44.300 OTHERS 2
6 345.330 189.047 38.980 51.021 OTHERS 0
7 172.808 128.171 37.307 48.621 OTHERS 0
8 1.547 126.359 22.177 28.490 OTHERS -1
9 95.026 184.740 36.054 52.339 OTHERS 1
10 423.121 151.639 22.438 29.316 OTHERS -1
11 335.305 145.536 21.889 29.163 OTHERS -1
12 565.124 169.596 20.156 31.545 OTHERS -1
13 727.064 173.551 31.212 39.153 OTHERS -1
