2 264.960 154.592 12.455 16.531 PLY -1
0 465.168 141.838 12.647 14.746 OTHERS -1
1 444.290 151.025 12.521 15.496 OTHERS -1
3 0.325 154.043 10.996 14.982 OTHERS -1
4 146.043 156.500 11.178 14.079 OTHERS -1
5 114.075 161.569 12.021 15.678 OTHERS -1
6 351.176 144.655 12.189 15.474 OTHERS -1
7 86.836 145.311 11.867 15.936 OTHERS -1
8 510.814 144.858 12.571 15.297 OTHERS -1
9 411.518 151.258 11.579 14.224 OTHERS -1
10 321.891 143.250 13.687 16.225 OTHERS -1
11 180.937 165.785 12.151 13.897 OTHERS -1
