0 395.912 86.966 34.940 45.607 PLY 1
1 47.633 120.530 42.009 62.835 OTHERS 1
2 81.354 83.058 31.408 43.083 OTHERS 1
3 215.948 105.399 25.294 30.787 OTHERS 2
4 114.688 116.378 27.025 33.545 OTHERS 2
5 356.863 96.903 11.058 14.155 OTHERS -1
6 126.361 92.647 13.392 15.392 OTHERS -1
7 175.811 96.234 19.371 26.241 OTHERS 0
8 301.857 90.524 12.180 15.786 OTHERS -1
9 256.474 94.999 12.669 16.024 OTHERS -1
10 518.200 88.928 13.463 16.792 OTHERS -1
11 379.068 88.062 12.439 16.589 OTHERS -1
12 276.156 98.298 9.765 12.725 OTHERS -1
