3 263.123 95.718 25.178 31.364 PLY 0
0 80.718 113.053 26.535 34.447 OTHERS 0
1 166.335 115.016 25.221 30.313 OTHERS 0
2 475.384 98.627 25.000 30.158 OTHERS 2
4 368.995 92.384 23.201 28.940 OTHERS 0
5 13.808 77.545 22.868 27.738 OTHERS 2
6 247.211 57.586 14.895 17.481 OTHERS -1
7 161.053 54.130 12.258 16.121 OTHERS -1
8 440.684 102.304 21.679 27.256 OTHERS 0
9 363.464 56.054 13.185 17.710 OTHERS -1
10 180.191 71.033 20.171 25.008 OTHERS 0
11 428.336 70.260 11.985 15.397 OTHERS -1
12 524.241 57.297 16.457 19.492 OTHERS -1
13 144.852 53.586 11.540 16.148 OTHERS -1
14 520.968 88.114 16.899 19.496 OTHERS 2
15 313.701 51.259 15.137 19.889 OTHERS -1
16 300.124 65.345 17.279 21.928 OTHERS 2
17 453.635 68.495 12.772 16.552 OTHERS -1
18 118.755 50.836 19.419 24.903 OTHERS 2
19 323.344 97.864 20.778 24.925 OTHERS 0
20 -0.994 31.740 14.662 25.527 OTHERS -1
21 194.176 54.153 10.867 13.786 OTHERS -1
22 91.823 63.695 10.085 12.819 OTHERS -1
