1 254.092 122.930 48.411 61.529 PLY 1
0 387.666 205.465 49.343 75.001 OTHERS 1
2 340.289 52.738 34.870 36.422 OTHERS 0
3 21.234 87.825 35.459 42.510 OTHERS 2
4 621.829 43.900 33.629 36.297 OTHERS 2
5 574.869 34.954 29.379 33.890 OTHERS 1
6 503.713 3.767 37.853 47.354 OTHERS 0
7 236.147 30.949 31.237 32.339 OTHERS 0
8 333.825 186.530 40.190 50.267 OTHERS 2
9 24.758 225.913 45.500 48.933 OTHERS 0
10 168.801 113.560 27.904 31.677 OTHERS 0
11 157.324 37.745 30.764 37.182 OTHERS 2
12 400.796 0.630 30.772 42.316 OTHERS 2
13 266.404 5.878 26.340 30.713 OTHERS 0
14 124.924 26.354 26.012 32.642 OTHERS 2
15 400.510 57.725 43.119 50.768 OTHERS 2
16 205.218 29.458 26.881 30.935 OTHERS 0
17 305.191 29.055 29.803 35.283 OTHERS 0
18 570.626 90.147 43.693 46.419 OTHERS 2
19 6.343 164.310 27.891 47.582 OTHERS -1
20 612.320 223.741 44.622 86.435 OTHERS 2
21 98.302 87.118 42.862 50.081 OTHERS 2
22 61.023 25.059 25.259 28.867 OTHERS 0
23 366.465 0.043 25.619 30.465 OTHERS -1
24 0.270 63.815 27.210 40.732 OTHERS -1
25 0.652 18.186 22.380 30.130 OTHERS -1
26 539.450 29.118 21.761 29.792 OTHERS -1
27 436.061 40.457 35.300 39.952 OTHERS -1
28 469.299 193.490 35.888 68.413 OTHERS -1
