9 172.736 80.794 13.554 17.413 PLY 0
0 333.261 141.785 16.171 19.570 OTHERS 0
1 269.616 184.060 17.376 20.445 OTHERS 0
2 299.915 137.909 14.004 18.625 OTHERS 0
3 11.475 115.393 14.159 18.198 OTHERS -1
4 14.415 173.298 17.308 21.647 OTHERS 0
5 57.605 174.376 17.053 20.470 OTHERS 0
6 315.784 130.292 13.457 16.708 OTHERS -1
7 325.931 177.331 17.587 21.983 OTHERS 0
8 163.328 180.243 15.465 18.810 OTHERS 0
10 89.944 147.008 14.173 18.234 OTHERS 0
11 214.340 183.046 15.251 18.982 OTHERS 0
12 50.332 142.479 13.601 17.575 OTHERS -1
13 253.294 162.832 13.187 16.467 OTHERS -1
14 334.327 99.429 12.075 15.606 OTHERS -1
15 119.691 155.018 13.849 17.735 OTHERS -1
16 220.037 76.120 12.473 16.167 OTHERS -1
17 107.956 176.210 16.298 19.988 OTHERS 0
18 256.243 104.868 13.252 17.400 OTHERS -1
19 116.112 95.863 11.659 15.140 OTHERS -1
20 372.566 147.803 15.325 19.190 OTHERS 0
21 40.800 125.804 13.806 17.901 OTHERS -1
22 156.468 157.105 13.789 17.929 OTHERS -1
23 285.430 153.122 15.098 18.631 OTHERS 0
24 137.774 99.038 13.007 16.780 OTHERS -1
25 386.611 127.710 12.761 16.483 OTHERS -1
26 378.626 175.446 18.435 23.347 OTHERS 0
27 300.731 101.298 10.970 14.441 OTHERS -1
28 284.010 97.273 11.454 15.567 OTHERS -1
29 55.565 98.872 12.240 15.185 OTHERS -1
30 89.744 99.218 11.378 13.992 OTHERS -1
31 359.832 131.849 13.116 16.015 OTHERS -1
32 23.163 89.152 11.715 15.564 OTHERS -1
33 193.151 162.380 13.565 17.556 OTHERS -1
34 16.955 142.845 15.455 19.630 OTHERS 2
35 80.711 140.130 11.884 14.326 OTHERS -1
36 315.165 97.386 11.391 14.977 OTHERS -1
37 101.990 131.735 12.811 16.255 OTHERS -1
38 265.978 93.478 12.232 15.689 OTHERS -1
39 385.630 85.919 12.076 14.803 OTHERS -1
40 78.095 90.263 11.417 14.704 OTHERS -1
41 282.110 135.426 12.610 16.152 OTHERS -1
42 1.889 85.906 11.844 14.397 OTHERS -1
43 34.478 96.479 11.509 14.779 OTHERS -1
44 362.644 102.896 11.538 14.537 OTHERS -1
45 71.348 131.606 12.622 15.999 OTHERS -1
46 105.986 88.897 11.925 15.828 OTHERS -1
47 349.698 139.156 12.076 16.781 OTHERS -1
48 249.935 93.880 11.771 14.424 OTHERS -1
49 362.293 91.001 12.181 13.941 OTHERS -1
50 115.510 144.526 12.572 14.280 OTHERS -1
51 28.947 136.831 12.605 15.867 OTHERS -1
52 -1.017 133.115 11.374 18.941 OTHERS -1
53 51.166 90.084 11.079 13.437 OTHERS -1
