3 253.575 238.840 15.994 21.622 PLY -1
7 218.901 223.059 21.616 24.887 XJP 2
0 825.587 207.376 34.517 44.061 OTHERS 1
1 763.667 224.639 27.272 38.793 OTHERS 1
2 715.324 251.064 22.257 31.499 OTHERS 1
4 712.051 224.365 17.194 22.285 OTHERS -1
5 794.520 197.045 21.318 30.107 OTHERS -1
6 762.775 191.172 16.127 23.718 OTHERS -1
8 617.947 257.010 16.840 22.731 OTHERS -1
9 4.536 268.471 10.084 12.668 OTHERS -1
10 598.029 263.936 13.642 19.903 OTHERS -1
11 646.590 254.959 17.778 25.315 OTHERS -1
12 664.649 230.762 14.943 20.001 OTHERS -1
13 96.989 212.048 16.456 24.183 OTHERS -1
14 18.362 274.285 9.417 11.276 OTHERS -1
15 142.217 198.835 20.827 25.811 OTHERS 1
16 680.665 228.532 15.111 22.075 OTHERS -1
17 733.942 209.633 19.128 27.077 OTHERS -1
18 683.038 252.453 19.060 27.209 OTHERS -1
