3 559.689 174.314 43.690 68.146 PLY 1
0 814.454 180.848 58.991 87.598 OTHERS 2
1 389.350 166.515 33.667 41.137 OTHERS 0
2 667.481 263.706 64.456 90.973 OTHERS 1
4 240.432 170.448 27.942 30.981 OTHERS 2
5 457.409 195.256 45.653 51.835 OTHERS 0
6 532.527 209.596 31.026 48.085 OTHERS -1
7 509.223 191.207 27.734 30.413 OTHERS 2
8 632.096 176.584 34.312 49.608 OTHERS -1
9 748.495 183.226 39.848 49.877 OTHERS 2
10 275.332 174.127 20.436 38.799 OTHERS -1
11 725.365 187.856 21.303 28.364 OTHERS -1
12 464.552 341.524 31.779 44.824 OTHERS 1
13 372.912 307.724 24.115 27.025 OTHERS -1
