0 145.141 131.761 19.151 24.158 OTHERS -1
1 322.637 132.573 11.084 18.597 OTHERS -1
2 200.619 144.345 14.847 20.208 OTHERS -1
3 10.253 133.915 18.286 22.637 OTHERS -1
4 241.266 134.681 15.871 19.556 OTHERS -1
5 34.265 121.569 12.163 15.821 OTHERS -1
6 373.233 130.450 15.536 18.878 OTHERS -1
7 454.864 130.024 15.035 17.458 OTHERS -1
8 403.274 129.387 11.283 15.311 OTHERS -1
9 320.650 114.209 9.052 11.398 OTHERS -1
10 381.697 111.107 9.594 11.744 OTHERS -1
11 430.847 119.844 10.455 12.687 OTHERS -1
12 462.292 111.259 9.108 11.921 OTHERS -1
