0 310.494 69.347 22.485 30.806 PLY 1
1 246.014 61.759 21.655 32.990 XJP 1
2 176.821 66.642 23.147 28.209 OTHERS 2
3 119.515 91.442 21.833 31.602 OTHERS -1
4 376.183 46.914 17.471 20.640 OTHERS -1
5 268.265 52.777 17.711 21.790 OTHERS 0
6 69.228 95.681 17.934 22.753 OTHERS -1
7 297.265 61.563 14.771 18.807 OTHERS 0
8 354.554 67.793 21.539 25.297 OTHERS 2
9 154.748 71.386 10.924 15.754 OTHERS -1
10 128.497 65.417 13.032 15.961 OTHERS -1
11 46.954 87.609 18.796 26.930 OTHERS 1
12 334.151 45.856 17.208 19.216 OTHERS -1
13 42.230 71.091 16.194 20.826 OTHERS -1
