1 250.366 103.672 54.205 70.569 PLY 0
0 78.581 93.630 57.104 72.647 OTHERS 2
2 386.043 88.482 58.577 72.829 OTHERS 0
3 340.052 103.199 29.600 33.768 OTHERS -1
4 170.803 99.224 44.613 49.438 OTHERS 0
5 470.177 87.312 44.279 48.433 OTHERS -1
6 478.200 139.168 49.130 48.512 OTHERS -1
7 380.475 8.449 27.015 28.585 OTHERS 0
8 193.619 10.289 27.451 30.551 OTHERS -1
9 361.593 56.286 28.761 33.924 OTHERS -1
10 0.792 64.409 25.029 31.100 OTHERS -1
11 281.253 10.414 27.021 28.509 OTHERS -1
12 30.441 16.873 23.318 26.860 OTHERS -1
13 93.111 63.098 28.431 28.840 OTHERS -1
14 531.774 67.113 20.450 27.704 OTHERS -1
