2 388.848 119.604 30.694 48.835 PLY 1
0 316.873 136.888 31.504 34.509 OTHERS 0
1 462.117 183.054 45.572 62.675 OTHERS 1
3 517.835 126.782 27.471 35.059 OTHERS 2
4 563.670 122.261 41.262 64.393 OTHERS 2
5 437.919 123.648 23.810 33.243 OTHERS -1
6 269.019 116.731 24.416 27.815 OTHERS 0
7 367.721 146.652 23.055 31.902 OTHERS -1
8 352.756 132.196 18.169 21.088 OTHERS -1
9 166.562 118.037 20.347 21.964 OTHERS 2
10 502.786 130.442 14.930 20.624 OTHERS -1
11 189.849 120.405 15.205 26.160 OTHERS -1
12 257.238 212.820 18.770 20.197 OTHERS -1
