0 155.603 241.617 14.789 18.731 OTHERS -1
1 588.760 240.599 14.657 17.448 OTHERS -1
2 779.293 195.065 14.577 19.517 OTHERS -1
3 357.964 234.922 12.979 15.503 OTHERS -1
4 708.234 198.003 12.608 15.011 OTHERS -1
5 642.050 230.736 14.161 16.726 OTHERS -1
6 564.055 228.951 12.411 15.273 OTHERS -1
7 513.113 238.584 13.597 16.431 OTHERS -1
8 454.432 233.236 12.283 16.920 OTHERS -1
9 229.815 238.514 12.762 14.871 OTHERS -1
10 289.222 241.478 14.596 18.225 OTHERS -1
11 425.278 232.227 15.810 18.090 OTHERS -1
12 59.793 237.513 9.676 16.044 OTHERS -1
13 794.936 205.077 11.202 13.710 OTHERS -1
