2 273.884 128.573 31.126 46.869 PLY 1
0 415.950 133.285 32.362 39.861 OTHERS 1
1 553.429 196.146 46.119 72.248 OTHERS -1
3 347.453 140.323 24.186 28.595 OTHERS 0
4 480.550 135.759 30.751 43.772 OTHERS -1
5 465.655 147.447 26.224 35.739 OTHERS -1
6 86.076 154.053 24.343 29.036 OTHERS 2
7 376.500 119.590 24.444 35.502 OTHERS 1
8 1.090 158.390 23.191 27.449 OTHERS 0
9 316.409 144.659 21.629 27.696 OTHERS 0
10 542.947 102.957 35.069 51.109 OTHERS -1
11 217.838 142.460 21.370 29.608 OTHERS -1
12 130.344 162.282 20.195 25.675 OTHERS 2
13 306.642 156.569 15.034 21.569 OTHERS -1
14 68.323 162.789 9.270 11.771 OTHERS -1
