1 142.902 124.651 65.895 82.562 PLY 0
0 488.495 107.548 58.354 61.982 OTHERS 0
2 390.903 124.713 76.906 87.748 OTHERS 0
3 323.937 71.347 47.891 62.223 OTHERS 0
4 470.068 53.239 29.179 36.363 OTHERS 0
5 253.906 46.430 31.731 40.426 OTHERS 0
6 519.797 28.729 26.388 33.018 OTHERS 2
7 280.058 71.285 29.688 45.536 OTHERS 1
8 362.900 40.189 31.437 36.629 OTHERS 2
9 561.335 66.082 41.027 52.878 OTHERS 0
10 420.863 24.576 24.378 28.487 OTHERS -1
11 246.715 27.762 24.852 31.256 OTHERS -1
12 309.603 2.199 22.813 29.286 OTHERS 1
13 451.826 0.905 22.086 26.015 OTHERS -1
14 534.227 5.404 23.510 28.938 OTHERS -1
15 228.233 2.885 22.588 28.904 OTHERS -1
16 375.003 11.739 22.725 26.255 OTHERS -1
17 155.257 60.872 29.284 34.210 OTHERS -1
