10 275.916 147.402 60.866 101.039 PLY 1
0 569.208 155.674 56.160 72.389 OTHERS 0
1 859.907 140.014 63.557 71.841 OTHERS 0
2 142.313 164.057 53.849 64.645 OTHERS 0
3 24.099 195.022 55.595 66.974 OTHERS 2
4 749.207 149.641 54.121 71.231 OTHERS 0
5 399.338 174.556 54.881 67.505 OTHERS 2
6 483.388 182.351 55.521 67.454 OTHERS 0
7 323.983 111.814 51.450 63.194 OTHERS 0
8 476.709 119.037 47.573 56.080 OTHERS 0
9 624.988 112.002 56.303 89.250 OTHERS 1
11 795.354 135.044 46.107 64.806 OTHERS -1
12 97.551 175.959 32.291 45.403 OTHERS -1
13 403.966 135.634 37.528 45.234 OTHERS -1
