7 235.295 158.043 16.994 23.606 PLY 0
0 161.268 113.208 30.763 34.785 OTHERS 0
1 370.102 125.909 31.703 41.588 OTHERS 0
2 255.131 159.089 14.985 20.776 OTHERS -1
3 16.448 169.749 16.556 20.538 OTHERS 2
4 106.634 150.873 15.169 18.318 OTHERS -1
5 404.445 157.802 15.871 20.189 OTHERS -1
6 72.708 158.701 13.772 17.136 OTHERS -1
8 314.991 145.008 17.777 25.014 OTHERS 0
9 29.637 157.933 13.272 16.542 OTHERS -1
10 547.015 131.883 16.572 26.777 OTHERS -1
11 89.090 145.220 15.832 21.040 OTHERS -1
12 296.495 145.982 15.491 20.328 OTHERS -1
13 56.408 163.644 8.682 11.390 OTHERS -1
