10 269.016 84.707 22.292 30.825 PLY 1
0 140.233 217.350 29.133 36.475 OTHERS 0
1 31.724 71.403 30.041 40.440 OTHERS 1
2 463.899 225.456 30.024 31.575 OTHERS 0
3 225.999 211.061 29.853 33.063 OTHERS 2
4 294.362 184.262 25.642 32.794 OTHERS 2
5 360.968 183.368 26.386 32.814 OTHERS 2
6 430.121 109.707 24.658 30.013 OTHERS 1
7 64.514 196.733 27.549 38.611 OTHERS 1
8 366.096 102.507 24.028 29.649 OTHERS 2
9 112.258 260.579 29.102 41.583 OTHERS 1
11 184.026 106.896 24.149 28.110 OTHERS 2
12 465.121 92.479 23.324 27.514 OTHERS 1
13 319.577 97.897 22.917 28.425 OTHERS 2
14 227.069 91.365 21.943 28.789 OTHERS 0
15 131.706 104.007 22.366 25.697 OTHERS -1
16 85.078 78.971 20.742 29.778 OTHERS 1
17 398.072 91.250 21.357 25.885 OTHERS -1
18 358.434 81.113 20.225 25.979 OTHERS 2
19 181.776 88.791 19.907 24.330 OTHERS -1
20 137.937 77.677 19.830 26.655 OTHERS -1
