0 194.314 164.831 27.470 29.763 OTHERS -1
1 210.958 197.412 26.658 32.543 OTHERS -1
2 363.882 151.146 26.300 32.169 OTHERS -1
3 163.506 191.699 27.503 31.445 OTHERS -1
4 464.236 175.102 25.640 31.947 OTHERS -1
5 430.554 136.820 24.243 32.653 OTHERS -1
6 46.061 207.013 25.965 28.956 OTHERS -1
7 523.231 147.079 27.506 31.516 OTHERS -1
8 311.556 186.208 25.630 31.290 OTHERS -1
9 50.415 141.885 23.694 29.806 OTHERS -1
10 132.952 161.051 25.143 31.274 OTHERS -1
11 399.430 184.231 24.648 32.536 OTHERS -1
12 268.690 170.757 23.583 29.067 OTHERS -1
13 95.968 209.727 24.203 28.988 OTHERS -1
