0 243.760 180.415 15.413 18.479 XJP -1
1 183.116 179.747 15.351 18.497 OTHERS -1
2 484.284 169.771 13.732 17.831 OTHERS -1
3 197.816 175.890 13.696 18.820 OTHERS -1
4 452.119 179.970 13.926 15.949 OTHERS -1
5 215.854 183.219 11.350 13.635 OTHERS -1
6 506.873 170.947 12.259 19.085 OTHERS -1
7 441.716 182.174 10.002 12.737 OTHERS -1
8 15.999 228.026 9.094 10.669 OTHERS -1
9 401.293 186.156 10.113 12.721 OTHERS -1
10 67.169 223.896 10.386 12.185 OTHERS -1
11 557.182 158.811 10.964 18.384 OTHERS -1
12 388.228 187.137 10.443 12.829 OTHERS -1
