0 74.291 44.627 47.273 60.297 XJP 0
3 267.897 66.564 44.720 58.756 PLY 2
1 141.085 0.720 34.127 39.412 OTHERS 2
2 24.655 62.760 36.646 41.078 OTHERS 2
4 51.146 20.892 33.161 41.272 OTHERS -1
5 216.708 28.755 39.408 47.641 OTHERS 2
6 94.851 8.852 32.511 36.650 OTHERS -1
7 270.600 13.059 38.354 41.971 OTHERS -1
8 226.829 0.075 34.777 28.861 OTHERS -1
9 167.432 48.320 42.447 50.648 OTHERS 0
10 102.795 44.673 38.840 54.308 OTHERS -1
11 27.545 5.494 24.796 37.138 OTHERS -1
12 -0.562 87.291 21.298 35.878 OTHERS -1
