1 483.922 177.525 28.406 36.281 PLY 0
0 323.517 186.412 32.792 36.305 OTHERS 2
2 549.612 177.365 28.983 35.309 OTHERS 2
3 32.494 136.020 28.654 35.601 OTHERS 2
4 111.164 181.859 31.338 38.659 OTHERS 0
5 417.184 164.186 26.886 34.187 OTHERS 0
6 194.456 171.713 28.637 36.046 OTHERS 0
7 628.093 192.700 27.366 33.009 OTHERS 0
8 582.291 135.543 24.080 30.430 OTHERS 0
9 740.028 128.313 23.378 29.766 OTHERS -1
10 254.631 149.263 22.421 30.861 OTHERS 2
11 128.330 155.139 23.624 28.561 OTHERS -1
12 397.531 141.685 22.256 27.726 OTHERS -1
13 651.996 136.552 21.290 30.294 OTHERS -1
14 753.592 93.217 17.442 23.277 OTHERS -1
15 361.142 155.298 22.500 27.277 OTHERS -1
16 620.249 134.992 19.318 24.458 OTHERS -1
17 700.743 138.563 21.874 26.827 OTHERS -1
18 664.827 83.715 19.173 24.910 OTHERS -1
19 715.365 90.807 18.380 23.520 OTHERS -1
20 304.330 137.377 20.780 26.795 OTHERS -1
21 783.498 152.243 21.709 25.810 OTHERS -1
22 789.747 76.462 18.874 25.707 OTHERS -1
23 590.762 74.052 19.849 24.218 OTHERS -1
24 470.360 143.195 21.794 28.860 OTHERS -1
25 734.161 84.807 19.358 24.951 OTHERS -1
26 541.135 139.032 20.565 27.745 OTHERS -1
27 342.121 125.116 19.537 26.287 OTHERS -1
28 247.965 124.626 19.820 22.610 OTHERS -1
29 404.785 98.147 9.951 12.269 OTHERS -1
30 916.085 91.693 18.912 26.888 OTHERS -1
31 507.897 96.603 14.834 26.125 OTHERS -1
