11 248.830 240.993 9.241 11.634 PLY -1
0 613.929 237.193 9.773 12.862 OTHERS -1
1 516.555 246.151 9.985 12.457 OTHERS -1
2 116.374 236.075 9.644 12.467 OTHERS -1
3 485.939 232.087 9.458 12.184 OTHERS -1
4 57.219 233.844 9.869 12.680 OTHERS -1
5 180.641 237.505 9.635 12.327 OTHERS -1
6 20.457 223.418 9.368 11.752 OTHERS -1
7 217.083 238.392 9.544 11.923 OTHERS -1
8 89.009 236.071 9.304 11.874 OTHERS -1
9 343.412 233.949 9.785 12.613 OTHERS -1
10 547.915 238.337 9.268 12.105 OTHERS -1
12 370.487 239.606 9.264 11.879 OTHERS -1
13 428.536 243.190 9.405 11.861 OTHERS -1
14 277.041 239.839 8.936 11.431 OTHERS -1
15 403.028 233.710 9.094 11.250 OTHERS -1
16 155.014 239.108 8.464 10.710 OTHERS -1
17 312.027 238.265 8.846 10.778 OTHERS -1
18 578.331 245.247 8.717 10.418 OTHERS -1
