0 806.801 243.429 25.390 36.557 PLY 1
1 854.714 203.201 18.022 19.742 OTHERS -1
2 669.144 166.457 12.443 16.216 OTHERS -1
3 64.146 169.561 13.578 16.910 OTHERS -1
4 610.714 173.482 13.166 17.223 OTHERS -1
5 691.560 220.479 13.106 16.190 OTHERS -1
6 581.952 229.600 14.555 19.439 OTHERS -1
7 801.749 189.390 17.041 21.595 OTHERS -1
8 809.727 167.531 12.146 15.674 OTHERS -1
9 663.549 251.079 16.780 23.293 OTHERS 1
10 726.002 239.441 21.036 27.649 OTHERS 1
11 630.984 175.350 10.795 14.586 OTHERS -1
12 871.854 175.897 13.014 15.403 OTHERS -1
13 527.949 183.278 11.432 14.070 OTHERS -1
14 771.698 230.278 12.561 15.959 OTHERS -1
15 553.708 182.758 11.030 14.072 OTHERS -1
16 594.669 170.503 11.812 16.077 OTHERS -1
17 528.697 161.881 12.873 15.615 OTHERS -1
18 635.778 242.328 17.408 23.291 OTHERS -1
19 830.342 194.948 15.067 18.040 OTHERS -1
20 865.407 214.892 16.126 19.033 OTHERS -1
21 665.909 210.074 12.571 14.492 OTHERS -1
22 722.193 215.617 12.928 18.328 OTHERS -1
23 789.912 171.668 13.676 16.260 OTHERS -1
24 617.425 238.056 14.802 20.009 OTHERS -1
25 480.331 177.585 11.271 15.033 OTHERS -1
26 568.617 173.809 10.549 13.228 OTHERS -1
27 298.700 175.351 11.401 14.980 OTHERS -1
28 226.176 168.253 11.678 15.071 OTHERS -1
29 686.571 207.983 12.284 15.920 OTHERS -1
30 558.770 170.421 9.101 11.816 OTHERS -1
31 701.805 207.156 10.650 14.126 OTHERS -1
32 770.968 175.754 11.196 12.965 OTHERS -1
33 674.168 236.976 14.576 18.405 OTHERS -1
34 648.509 175.901 10.306 14.566 OTHERS -1
35 773.864 192.362 12.034 14.402 OTHERS -1
36 708.720 180.524 12.706 14.425 OTHERS -1
37 758.306 196.063 12.357 15.109 OTHERS -1
38 890.621 190.684 11.803 18.612 OTHERS -1
