1 531.525 140.498 63.475 92.068 PLY 1
0 717.610 284.187 57.494 71.104 OTHERS 0
2 532.502 436.852 83.388 140.605 OTHERS -1
3 19.498 329.932 62.741 85.288 OTHERS -1
4 106.474 166.457 40.723 49.389 OTHERS -1
5 424.819 279.493 44.954 48.466 OTHERS -1
6 745.653 226.438 51.552 54.043 OTHERS -1
7 708.953 255.864 30.547 35.245 OTHERS -1
8 215.815 243.503 28.337 35.486 OTHERS -1
9 212.584 371.769 46.672 101.833 OTHERS -1
10 335.695 267.406 29.332 37.177 OTHERS -1
11 454.464 216.117 26.692 33.733 OTHERS -1
12 797.895 236.274 25.368 38.683 OTHERS -1
13 109.894 362.880 44.386 76.297 OTHERS -1
14 405.039 272.038 30.648 43.078 OTHERS -1
15 377.054 249.571 26.429 33.111 OTHERS -1
16 331.295 237.439 26.332 30.309 OTHERS -1
