23 217.093 90.887 21.487 27.538 PLY 0
0 305.048 196.666 23.919 30.499 OTHERS 0
1 139.769 205.776 23.017 29.520 OTHERS 0
2 421.749 208.741 22.973 29.099 OTHERS 0
3 246.464 212.437 22.946 28.362 OTHERS 0
4 470.313 210.853 24.002 29.609 OTHERS 0
5 371.536 208.821 21.532 28.038 OTHERS 0
6 89.615 212.306 22.324 29.101 OTHERS 0
7 444.442 66.228 18.690 23.675 OTHERS 0
8 68.422 68.457 18.570 22.353 OTHERS 0
9 156.076 138.819 19.063 20.625 OTHERS 0
10 351.395 46.226 19.432 22.674 OTHERS 2
11 2.143 56.964 15.465 20.252 OTHERS -1
12 324.715 68.079 18.886 25.596 OTHERS 0
13 29.414 77.453 19.554 24.001 OTHERS 0
14 193.695 204.621 21.537 27.897 OTHERS 0
15 387.140 75.674 21.086 24.218 OTHERS -1
16 94.493 97.961 21.115 25.977 OTHERS 0
17 428.525 60.880 15.696 20.089 OTHERS -1
18 182.161 74.531 19.740 24.571 OTHERS 0
19 115.974 79.219 19.265 25.634 OTHERS 0
20 286.953 121.279 20.706 26.383 OTHERS 0
21 464.722 97.003 21.159 27.413 OTHERS 0
22 370.984 59.685 18.637 24.258 OTHERS 0
24 407.613 70.164 18.239 24.527 OTHERS 0
25 290.499 60.894 19.589 22.734 OTHERS 0
26 36.088 220.361 22.301 25.282 OTHERS 2
27 261.815 68.193 19.272 24.855 OTHERS 0
28 139.216 65.570 18.613 22.579 OTHERS 0
29 28.946 115.459 22.159 25.973 OTHERS 2
30 218.390 56.854 18.946 24.487 OTHERS 0
31 488.195 74.748 16.089 24.282 OTHERS -1
32 103.476 72.012 16.578 22.291 OTHERS -1
