0 269.265 70.792 36.392 45.955 PLY 1
1 401.888 77.847 28.093 36.803 OTHERS 2
2 309.481 82.664 27.422 30.661 OTHERS 0
3 491.047 65.875 29.298 34.162 OTHERS 2
4 2.206 28.981 26.022 34.002 OTHERS 2
5 196.338 55.433 36.628 49.338 OTHERS 1
6 444.467 92.253 23.515 28.064 OTHERS 2
7 382.264 87.119 19.351 24.915 OTHERS -1
8 360.270 101.473 16.580 21.683 OTHERS 0
9 39.472 52.580 20.598 25.968 OTHERS -1
10 117.136 43.102 20.911 26.886 OTHERS 2
11 63.591 70.140 19.429 21.658 OTHERS -1
12 336.547 93.268 16.346 22.575 OTHERS -1
