7 540.052 131.441 39.271 51.182 PLY 2
0 469.187 146.439 31.814 43.489 OTHERS 2
1 811.213 124.730 48.206 56.649 OTHERS 2
2 731.239 124.511 36.708 47.545 OTHERS 2
3 621.628 125.606 43.084 52.431 OTHERS 1
4 238.723 128.836 33.357 44.211 OTHERS 2
5 323.402 138.700 28.327 34.294 OTHERS 0
6 413.501 151.870 27.286 35.591 OTHERS -1
8 788.138 131.609 30.379 51.890 OTHERS -1
9 275.491 154.456 22.765 28.202 OTHERS -1
10 584.872 132.359 30.369 40.844 OTHERS -1
11 764.573 151.336 23.350 31.523 OTHERS -1
12 524.730 159.386 21.218 31.629 OTHERS -1
