21 217.367 90.830 21.207 27.608 PLY 0
0 305.095 197.021 23.791 30.926 OTHERS 0
1 139.750 205.915 22.912 29.965 OTHERS 0
2 422.071 208.446 22.790 29.262 OTHERS 0
3 2.092 56.843 16.219 20.436 OTHERS -1
4 470.259 211.616 23.910 29.249 OTHERS 0
5 246.860 212.617 22.591 27.815 OTHERS 0
6 444.533 66.453 18.817 24.068 OTHERS 0
7 351.808 46.118 19.209 22.645 OTHERS -1
8 371.300 208.826 21.634 28.801 OTHERS 0
9 69.139 69.203 17.930 21.831 OTHERS 0
10 89.395 213.245 22.291 28.140 OTHERS 0
11 155.995 139.493 18.734 20.196 OTHERS 0
12 287.133 120.901 20.651 27.180 OTHERS 0
13 324.978 68.448 18.445 25.354 OTHERS 0
14 94.258 97.202 21.315 26.954 OTHERS 0
15 371.447 60.482 18.372 23.263 OTHERS 0
16 29.482 77.668 18.994 23.849 OTHERS 0
17 116.209 79.276 18.912 25.558 OTHERS 0
18 428.314 60.810 16.057 19.587 OTHERS -1
19 182.172 74.588 19.294 24.191 OTHERS 0
20 193.947 204.919 21.319 27.219 OTHERS 0
22 407.792 70.519 18.139 24.122 OTHERS -1
23 387.675 75.653 20.524 25.082 OTHERS -1
24 29.346 115.243 21.191 26.950 OTHERS 0
25 290.481 61.112 19.851 22.899 OTHERS 0
26 465.380 96.982 20.320 27.257 OTHERS 0
27 36.129 219.495 22.989 26.674 OTHERS 0
28 261.630 68.683 19.507 24.914 OTHERS 0
29 139.427 65.543 18.427 22.705 OTHERS 0
30 488.202 75.224 15.728 23.693 OTHERS -1
31 218.636 57.017 18.939 24.301 OTHERS 0
