0 289.082 104.231 57.498 73.280 XJP 0
2 599.169 149.221 46.984 61.266 PLY 0
1 206.137 249.849 32.337 34.576 OTHERS 0
3 117.249 246.106 33.227 34.771 OTHERS 0
4 766.877 175.940 36.318 44.937 OTHERS 0
5 48.987 251.918 31.229 33.126 OTHERS 2
6 108.588 199.484 27.444 31.978 OTHERS -1
7 31.979 204.426 28.046 28.244 OTHERS -1
8 134.287 217.076 26.758 31.813 OTHERS -1
9 450.466 133.681 40.046 53.687 OTHERS 0
10 708.265 173.460 41.138 52.256 OTHERS 2
11 544.123 215.864 22.794 27.148 OTHERS -1
12 184.299 193.046 25.997 29.863 OTHERS -1
13 837.887 193.486 20.542 24.032 OTHERS -1
14 398.297 190.660 20.363 28.396 OTHERS -1
15 64.778 179.045 22.976 27.109 OTHERS -1
16 871.587 248.480 19.642 27.289 OTHERS -1
17 54.433 211.080 25.435 29.913 OTHERS -1
18 547.673 193.322 18.474 20.909 OTHERS -1
