1 185.104 123.595 30.446 36.736 XJP 0
3 403.553 137.523 27.721 38.955 PLY 1
0 535.757 146.166 30.411 35.541 OTHERS 2
2 94.747 157.252 31.062 34.867 OTHERS 0
4 157.690 145.327 24.806 29.860 OTHERS 0
5 318.835 158.297 14.586 18.820 OTHERS 2
6 296.877 243.226 23.921 28.216 OTHERS -1
7 287.245 197.786 21.887 25.420 OTHERS -1
8 220.514 149.368 20.438 23.421 OTHERS -1
9 360.449 166.248 19.350 26.019 OTHERS 1
10 44.052 171.235 16.659 17.090 OTHERS -1
11 322.735 199.520 20.125 25.507 OTHERS -1
12 306.998 169.306 9.612 13.796 OTHERS -1
