0 172.502 208.149 13.765 17.623 OTHERS -1
1 35.798 212.538 14.461 18.671 OTHERS -1
2 6.281 204.264 12.054 14.426 OTHERS -1
3 281.217 202.683 14.424 17.726 OTHERS -1
4 352.068 189.189 11.421 14.623 OTHERS -1
5 330.864 192.951 13.334 16.477 OTHERS -1
6 155.543 192.120 11.360 14.891 OTHERS -1
7 463.069 185.416 10.317 14.574 OTHERS -1
8 302.458 196.799 10.406 14.593 OTHERS -1
9 382.808 199.234 12.277 15.594 OTHERS -1
10 551.411 187.113 11.209 14.122 OTHERS -1
11 93.020 202.038 11.249 13.576 OTHERS -1
12 286.547 186.282 11.177 13.809 OTHERS -1
13 130.166 204.344 14.175 17.236 OTHERS -1
14 70.821 168.529 9.007 11.421 OTHERS -1
15 425.742 194.090 10.986 14.286 OTHERS -1
16 237.850 201.374 13.761 19.341 OTHERS -1
17 112.985 198.975 8.493 11.371 OTHERS -1
18 259.883 194.379 9.544 12.781 OTHERS -1
19 173.957 194.970 9.455 11.432 OTHERS -1
20 248.740 163.571 7.875 9.708 OTHERS -1
