0 260.760 145.484 15.552 20.334 OTHERS -1
1 131.353 154.751 13.803 15.579 OTHERS -1
2 288.140 110.533 12.787 15.553 OTHERS -1
3 278.919 151.771 14.533 18.048 OTHERS -1
4 325.119 149.893 14.487 18.578 OTHERS -1
5 412.240 141.896 16.848 22.002 OTHERS -1
6 28.496 149.951 13.186 16.758 OTHERS -1
7 155.822 139.672 13.360 17.637 OTHERS -1
8 173.952 118.262 13.218 16.013 OTHERS -1
9 380.707 136.771 13.190 17.827 OTHERS -1
10 401.580 117.500 14.661 17.975 OTHERS -1
11 47.731 112.684 13.873 17.769 OTHERS -1
12 186.385 146.892 14.117 19.413 OTHERS -1
13 349.456 144.188 12.725 16.114 OTHERS -1
14 455.408 157.985 12.939 16.876 OTHERS -1
15 252.156 116.496 12.872 16.997 OTHERS -1
16 419.135 130.017 14.189 17.651 OTHERS -1
17 133.200 108.606 13.220 16.110 OTHERS -1
18 195.628 132.677 12.574 16.595 OTHERS -1
19 457.301 141.747 14.023 17.267 OTHERS -1
20 62.534 143.179 12.775 17.216 OTHERS -1
21 446.569 113.134 13.691 17.487 OTHERS -1
22 89.029 152.040 13.473 17.256 OTHERS -1
23 367.283 157.822 12.873 16.105 OTHERS -1
24 325.010 114.188 13.168 14.941 OTHERS -1
25 85.243 125.004 12.800 16.290 OTHERS -1
26 400.254 155.033 12.882 15.923 OTHERS -1
27 233.135 154.921 13.890 17.940 OTHERS -1
28 218.474 111.687 12.756 14.068 OTHERS -1
29 310.045 147.859 12.451 16.159 OTHERS -1
30 158.797 166.622 11.686 15.675 OTHERS -1
31 97.761 142.204 13.602 16.935 OTHERS -1
32 117.806 164.198 15.659 20.031 OTHERS -1
33 314.656 161.144 12.218 16.538 OTHERS -1
34 361.864 121.295 12.382 13.908 OTHERS -1
35 199.405 159.389 9.337 11.993 OTHERS -1
