1 229.829 140.427 22.148 32.806 PLY 1
0 99.255 165.519 27.141 33.390 OTHERS 1
2 546.839 126.225 22.129 34.637 OTHERS -1
3 448.060 150.430 15.827 19.396 OTHERS -1
4 166.328 143.477 18.650 22.943 OTHERS -1
5 387.598 151.475 16.748 20.263 OTHERS -1
6 426.183 144.407 17.772 21.526 OTHERS -1
7 653.816 147.945 13.709 16.594 OTHERS -1
8 502.644 140.383 19.035 21.523 OTHERS -1
9 318.972 124.492 20.043 26.838 OTHERS -1
10 284.495 138.945 16.302 19.808 OTHERS -1
11 152.280 150.507 10.633 15.353 OTHERS -1
12 271.710 150.555 10.722 13.767 OTHERS -1
