27 513.587 354.278 12.316 15.792 PLY -1
42 457.716 344.441 13.626 16.643 XJP -1
0 239.066 346.575 13.451 17.222 OTHERS -1
1 104.044 355.491 12.752 15.818 OTHERS -1
2 564.526 351.671 12.286 15.775 OTHERS -1
3 868.330 351.792 11.991 15.219 OTHERS -1
4 705.216 347.197 13.232 17.252 OTHERS -1
5 849.162 315.223 12.188 14.892 OTHERS -1
6 64.581 362.370 13.134 15.592 OTHERS -1
7 367.523 342.112 12.954 17.195 OTHERS -1
8 263.832 319.288 12.042 14.900 OTHERS -1
9 656.225 359.947 11.777 14.817 OTHERS -1
10 323.815 359.692 12.561 15.314 OTHERS -1
11 723.038 335.978 12.673 15.404 OTHERS -1
12 833.559 340.149 13.484 16.646 OTHERS -1
13 754.160 354.894 11.968 16.153 OTHERS -1
14 280.139 360.478 12.119 15.711 OTHERS -1
15 789.648 343.541 11.703 14.520 OTHERS -1
16 593.625 343.640 11.265 14.511 OTHERS -1
17 767.296 316.219 11.729 14.452 OTHERS -1
18 152.197 332.004 11.426 14.358 OTHERS -1
19 339.538 338.890 11.398 14.660 OTHERS -1
20 945.164 336.316 13.536 16.546 OTHERS -1
21 21.363 343.284 14.046 16.333 OTHERS -1
22 441.690 331.860 11.526 14.299 OTHERS -1
23 906.094 351.271 11.953 15.232 OTHERS -1
24 379.587 336.837 12.115 15.121 OTHERS -1
25 737.186 321.960 11.200 14.018 OTHERS -1
26 141.688 353.107 12.707 15.682 OTHERS -1
28 297.639 321.976 11.423 14.339 OTHERS -1
29 186.439 350.935 13.691 16.478 OTHERS -1
30 593.164 321.978 11.082 13.343 OTHERS -1
31 375.129 319.018 11.599 14.395 OTHERS -1
32 503.636 329.850 10.764 14.142 OTHERS -1
33 303.537 334.659 11.460 13.927 OTHERS -1
34 685.765 324.622 12.592 15.911 OTHERS -1
35 614.287 347.179 12.786 16.707 OTHERS -1
36 464.781 319.440 10.734 13.152 OTHERS -1
37 763.711 344.780 11.701 15.205 OTHERS -1
38 554.610 319.022 11.948 14.776 OTHERS -1
39 190.706 311.286 12.029 14.607 OTHERS -1
40 225.857 333.626 11.661 13.810 OTHERS -1
41 420.972 321.935 11.493 14.733 OTHERS -1
43 409.834 350.979 13.124 16.190 OTHERS -1
44 411.372 326.578 12.382 15.615 OTHERS -1
45 802.618 327.606 12.382 14.493 OTHERS -1
46 110.672 342.948 11.857 13.893 OTHERS -1
47 486.874 342.712 11.655 14.437 OTHERS -1
48 224.166 317.284 10.504 12.847 OTHERS -1
49 193.100 338.337 11.231 13.506 OTHERS -1
50 631.371 330.082 10.448 13.703 OTHERS -1
51 274.754 340.393 11.059 14.231 OTHERS -1
52 557.995 340.850 12.927 15.428 OTHERS -1
53 646.122 337.192 12.501 14.622 OTHERS -1
54 666.679 312.967 11.747 14.909 OTHERS -1
55 804.335 314.767 11.996 14.510 OTHERS -1
