3 463.438 173.822 52.179 67.430 PLY 2
0 70.035 202.356 63.701 80.918 OTHERS 2
1 657.104 155.504 59.098 76.150 OTHERS 2
2 262.433 154.039 53.994 71.451 OTHERS 2
4 819.971 182.110 53.307 58.593 OTHERS 2
5 -0.481 105.374 52.970 70.973 OTHERS 2
6 335.835 247.777 32.637 40.332 OTHERS 0
7 383.082 244.450 27.127 39.668 OTHERS 0
8 601.296 217.600 38.664 49.707 OTHERS 0
9 502.684 226.152 26.934 35.536 OTHERS 0
10 135.755 206.176 33.055 40.180 OTHERS 2
11 182.826 213.483 40.527 49.447 OTHERS -1
12 882.087 113.012 92.624 91.497 OTHERS 2
13 285.735 218.027 37.183 44.182 OTHERS -1
