8 302.918 76.011 35.089 53.029 PLY 1
0 459.750 82.728 35.849 43.058 OTHERS 1
1 610.703 151.389 51.548 81.223 OTHERS 1
2 94.370 104.266 27.278 32.200 OTHERS 2
3 384.348 89.483 27.069 31.270 OTHERS 2
4 515.187 97.989 26.712 36.826 OTHERS -1
5 416.572 66.600 26.474 38.877 OTHERS -1
6 0.976 109.651 24.639 29.911 OTHERS 0
7 349.824 93.575 23.377 31.464 OTHERS 0
9 240.952 91.754 23.641 33.223 OTHERS 1
10 601.045 47.712 38.558 56.328 OTHERS -1
11 143.306 114.459 22.226 27.544 OTHERS 0
12 534.382 82.029 34.333 51.684 OTHERS 1
13 339.256 108.337 16.643 24.044 OTHERS -1
14 75.339 115.127 9.415 11.686 OTHERS -1
