3 393.332 168.663 70.291 96.532 PLY 0
0 286.536 166.057 58.227 64.811 OTHERS 2
1 164.436 158.464 74.088 93.401 OTHERS 0
2 778.599 351.532 70.556 72.199 OTHERS 0
4 679.926 149.755 57.731 60.349 OTHERS -1
5 689.237 214.982 67.561 67.394 OTHERS -1
6 800.329 61.617 34.673 38.333 OTHERS -1
7 563.722 46.857 34.568 34.266 OTHERS -1
8 571.309 149.297 81.270 101.982 OTHERS 0
9 215.678 55.812 30.944 36.301 OTHERS -1
10 433.350 51.673 34.175 34.800 OTHERS -1
11 764.522 126.481 30.701 34.282 OTHERS -1
12 538.051 110.953 35.565 41.021 OTHERS -1
13 685.601 56.289 31.025 34.213 OTHERS -1
14 315.734 49.090 35.132 37.586 OTHERS -1
15 59.673 124.136 31.353 36.712 OTHERS -1
16 509.559 169.994 36.396 43.427 OTHERS -1
17 804.211 162.878 59.487 105.136 OTHERS -1
