0 215.342 160.807 25.402 27.347 PLY 2
1 489.874 156.393 23.579 25.522 OTHERS -1
2 75.688 195.912 15.570 18.127 OTHERS 2
3 427.060 116.424 22.789 27.065 OTHERS -1
4 164.617 135.800 11.549 15.001 OTHERS -1
5 110.054 171.571 19.661 20.718 OTHERS -1
6 247.816 199.876 18.379 19.377 OTHERS 0
7 133.545 137.777 11.294 14.724 OTHERS -1
8 263.051 152.999 20.069 23.704 OTHERS 0
9 455.362 177.689 19.914 22.781 OTHERS -1
10 278.401 193.866 19.639 22.488 OTHERS 0
11 90.938 142.390 11.463 16.176 OTHERS -1
12 199.222 129.526 13.566 16.875 OTHERS -1
13 141.407 194.457 14.740 21.047 OTHERS -1
14 228.229 106.974 16.101 16.833 OTHERS 2
