0 196.312 111.551 11.569 12.707 OTHERS -1
1 260.736 105.062 11.012 13.613 OTHERS -1
2 246.918 99.998 10.193 13.476 OTHERS -1
3 88.686 109.427 10.962 14.214 OTHERS -1
4 460.664 97.513 9.983 12.734 OTHERS -1
5 77.405 97.922 9.425 12.341 OTHERS -1
6 57.360 110.120 10.187 12.811 OTHERS -1
7 370.685 107.843 10.786 13.561 OTHERS -1
8 310.523 104.050 9.389 11.719 OTHERS -1
9 293.797 110.048 9.974 11.990 OTHERS -1
10 346.109 85.160 9.646 11.932 OTHERS -1
11 218.388 105.775 9.041 11.898 OTHERS -1
12 398.183 114.860 9.935 12.452 OTHERS -1
13 398.696 94.489 9.673 11.866 OTHERS -1
14 436.819 89.319 9.403 11.724 OTHERS -1
15 452.154 114.588 10.781 13.562 OTHERS -1
16 487.332 109.156 9.790 12.685 OTHERS -1
17 276.363 94.626 9.329 12.055 OTHERS -1
18 164.702 95.497 9.514 12.115 OTHERS -1
19 191.212 97.878 10.679 13.254 OTHERS -1
20 262.111 89.381 8.715 11.138 OTHERS -1
21 154.481 90.259 9.059 11.661 OTHERS -1
22 180.853 88.648 9.211 11.296 OTHERS -1
23 424.302 106.741 9.867 12.377 OTHERS -1
24 328.818 75.129 8.230 10.447 OTHERS -1
25 94.344 90.997 8.850 11.179 OTHERS -1
26 419.225 82.747 8.453 10.912 OTHERS -1
27 316.428 82.946 8.785 11.012 OTHERS -1
28 375.414 85.967 9.267 11.590 OTHERS -1
29 228.264 105.249 9.910 13.178 OTHERS -1
30 167.235 114.114 10.169 12.578 OTHERS -1
31 124.420 91.311 8.969 11.555 OTHERS -1
32 134.871 111.142 11.020 14.048 OTHERS -1
33 228.447 74.488 8.572 11.174 OTHERS -1
34 111.500 106.263 9.452 12.148 OTHERS -1
35 331.635 103.429 9.896 12.577 OTHERS -1
36 148.897 67.955 8.568 10.849 OTHERS -1
37 209.297 84.646 8.777 11.340 OTHERS -1
38 200.051 78.175 8.484 10.570 OTHERS -1
39 276.454 76.986 8.321 10.443 OTHERS -1
40 291.627 88.036 8.974 11.023 OTHERS -1
41 172.584 65.267 8.388 10.779 OTHERS -1
42 264.853 70.936 7.884 9.993 OTHERS -1
43 367.692 69.615 8.121 10.252 OTHERS -1
44 195.962 66.788 8.454 10.821 OTHERS -1
45 355.752 74.573 9.354 11.570 OTHERS -1
46 171.132 78.882 8.883 11.024 OTHERS -1
47 387.104 79.210 8.127 10.288 OTHERS -1
48 338.744 100.408 9.069 11.740 OTHERS -1
49 113.442 86.902 7.988 10.233 OTHERS -1
50 252.397 78.895 7.624 10.059 OTHERS -1
51 393.211 71.477 7.980 10.054 OTHERS -1
52 340.513 71.488 7.966 10.549 OTHERS -1
53 409.328 87.942 8.453 10.669 OTHERS -1
54 236.576 93.664 8.528 10.480 OTHERS -1
55 136.583 95.488 8.633 11.532 OTHERS -1
56 415.478 83.770 8.531 11.117 OTHERS -1
57 142.644 86.369 7.863 9.902 OTHERS -1
58 245.294 76.141 7.697 9.876 OTHERS -1
59 132.100 75.435 7.776 9.829 OTHERS -1
60 332.979 73.831 8.095 10.590 OTHERS -1
