1 283.014 89.293 26.283 31.231 XJP 0
8 398.758 107.866 21.819 28.470 PLY 0
0 103.714 267.620 56.449 90.014 OTHERS 1
2 318.188 74.907 23.905 29.358 OTHERS 0
3 70.900 101.192 23.484 28.134 OTHERS 0
4 167.870 104.817 22.959 30.551 OTHERS 0
5 358.505 65.880 18.817 20.836 OTHERS 2
6 222.967 73.477 23.773 29.408 OTHERS 0
7 36.494 68.292 22.841 28.258 OTHERS 0
9 174.341 51.220 18.927 23.648 OTHERS 0
10 402.078 54.504 18.045 22.460 OTHERS -1
11 453.757 107.749 21.981 28.046 OTHERS 0
12 528.894 30.513 16.675 23.000 OTHERS 2
13 523.639 86.147 16.045 20.521 OTHERS -1
14 151.662 43.043 13.903 19.164 OTHERS -1
15 120.394 87.871 20.506 27.341 OTHERS 0
16 181.971 88.402 22.034 27.429 OTHERS -1
17 163.108 72.994 18.999 23.873 OTHERS 0
18 424.173 60.557 21.079 25.773 OTHERS 2
19 233.304 21.232 11.011 14.623 OTHERS -1
20 452.251 73.608 11.305 18.544 OTHERS -1
21 434.509 40.567 14.895 16.410 OTHERS -1
22 326.737 47.895 13.744 20.457 OTHERS -1
23 340.587 57.814 14.534 19.634 OTHERS -1
24 100.627 63.196 15.552 17.497 OTHERS -1
25 503.749 54.309 18.145 24.712 OTHERS -1
26 272.399 35.842 14.271 18.795 OTHERS -1
27 299.492 70.308 16.522 22.200 OTHERS -1
28 56.428 66.642 15.537 21.630 OTHERS -1
29 183.493 17.959 11.224 14.180 OTHERS -1
30 220.035 26.314 10.895 13.727 OTHERS -1
31 312.391 50.358 15.348 20.237 OTHERS -1
32 106.376 78.733 19.593 26.874 OTHERS -1
