0 390.955 15.552 28.270 31.171 OTHERS -1
1 194.975 46.742 28.876 33.403 OTHERS -1
2 553.749 51.347 30.390 32.306 OTHERS -1
3 416.970 78.029 26.163 29.410 OTHERS -1
4 344.140 64.933 29.743 30.991 OTHERS -1
5 122.848 58.115 26.254 30.837 OTHERS -1
6 275.576 80.809 26.636 30.493 OTHERS -1
7 50.341 58.410 26.377 29.188 OTHERS -1
8 316.986 14.641 25.590 30.177 OTHERS -1
9 480.978 82.921 24.685 28.637 OTHERS -1
10 248.391 25.038 24.866 29.561 OTHERS -1
11 468.345 20.366 24.330 27.747 OTHERS -1
12 529.739 27.234 23.468 26.403 OTHERS -1
13 27.808 31.782 24.463 28.514 OTHERS -1
14 169.595 17.250 23.811 26.701 OTHERS -1
15 104.106 29.414 23.639 26.969 OTHERS -1
