0 127.614 101.543 54.261 66.097 OTHERS -1
1 346.827 55.379 58.660 82.463 OTHERS -1
2 417.447 45.119 53.402 70.947 OTHERS -1
3 182.221 17.550 58.453 71.447 OTHERS -1
4 66.329 60.267 50.242 69.162 OTHERS -1
5 309.456 79.424 28.052 35.426 OTHERS -1
6 230.508 60.537 42.814 54.430 OTHERS -1
7 252.696 1.243 24.265 29.222 OTHERS -1
8 144.926 2.441 21.905 28.855 OTHERS -1
9 320.981 4.509 19.552 24.451 OTHERS -1
10 112.512 12.651 22.827 26.592 OTHERS -1
11 347.151 -0.406 23.752 17.547 OTHERS -1
12 0.408 13.699 18.280 21.602 OTHERS -1
13 47.044 9.233 20.913 25.015 OTHERS -1
