0 226.411 44.202 28.340 34.439 XJP 0
2 395.087 59.034 24.575 31.315 PLY 2
1 134.727 51.696 25.299 31.711 OTHERS 2
3 79.283 44.740 25.422 30.764 OTHERS 0
4 360.849 53.928 19.404 22.990 OTHERS 0
5 354.394 34.662 15.781 17.661 OTHERS -1
6 308.861 35.878 16.055 20.478 OTHERS 2
7 168.069 19.892 19.546 24.181 OTHERS 0
8 382.684 14.416 16.360 20.996 OTHERS 0
9 432.231 24.279 18.293 23.970 OTHERS 0
10 324.688 29.431 17.234 22.872 OTHERS -1
11 477.406 26.076 20.789 25.921 OTHERS 0
12 416.077 13.395 11.775 14.760 OTHERS -1
13 451.027 52.919 20.242 25.695 OTHERS 0
14 95.502 30.772 21.275 26.464 OTHERS -1
15 205.218 31.977 19.855 25.730 OTHERS 0
16 500.517 26.745 15.004 21.305 OTHERS -1
17 457.420 17.186 10.234 14.731 OTHERS -1
18 360.326 5.698 11.064 14.638 OTHERS -1
19 419.757 48.540 15.869 21.690 OTHERS -1
20 408.996 36.447 17.813 21.375 OTHERS -1
