2 394.531 127.003 66.108 92.035 PLY 0
0 73.082 147.464 55.093 73.898 OTHERS 2
1 747.017 356.106 58.068 76.102 OTHERS -1
3 728.016 454.424 112.057 180.315 OTHERS 1
4 266.286 104.749 46.102 60.441 OTHERS 0
5 719.966 107.000 45.521 58.162 OTHERS 0
6 0.065 131.384 53.790 88.273 OTHERS 1
7 316.952 158.308 33.653 39.728 OTHERS -1
8 735.040 307.548 48.824 63.994 OTHERS 1
9 189.347 120.373 69.941 101.004 OTHERS 1
10 528.679 162.137 43.162 62.704 OTHERS 1
11 239.217 158.203 48.720 70.204 OTHERS -1
12 874.546 358.045 75.414 114.401 OTHERS -1
13 365.872 168.081 28.928 36.575 OTHERS -1
