0 264.470 109.908 57.176 75.556 PLY 0
1 83.592 100.108 60.261 77.046 OTHERS 0
2 408.433 95.563 64.685 77.071 OTHERS 0
3 181.601 105.116 45.962 53.599 OTHERS 0
4 505.279 145.805 53.612 54.403 OTHERS 2
5 204.975 12.389 29.612 31.856 OTHERS 0
6 382.513 60.682 30.358 36.401 OTHERS -1
7 360.619 111.260 30.987 34.720 OTHERS -1
8 497.928 92.807 45.621 49.142 OTHERS -1
9 402.926 10.183 27.281 29.001 OTHERS 0
10 297.515 11.959 28.185 29.920 OTHERS -1
11 563.185 72.295 21.801 28.953 OTHERS -1
12 1.502 71.860 24.679 30.228 OTHERS -1
13 31.769 18.173 25.670 29.639 OTHERS -1
14 98.142 68.467 29.287 27.434 OTHERS -1
15 502.317 14.150 26.275 29.719 OTHERS -1
