19 343.594 139.077 11.672 15.173 PLY -1
0 106.893 229.311 16.776 19.233 OTHERS 2
1 52.506 228.117 17.879 19.101 OTHERS -1
2 439.121 232.718 14.619 17.353 OTHERS -1
3 202.761 225.370 14.028 17.345 OTHERS -1
4 481.315 233.931 13.107 16.129 OTHERS -1
5 286.834 220.973 14.533 17.969 OTHERS -1
6 514.345 228.872 13.971 16.953 OTHERS -1
7 321.090 223.378 16.126 18.555 OTHERS 2
8 7.799 194.121 13.105 15.118 OTHERS -1
9 108.251 175.666 12.679 16.309 OTHERS -1
10 361.615 225.107 13.983 17.367 OTHERS -1
11 401.760 226.233 14.555 18.908 OTHERS -1
12 41.134 195.789 10.778 13.764 OTHERS -1
13 242.772 227.722 14.966 18.244 OTHERS -1
14 70.708 174.898 12.278 13.297 OTHERS -1
15 457.265 184.291 11.273 14.277 OTHERS -1
16 157.540 225.468 14.708 16.993 OTHERS 0
17 126.732 135.104 12.056 15.396 OTHERS -1
18 419.978 140.010 11.358 13.754 OTHERS -1
20 193.127 185.005 11.343 14.153 OTHERS -1
21 232.415 183.424 11.271 14.995 OTHERS -1
22 469.712 128.875 12.906 16.247 OTHERS -1
23 514.492 144.786 11.064 12.887 OTHERS -1
24 388.812 178.669 11.683 14.755 OTHERS -1
25 311.436 186.511 11.735 15.256 OTHERS -1
26 547.909 227.831 15.684 17.864 OTHERS -1
27 276.304 182.876 10.952 14.623 OTHERS -1
28 354.402 181.648 11.306 14.776 OTHERS -1
29 519.838 184.914 11.737 15.434 OTHERS -1
30 566.459 175.154 11.266 14.911 OTHERS -1
31 594.447 229.472 14.842 18.879 OTHERS -1
32 636.812 193.587 11.878 14.656 OTHERS -1
33 423.188 189.583 11.677 15.576 OTHERS -1
34 146.537 185.435 11.851 15.218 OTHERS -1
35 486.988 181.601 10.997 14.466 OTHERS -1
36 219.011 146.053 11.694 13.321 OTHERS -1
37 601.462 190.771 11.026 11.557 OTHERS -1
38 375.670 151.944 10.495 12.849 OTHERS -1
39 304.007 153.905 9.312 12.442 OTHERS -1
40 255.291 134.259 11.009 13.859 OTHERS -1
41 611.898 161.337 10.505 13.402 OTHERS -1
