19 434.386 160.849 21.809 27.600 PLY 0
0 48.564 175.123 30.261 33.189 OTHERS 0
1 624.056 229.889 25.462 28.389 OTHERS 0
2 596.941 151.905 25.310 30.466 OTHERS 0
3 851.295 236.366 27.531 31.262 OTHERS 0
4 131.422 160.182 27.471 30.715 OTHERS 0
5 306.523 228.846 23.818 30.407 OTHERS 0
6 699.319 221.601 25.608 31.220 OTHERS 0
7 554.024 241.133 25.637 30.103 OTHERS 0
8 371.174 254.318 22.914 30.730 OTHERS 0
9 548.986 168.260 24.019 29.093 OTHERS 0
10 255.926 164.081 24.747 27.976 OTHERS 0
11 452.374 247.557 23.457 29.667 OTHERS 2
12 773.490 169.251 25.033 27.860 OTHERS 0
13 237.300 238.353 22.508 30.987 OTHERS 0
14 763.669 230.835 25.730 30.274 OTHERS 0
15 190.307 171.174 23.432 28.780 OTHERS 0
16 313.828 169.087 24.025 28.286 OTHERS 0
17 652.593 163.386 23.161 26.870 OTHERS 0
18 513.321 166.565 21.774 23.778 OTHERS 0
20 706.885 165.214 22.893 26.228 OTHERS 0
21 370.160 174.801 22.699 25.963 OTHERS 0
22 496.506 187.205 20.649 26.398 OTHERS 0
