0 732.698 105.785 57.130 79.772 PLY 2
1 436.710 111.055 61.275 87.299 OTHERS 0
2 535.004 167.994 27.440 32.850 OTHERS -1
3 811.114 175.894 24.484 30.398 OTHERS -1
4 9.491 177.738 28.386 33.901 OTHERS -1
5 196.880 171.500 27.373 31.926 OTHERS -1
6 305.657 184.475 27.744 30.710 OTHERS -1
7 513.332 170.963 24.504 33.387 OTHERS -1
8 364.705 174.198 24.711 28.225 OTHERS -1
9 863.542 173.981 25.975 31.334 OTHERS -1
10 172.375 179.632 23.939 29.045 OTHERS -1
11 619.567 177.799 25.451 28.709 OTHERS -1
12 709.139 173.900 23.992 28.800 OTHERS -1
13 660.505 174.397 24.601 28.161 OTHERS -1
