0 449.338 46.945 52.961 58.948 0.9999452829
1 214.002 87.990 46.677 60.764 0.9999052286
2 0.424 65.956 49.997 70.496 0.9998630285
3 282.896 67.725 39.458 51.099 0.9990524650
4 800.306 33.385 27.924 32.644 0.9988970757
5 218.155 38.412 16.203 20.829 0.9804375768
6 657.390 49.019 21.617 25.277 0.9783596396
7 180.948 59.709 17.782 22.544 0.9756711721
8 413.162 52.626 15.589 21.399 0.9691783786
9 199.990 36.413 13.589 20.939 0.9635428786
10 655.522 175.194 39.812 46.371 0.9317880273
11 393.398 53.381 12.953 14.601 0.9213140011
