0 80.718 113.053 26.535 34.447 0.9998399019
1 166.335 115.016 25.221 30.313 0.9993730187
2 475.384 98.627 25.000 30.158 0.9993491769
3 263.123 95.718 25.178 31.364 0.9988615513
4 368.995 92.384 23.201 28.940 0.9984912872
5 13.808 77.545 22.868 27.738 0.9970550537
6 247.211 57.586 14.895 17.481 0.9941202998
7 161.053 54.130 12.258 16.121 0.9931193590
8 440.684 102.304 21.679 27.256 0.9931176901
9 363.464 56.054 13.185 17.710 0.9924325943
10 180.191 71.033 20.171 25.008 0.9918456674
11 428.336 70.260 11.985 15.397 0.9916889071
12 524.241 57.297 16.457 19.492 0.9916309714
13 144.852 53.586 11.540 16.148 0.9902226925
14 520.968 88.114 16.899 19.496 0.9901337028
15 313.701 51.259 15.137 19.889 0.9896203279
16 300.124 65.345 17.279 21.928 0.9891965389
17 453.635 68.495 12.772 16.552 0.9835907817
18 118.755 50.836 19.419 24.903 0.9755833149
19 323.344 97.864 20.778 24.925 0.9693703055
20 -0.994 31.740 14.662 25.527 0.9575726986
21 194.176 54.153 10.867 13.786 0.9527459741
22 91.823 63.695 10.085 12.819 0.9297397137
