0 486.503 38.949 32.542 39.960 0.9999294281
1 812.209 167.456 30.963 39.636 0.9999066591
2 789.104 96.459 32.117 41.346 0.9998886585
3 735.449 177.479 30.889 37.800 0.9998703003
4 191.029 103.899 30.980 38.054 0.9998555183
5 194.871 43.373 30.716 39.475 0.9998539686
6 343.733 210.442 31.255 41.496 0.9998492002
7 502.271 116.266 31.343 35.665 0.9998434782
8 168.540 217.644 32.041 39.001 0.9998430014
9 866.988 116.367 30.383 38.609 0.9998056293
10 270.104 93.603 28.978 36.946 0.9998051524
11 510.803 174.754 32.685 39.227 0.9998018146
12 588.743 184.093 30.673 38.927 0.9997788072
13 670.676 165.365 29.560 39.880 0.9997422099
14 829.377 40.148 29.634 35.883 0.9997333884
15 416.024 166.647 32.366 40.353 0.9997277856
16 654.639 72.832 29.984 37.859 0.9996780157
17 365.687 81.756 27.794 38.082 0.9995812774
18 750.028 40.322 27.677 35.272 0.9995607734
19 609.776 142.856 29.182 35.955 0.9995519519
20 699.247 108.052 27.985 38.198 0.9995446801
21 594.995 62.281 30.057 38.648 0.9995378256
22 660.524 111.824 28.946 35.090 0.9995318651
23 315.446 102.841 29.520 39.728 0.9995181561
24 331.232 65.494 28.856 34.108 0.9994839430
25 593.341 110.786 30.438 36.013 0.9994571805
26 462.777 97.571 26.368 35.555 0.9993751645
27 723.676 91.437 25.885 38.293 0.9993380904
28 146.942 27.992 28.631 33.807 0.9990971088
29 417.560 139.703 27.730 35.003 0.9987454414
30 390.453 70.850 24.100 35.028 0.9978286624
31 340.741 99.689 22.203 33.641 0.9956136942
32 516.669 94.955 25.493 38.151 0.9940956831
