0 43.956 156.464 26.233 28.379 0.9991183877
1 117.124 142.833 24.393 27.191 0.9986245632
2 455.839 148.168 19.214 21.232 0.9979094863
3 531.154 134.689 22.237 27.318 0.9972782731
4 492.380 214.057 22.586 26.664 0.9970996380
5 554.391 203.659 23.182 26.385 0.9970364571
6 441.676 166.225 18.518 23.776 0.9969224334
7 757.171 210.658 23.836 27.571 0.9967670441
8 622.311 196.824 22.436 27.880 0.9967617989
9 679.216 205.137 23.012 27.077 0.9954537153
10 279.383 150.335 20.770 24.942 0.9937700629
11 688.157 149.399 21.884 25.716 0.9935403466
12 628.653 146.584 20.773 24.365 0.9931353331
13 228.162 145.965 21.739 25.492 0.9931087494
14 579.868 144.327 20.849 25.033 0.9926460981
15 330.620 155.006 18.677 22.795 0.9879446030
16 488.562 149.047 20.725 25.968 0.9870605469
17 272.872 203.966 21.669 26.335 0.9853917956
18 169.254 151.588 20.660 25.361 0.9851869941
19 330.300 225.499 20.457 27.885 0.9837912321
20 402.501 220.093 20.679 26.260 0.9810938835
21 211.217 211.252 20.238 27.914 0.9797484279
22 386.321 142.829 19.961 25.485 0.9745600820
