0 120.086 148.463 54.341 69.841 0.9999883175
1 44.296 194.577 54.288 64.979 0.9999789000
2 245.796 155.148 53.134 62.193 0.9999772310
3 302.710 100.993 49.532 62.770 0.9999685287
4 258.630 56.108 48.289 62.826 0.9999679327
5 492.861 34.845 34.251 40.857 0.9998937845
6 323.277 43.120 30.718 41.260 0.9995410442
7 555.290 123.815 27.741 38.809 0.9994150400
8 413.597 32.330 31.785 36.810 0.9993880987
9 495.394 1.620 28.889 32.130 0.9992322922
10 549.990 31.975 33.191 41.050 0.9991094470
11 21.496 185.181 25.279 32.651 0.9986593723
12 374.312 54.245 42.149 44.085 0.9978539348
13 373.808 101.240 41.203 52.910 0.9977078438
14 413.053 75.193 29.019 31.497 0.9977019429
15 2.627 223.181 19.920 34.013 0.9149764180
