0 29.682 176.709 17.129 20.035 0.9974455833
1 356.851 53.612 14.923 18.633 0.9968621731
2 229.520 95.717 17.425 22.542 0.9955229759
3 310.437 60.604 15.963 19.981 0.9953696132
4 281.856 37.184 15.297 18.206 0.9950822592
5 56.407 54.862 14.230 18.106 0.9948015213
6 146.245 59.498 14.918 19.332 0.9947113991
7 174.360 72.660 16.901 22.257 0.9947020411
8 296.817 166.817 17.776 23.349 0.9937379360
9 341.657 46.544 14.842 18.690 0.9936082363
10 326.429 56.560 14.381 18.991 0.9934058189
11 197.775 169.486 18.427 23.501 0.9930058718
12 175.922 45.801 14.796 18.827 0.9927489161
13 244.232 157.676 19.781 24.607 0.9909722805
14 24.592 62.298 15.284 19.194 0.9906854033
15 93.138 63.389 14.954 20.174 0.9899991155
16 337.570 166.213 18.720 23.722 0.9899162650
17 75.646 77.820 16.738 21.932 0.9894271493
18 233.115 48.816 15.262 17.934 0.9893718362
19 376.162 168.929 19.920 24.120 0.9891084433
20 155.169 163.510 17.892 23.299 0.9884991050
21 124.841 110.695 14.930 16.982 0.9884075522
22 112.948 52.791 14.174 17.450 0.9879158735
23 260.864 55.005 14.602 19.783 0.9874909520
24 111.695 164.060 19.301 24.816 0.9868174791
25 209.876 54.971 15.400 20.109 0.9855827093
26 372.250 77.712 16.638 21.948 0.9832740426
27 297.692 47.951 14.496 18.642 0.9778463244
28 70.629 169.376 19.616 24.513 0.9775663018
29 23.035 91.782 17.772 22.084 0.9723798037
30 2.616 45.761 12.759 15.852 0.9567804337
31 390.632 59.741 12.438 18.952 0.9133728147
