0 157.952 58.732 31.643 37.369 0.9999306202
1 328.240 81.850 25.446 32.373 0.9995429516
2 387.447 94.360 23.306 29.651 0.9989117384
3 246.364 73.769 21.320 28.960 0.9937973022
4 419.373 96.192 20.843 25.306 0.9908927679
5 26.815 138.070 17.373 16.866 0.9841896892
6 60.250 108.229 15.550 17.753 0.9758677483
7 217.873 103.925 12.223 15.817 0.9718887806
8 18.241 109.804 17.233 17.579 0.9524704218
9 458.592 105.417 11.590 14.052 0.9459165931
10 297.653 117.886 11.559 13.692 0.9338261485
11 111.417 136.201 18.176 19.435 0.9094973803
