0 732.698 105.785 57.130 79.772 0.9999927282
1 436.710 111.055 61.275 87.299 0.9999809265
2 535.004 167.994 27.440 32.850 0.9994325042
3 811.114 175.894 24.484 30.398 0.9968129992
4 9.491 177.738 28.386 33.901 0.9958500862
5 196.880 171.500 27.373 31.926 0.9956722260
6 305.657 184.475 27.744 30.710 0.9942681789
7 513.332 170.963 24.504 33.387 0.9933241010
8 364.705 174.198 24.711 28.225 0.9930879474
9 863.542 173.981 25.975 31.334 0.9921767116
10 172.375 179.632 23.939 29.045 0.9840248227
11 619.567 177.799 25.451 28.709 0.9816282392
12 709.139 173.900 23.992 28.800 0.9731997252
13 660.505 174.397 24.601 28.161 0.9002451897
