0 809.063 35.382 54.303 71.483 0.9999949932
1 563.698 41.893 58.161 68.439 0.9999876022
2 122.508 85.823 45.114 58.229 0.9999167919
3 678.303 61.872 35.046 42.639 0.9998953342
4 199.823 46.232 36.672 47.556 0.9998798370
5 44.528 87.916 33.352 37.266 0.9998743534
6 433.574 74.718 29.967 36.709 0.9997199178
7 314.070 84.909 47.633 50.307 0.9996724129
8 486.440 94.133 36.423 46.014 0.9993746877
9 -0.295 80.352 29.839 50.168 0.9991979003
10 504.734 70.748 31.219 40.177 0.9988098145
11 297.873 68.957 30.430 45.369 0.9983204007
12 786.752 37.171 40.551 61.785 0.9970381260
13 628.224 52.069 38.232 43.230 0.9960879087
14 96.956 97.105 30.279 39.712 0.9798571467
