0 539.862 90.655 32.464 41.495 0.9999238253
1 27.959 105.548 34.092 45.438 0.9998785257
2 124.378 100.268 33.820 45.333 0.9998496771
3 223.998 101.857 33.803 43.608 0.9998427629
4 499.173 102.448 31.431 39.685 0.9997852445
5 581.183 93.027 30.573 39.772 0.9997033477
6 326.627 99.167 32.048 41.502 0.9996885061
7 178.284 100.272 24.989 31.872 0.9996352196
8 602.001 74.637 24.250 32.391 0.9995647073
9 256.060 97.341 28.662 39.248 0.9995540977
10 775.409 88.160 26.758 30.668 0.9990417361
11 441.130 104.386 27.916 32.769 0.9989976287
12 359.201 90.931 22.562 33.920 0.9979590178
13 634.293 114.393 24.386 34.920 0.9938377738
14 274.499 99.289 22.823 34.422 0.9930431843
15 1.718 102.906 22.168 37.609 0.9880594611
