0 310.494 69.347 22.485 30.806 0.9976192117
1 246.014 61.759 21.655 32.990 0.9962097406
2 176.821 66.642 23.147 28.209 0.9955108166
3 119.515 91.442 21.833 31.602 0.9941937327
4 376.183 46.914 17.471 20.640 0.9936197400
5 268.265 52.777 17.711 21.790 0.9924553633
6 69.228 95.681 17.934 22.753 0.9906311631
7 297.265 61.563 14.771 18.807 0.9881809950
8 354.554 67.793 21.539 25.297 0.9823752046
9 154.748 71.386 10.924 15.754 0.9804738760
10 128.497 65.417 13.032 15.961 0.9711132050
11 46.954 87.609 18.796 26.930 0.9367161393
12 334.151 45.856 17.208 19.216 0.9358164072
13 42.230 71.091 16.194 20.826 0.9187140465
