0 99.255 165.519 27.141 33.390 0.9994400144
1 229.829 140.427 22.148 32.806 0.9985393286
2 546.839 126.225 22.129 34.637 0.9977986217
3 448.060 150.430 15.827 19.396 0.9971637130
4 166.328 143.477 18.650 22.943 0.9963555336
5 387.598 151.475 16.748 20.263 0.9907379746
6 426.183 144.407 17.772 21.526 0.9839276671
7 653.816 147.945 13.709 16.594 0.9798250794
8 502.644 140.383 19.035 21.523 0.9791206121
9 318.972 124.492 20.043 26.838 0.9773283005
10 284.495 138.945 16.302 19.808 0.9741725922
11 152.280 150.507 10.633 15.353 0.9518754482
12 271.710 150.555 10.722 13.767 0.9361259937
