0 172.502 208.149 13.765 17.623 0.9947150350
1 35.798 212.538 14.461 18.671 0.9946784973
2 6.281 204.264 12.054 14.426 0.9921644926
3 281.217 202.683 14.424 17.726 0.9916955829
4 352.068 189.189 11.421 14.623 0.9910949469
5 330.864 192.951 13.334 16.477 0.9896525741
6 155.543 192.120 11.360 14.891 0.9894226193
7 463.069 185.416 10.317 14.574 0.9870470762
8 302.458 196.799 10.406 14.593 0.9855915308
9 382.808 199.234 12.277 15.594 0.9839251041
10 551.411 187.113 11.209 14.122 0.9832223058
11 93.020 202.038 11.249 13.576 0.9811825156
12 286.547 186.282 11.177 13.809 0.9741496444
13 130.166 204.344 14.175 17.236 0.9725894332
14 70.821 168.529 9.007 11.421 0.9701546431
15 425.742 194.090 10.986 14.286 0.9631531239
16 237.850 201.374 13.761 19.341 0.9614751339
17 112.985 198.975 8.493 11.371 0.9566279054
18 259.883 194.379 9.544 12.781 0.9565252662
19 173.957 194.970 9.455 11.432 0.9429468513
20 248.740 163.571 7.875 9.708 0.9172897339
