0 301.357 90.191 24.877 30.909 0.9990212917
1 37.455 171.733 24.974 30.888 0.9989662170
2 217.389 72.978 22.970 29.988 0.9956489205
3 161.228 176.617 19.687 25.483 0.9955417514
4 364.434 181.492 22.772 27.214 0.9945033789
5 96.189 184.725 20.920 27.147 0.9874052405
6 326.659 175.880 21.244 27.094 0.9852542281
7 306.137 188.576 20.723 27.739 0.9851072431
8 207.840 180.276 21.100 26.442 0.9834901094
9 233.424 180.576 20.165 25.236 0.9813634157
10 347.578 162.359 21.437 27.264 0.9796938300
11 269.790 185.955 22.640 24.894 0.9795830846
12 254.688 170.497 19.501 26.641 0.9653639197
13 186.463 170.449 20.786 27.396 0.9611447453
14 138.952 170.857 20.220 26.662 0.9599258900
15 66.383 181.589 19.758 26.319 0.9476193786
16 116.797 186.117 18.597 24.057 0.9312645197
