0 555.939 106.467 60.369 85.542 0.9999943972
1 170.863 145.608 61.215 83.571 0.9999902248
2 315.850 137.510 52.276 66.353 0.9999653101
3 704.705 173.170 50.291 59.077 0.9999582767
4 607.913 172.972 36.917 46.465 0.9999198914
5 246.799 164.859 33.848 42.099 0.9997254014
6 3.303 159.616 62.486 107.090 0.9996103644
7 476.140 161.313 28.752 33.112 0.9995860457
8 416.972 181.809 24.921 30.191 0.9995150566
9 643.189 194.153 26.256 30.652 0.9992284775
10 106.192 162.392 35.931 51.437 0.9991484880
11 79.084 188.386 25.115 33.433 0.9980048537
12 48.912 195.707 32.892 47.083 0.9960122108
13 359.044 184.459 22.298 28.843 0.9953533411
14 254.639 148.692 27.535 35.898 0.9842867851
15 764.300 200.316 39.878 60.097 0.9827293158
16 377.441 172.291 20.257 25.155 0.9767812490
17 279.297 178.475 22.118 29.647 0.9753044248
