0 313.485 188.569 47.860 57.953 0.9999625683
1 143.180 147.625 62.495 91.969 0.9999469519
2 537.321 157.953 39.032 44.557 0.9999423027
3 622.266 158.846 29.042 42.064 0.9999248981
4 702.693 166.517 35.318 43.386 0.9998933077
5 489.676 187.032 33.246 41.020 0.9998737574
6 374.378 149.512 35.858 46.197 0.9996926785
7 258.310 180.180 38.458 53.168 0.9994707704
8 892.148 159.536 38.713 44.952 0.9992395639
9 645.173 182.010 24.761 32.591 0.9990108013
10 201.184 163.971 26.891 35.804 0.9874609113
11 440.894 179.937 18.193 25.056 0.9873264432
12 794.222 173.820 21.244 25.750 0.9850544930
