0 194.654 34.866 53.935 70.901 0.9999930859
1 388.591 51.649 49.565 61.319 0.9999655485
2 889.939 85.925 38.229 42.477 0.9999315739
3 830.009 82.106 39.396 46.136 0.9998395443
4 676.229 124.198 34.465 45.326 0.9998384714
5 797.140 114.520 39.845 48.369 0.9997399449
6 581.856 82.248 42.774 57.727 0.9996123910
7 98.075 101.533 43.085 56.928 0.9995095730
8 751.313 78.433 42.883 50.186 0.9993220568
9 33.317 130.182 30.052 36.538 0.9990702271
10 669.945 101.071 28.951 35.016 0.9965953231
11 873.101 106.300 23.123 35.928 0.9231572151
