0 435.231 198.951 37.566 43.026 0.9998816252
1 231.829 107.936 38.663 50.503 0.9996770620
2 175.832 104.522 31.968 36.758 0.9996250868
3 382.085 98.901 29.438 31.948 0.9993251562
4 109.633 101.039 41.060 50.399 0.9993106127
5 386.805 131.473 34.360 36.213 0.9991242290
6 325.204 97.834 41.706 52.083 0.9983406067
7 8.306 104.388 29.052 34.022 0.9979307652
8 449.035 104.517 40.539 52.538 0.9976264834
9 136.666 47.401 18.184 21.043 0.9942635894
10 152.098 105.061 25.917 34.753 0.9942037463
11 385.568 47.999 17.704 18.816 0.9896494150
12 398.131 2.437 18.382 20.349 0.9857652783
13 154.937 0.160 18.207 17.401 0.9831574559
14 427.180 81.964 17.764 22.257 0.9824105501
15 445.638 50.177 19.704 21.879 0.9817281365
16 337.224 -0.092 17.890 19.802 0.9813938141
17 321.865 42.009 18.386 20.117 0.9812198877
18 98.506 -0.236 18.553 17.258 0.9788892269
19 36.352 -0.790 20.921 16.817 0.9763460159
20 293.736 106.617 22.405 26.003 0.9710292220
21 211.205 0.671 18.085 15.049 0.9694582820
22 79.659 47.566 15.419 19.409 0.9687722921
23 276.251 -2.933 21.757 16.113 0.9647035003
24 307.104 73.540 21.538 26.058 0.9596843123
25 252.772 41.152 19.136 22.340 0.9552571774
26 120.400 79.612 19.089 19.870 0.9526365399
27 190.325 42.487 20.126 23.563 0.9499251842
28 460.277 2.019 17.933 19.819 0.9391327500
29 11.149 48.094 22.193 23.194 0.9267616272
30 56.391 82.856 17.637 21.471 0.9102192521
