0 29.968 91.225 30.158 37.986 0.9998176694
1 399.407 52.089 40.943 41.177 0.9997132421
2 296.038 67.782 25.732 34.837 0.9990618825
3 117.089 69.509 24.997 30.776 0.9990224838
4 151.726 110.175 13.879 18.453 0.9975510240
5 209.031 77.864 22.702 28.010 0.9963021278
6 -0.023 48.056 23.574 30.597 0.9943568110
7 369.418 80.997 22.463 26.985 0.9928351045
8 270.209 97.347 16.700 21.529 0.9858921170
9 171.925 108.123 13.280 18.453 0.9829246402
10 81.861 94.493 19.007 21.939 0.9788974524
11 59.549 92.071 14.767 18.533 0.9481862783
12 226.219 100.864 10.977 13.798 0.9358063936
