0 572.287 112.423 37.117 43.140 0.9999784231
1 324.273 115.066 34.156 43.410 0.9999763966
2 803.200 20.161 35.153 44.242 0.9999760389
3 694.725 117.972 37.298 44.078 0.9999691248
4 817.701 133.131 34.351 44.142 0.9999475479
5 56.475 11.497 37.110 43.365 0.9999451637
6 543.794 30.430 34.501 46.211 0.9999213219
7 177.767 11.538 36.684 45.819 0.9999146461
8 174.967 111.307 38.500 45.692 0.9999014139
9 673.268 15.166 37.013 48.690 0.9998445511
10 292.216 16.333 37.344 46.625 0.9998437166
11 440.545 32.310 33.003 42.929 0.9998397827
12 57.544 88.521 38.138 48.482 0.9998323917
13 429.890 98.954 39.686 49.232 0.9996538162
14 189.265 221.245 42.627 56.519 0.9996212721
