0 420.446 150.803 53.155 72.193 0.9999942780
1 600.406 152.803 49.589 61.996 0.9999793768
2 244.886 195.211 47.163 64.795 0.9999656677
3 857.344 180.845 37.779 44.206 0.9999629259
4 354.071 194.801 30.528 38.027 0.9999231100
5 187.838 201.387 35.461 45.828 0.9998793602
6 571.732 176.374 33.341 45.774 0.9997527003
7 718.821 199.201 28.028 30.817 0.9996870756
8 796.734 185.347 24.215 33.116 0.9989940524
9 70.866 220.601 23.480 30.680 0.9984465241
10 20.792 240.620 24.485 31.915 0.9960287809
11 537.923 204.660 22.607 26.360 0.9954429865
12 142.847 238.665 20.212 25.493 0.9911177158
13 912.652 196.213 23.100 30.056 0.9906050563
14 750.317 206.399 12.439 16.564 0.9788318872
15 104.924 50.386 8.695 11.099 0.9723048806
16 97.198 224.711 8.875 11.482 0.9720829129
17 44.374 45.424 9.549 12.129 0.9719899893
18 30.535 51.319 9.045 11.443 0.9696854353
19 76.021 46.843 9.223 11.284 0.9634999037
20 298.816 55.609 8.893 10.777 0.9629610777
21 151.955 52.926 8.830 10.630 0.9628503919
22 39.841 231.068 9.081 11.245 0.9626994729
23 277.597 50.305 8.359 10.144 0.9552699924
24 188.442 55.941 8.426 10.635 0.9537041187
25 391.094 59.371 8.829 10.637 0.9511600733
26 232.506 52.457 8.645 10.378 0.9499388337
27 472.145 67.468 8.400 10.917 0.9421395659
28 131.798 50.080 8.104 10.505 0.9391651154
29 315.811 60.094 8.328 10.050 0.9336166382
30 508.259 66.142 8.040 9.668 0.9318159819
31 368.093 54.710 8.241 9.997 0.9307901263
32 207.252 51.462 8.287 10.383 0.9271360040
