0 190.167 114.317 28.015 35.957 0.9999502897
1 158.823 129.862 29.423 36.193 0.9999243021
2 69.703 133.646 30.240 34.648 0.9999005795
3 240.822 153.196 28.210 34.090 0.9998805523
4 464.936 133.572 25.958 34.343 0.9997019172
5 290.497 152.128 27.450 33.016 0.9995137453
6 634.954 135.660 25.722 33.379 0.9992221594
7 525.791 133.991 25.222 32.549 0.9991637468
8 882.058 129.052 24.842 30.100 0.9989829659
9 397.478 126.181 24.160 29.513 0.9988327622
10 364.167 151.766 25.091 32.274 0.9987701774
11 788.635 136.250 22.860 27.051 0.9976335764
12 597.972 137.713 22.920 26.790 0.9961863160
