0 437.959 365.595 30.944 39.985 0.9999556541
1 793.194 328.656 35.678 42.319 0.9999551773
2 235.947 358.791 34.542 44.012 0.9999418259
3 298.224 356.608 35.392 45.927 0.9999371767
4 600.255 361.525 32.667 40.538 0.9999142885
5 341.584 354.691 34.058 42.484 0.9998887777
6 661.211 364.026 30.200 32.314 0.9998761415
7 774.639 430.757 35.996 45.430 0.9998644590
8 531.191 357.029 31.787 39.989 0.9998399019
9 393.298 364.191 31.657 39.099 0.9998040795
10 490.059 371.622 29.642 38.248 0.9997770190
11 705.843 513.431 37.987 50.467 0.9997431636
12 695.611 429.311 32.465 40.442 0.9996927977
13 489.478 429.639 30.300 38.946 0.9996849298
14 621.698 512.987 38.290 53.512 0.9996213913
15 191.879 355.055 38.752 51.462 0.9996199608
16 337.912 521.843 39.419 54.052 0.9995388985
17 367.356 452.364 34.749 48.740 0.9994938374
18 66.125 352.096 42.527 51.839 0.9994512200
19 207.280 501.946 42.405 53.386 0.9991395473
20 875.765 323.371 41.996 49.882 0.9986920953
