0 54.425 1.256 47.787 51.122 0.9989972711
1 386.745 53.398 14.742 19.338 0.9955763817
2 196.408 98.161 12.771 17.220 0.9950711727
3 334.645 83.105 14.952 20.821 0.9946388602
4 166.923 108.122 14.499 18.743 0.9944764972
5 379.520 20.883 12.735 15.919 0.9925377965
6 328.671 52.319 12.985 16.449 0.9918982983
7 368.735 117.465 22.561 26.398 0.9912370443
8 288.202 48.809 12.395 16.214 0.9897252321
9 344.869 40.004 12.685 16.557 0.9896501303
10 220.852 98.227 16.778 21.118 0.9885936975
11 306.798 73.623 12.544 17.175 0.9884451628
12 122.401 45.225 11.827 14.538 0.9884273410
13 313.400 45.757 11.757 14.761 0.9879208803
14 285.668 91.301 19.710 24.800 0.9875063896
15 274.088 81.689 11.814 15.682 0.9865994453
16 138.467 40.149 10.641 13.617 0.9863299727
17 237.759 52.930 13.361 17.590 0.9858064055
18 171.589 80.903 11.805 15.642 0.9854269028
19 368.666 63.406 13.009 17.812 0.9852159023
20 156.452 100.580 12.950 15.479 0.9846813679
21 269.220 61.064 13.286 15.692 0.9843811989
22 359.062 51.802 12.420 16.020 0.9841842651
23 188.358 79.701 11.869 14.553 0.9834620953
24 142.423 75.530 11.571 13.962 0.9834221005
25 255.130 57.488 11.492 15.223 0.9832373261
26 255.103 88.564 12.660 17.175 0.9822950363
27 343.739 64.841 12.594 15.293 0.9816669226
28 187.219 95.589 10.219 13.760 0.9809721708
29 156.594 73.595 10.705 13.573 0.9788885713
30 198.918 71.754 11.089 14.494 0.9770445228
31 222.699 69.053 10.695 13.739 0.9770301580
32 363.029 11.857 11.217 14.744 0.9769904613
33 202.326 32.209 9.504 11.623 0.9739615321
34 178.859 69.128 10.717 13.681 0.9738627076
35 147.615 49.673 11.605 13.682 0.9737468362
36 170.865 46.258 10.214 12.174 0.9728620648
37 264.022 38.421 9.516 11.648 0.9671060443
38 228.814 40.717 8.965 11.005 0.9648126364
39 105.821 39.346 11.808 16.048 0.9615627527
40 321.009 36.347 10.232 12.763 0.9568488598
41 217.186 33.681 8.719 10.500 0.9524391890
42 275.436 43.230 8.610 11.264 0.9494532943
43 211.957 69.792 9.594 12.502 0.9461572170
44 212.218 101.184 9.466 13.730 0.9419092536
45 264.271 78.406 10.228 13.363 0.9387321472
46 254.204 40.107 8.485 10.824 0.9321008921
47 187.884 65.484 9.209 11.591 0.9188650846
48 180.508 55.026 9.416 11.794 0.9185696840
49 127.417 81.520 10.955 13.012 0.9166072607
50 340.735 25.233 11.400 12.694 0.9151356220
51 208.706 59.282 10.545 12.976 0.9072360992
