0 43.192 174.277 14.592 21.535 0.9901376963
1 310.205 157.612 11.524 14.000 0.9795152545
2 281.208 150.678 10.446 12.189 0.9735682607
3 413.499 142.312 8.465 10.744 0.9715084434
4 577.908 152.301 8.950 11.378 0.9703397155
5 123.622 155.094 9.070 11.586 0.9668001533
6 466.132 150.883 8.867 11.531 0.9590455890
7 197.923 154.164 11.755 13.896 0.9571978450
8 444.695 149.701 9.052 11.101 0.9569283128
9 539.957 148.773 8.391 10.631 0.9565658569
10 608.950 157.527 8.696 10.944 0.9540458918
11 516.546 160.433 8.847 11.121 0.9536191225
12 328.308 155.907 10.243 12.648 0.9533535242
13 642.562 159.345 8.521 11.154 0.9494926333
14 82.132 142.901 8.719 10.754 0.9458810687
15 486.924 158.977 8.499 11.272 0.9397686720
16 108.526 149.145 7.856 9.459 0.9312881827
17 398.486 149.061 8.254 9.812 0.9290329218
18 553.975 140.067 7.827 9.603 0.9217333794
19 600.993 149.083 8.353 10.129 0.9190210104
20 424.785 144.760 7.638 9.502 0.9120733142
21 498.308 148.561 8.325 9.956 0.9046302438
22 631.295 148.856 8.106 10.218 0.9042253494
