0 84.750 200.545 31.904 37.697 0.9998880625
1 438.019 3.183 29.880 39.625 0.9996009469
2 332.528 210.343 34.861 43.893 0.9995475411
3 352.554 88.358 30.772 37.313 0.9995449185
4 253.492 101.080 29.877 37.327 0.9995210171
5 442.216 57.766 33.451 42.403 0.9994731545
6 328.895 125.287 31.297 34.868 0.9994512200
7 301.134 255.731 38.448 46.177 0.9991751313
8 94.602 124.835 34.344 38.016 0.9991179109
9 331.982 33.108 27.407 33.670 0.9990780354
10 184.423 210.084 30.549 44.025 0.9975213408
11 576.464 47.897 24.422 37.303 0.9968494773
12 21.895 251.917 35.344 50.257 0.9945600629
13 480.906 119.204 25.056 36.679 0.9375517368
