0 315.446 101.564 16.091 19.097 0.9979937077
1 110.627 102.003 19.560 23.682 0.9966064692
2 82.107 69.723 18.687 21.673 0.9964260459
3 22.828 93.699 19.405 22.354 0.9934393764
4 376.069 85.460 16.341 15.861 0.9906923175
5 226.100 97.055 15.482 23.934 0.9831341505
6 134.942 88.785 16.415 17.466 0.9827476144
7 244.716 54.786 14.461 19.726 0.9819376469
8 352.362 92.393 14.165 16.288 0.9804787040
9 260.395 94.438 17.248 20.745 0.9791809320
10 177.188 69.782 17.788 20.345 0.9789537787
11 319.159 58.182 16.423 18.693 0.9776170254
12 290.432 70.360 13.281 13.661 0.9748972654
13 193.023 68.263 14.604 17.510 0.9645264149
