0 289.082 104.231 57.498 73.280 0.9999911785
1 206.137 249.849 32.337 34.576 0.9999591112
2 599.169 149.221 46.984 61.266 0.9999467134
3 117.249 246.106 33.227 34.771 0.9999300241
4 766.877 175.940 36.318 44.937 0.9998823404
5 48.987 251.918 31.229 33.126 0.9998435974
6 108.588 199.484 27.444 31.978 0.9995237589
7 31.979 204.426 28.046 28.244 0.9994354844
8 134.287 217.076 26.758 31.813 0.9993528724
9 450.466 133.681 40.046 53.687 0.9992004037
10 708.265 173.460 41.138 52.256 0.9986512065
11 544.123 215.864 22.794 27.148 0.9976776242
12 184.299 193.046 25.997 29.863 0.9888867736
13 837.887 193.486 20.542 24.032 0.9876419306
14 398.297 190.660 20.363 28.396 0.9858033657
15 64.778 179.045 22.976 27.109 0.9837364554
16 871.587 248.480 19.642 27.289 0.9676864743
17 54.433 211.080 25.435 29.913 0.9443447590
18 547.673 193.322 18.474 20.909 0.9414755106
