0 323.517 186.412 32.792 36.305 0.9999819994
1 483.922 177.525 28.406 36.281 0.9999343157
2 549.612 177.365 28.983 35.309 0.9998983145
3 32.494 136.020 28.654 35.601 0.9998841286
4 111.164 181.859 31.338 38.659 0.9998373985
5 417.184 164.186 26.886 34.187 0.9998094440
6 194.456 171.713 28.637 36.046 0.9996612072
7 628.093 192.700 27.366 33.009 0.9995085001
8 582.291 135.543 24.080 30.430 0.9986369014
9 740.028 128.313 23.378 29.766 0.9986158609
10 254.631 149.263 22.421 30.861 0.9978512526
11 128.330 155.139 23.624 28.561 0.9963388443
12 397.531 141.685 22.256 27.726 0.9946711659
13 651.996 136.552 21.290 30.294 0.9946169257
14 753.592 93.217 17.442 23.277 0.9940627217
15 361.142 155.298 22.500 27.277 0.9937770367
16 620.249 134.992 19.318 24.458 0.9937071204
17 700.743 138.563 21.874 26.827 0.9932370782
18 664.827 83.715 19.173 24.910 0.9921599030
19 715.365 90.807 18.380 23.520 0.9903602600
20 304.330 137.377 20.780 26.795 0.9900761247
21 783.498 152.243 21.709 25.810 0.9889121056
22 789.747 76.462 18.874 25.707 0.9841105938
23 590.762 74.052 19.849 24.218 0.9835005999
24 470.360 143.195 21.794 28.860 0.9784204364
25 734.161 84.807 19.358 24.951 0.9720656872
26 541.135 139.032 20.565 27.745 0.9615439177
27 342.121 125.116 19.537 26.287 0.9505457282
28 247.965 124.626 19.820 22.610 0.9489471316
29 404.785 98.147 9.951 12.269 0.9348649979
30 916.085 91.693 18.912 26.888 0.9347777963
31 507.897 96.603 14.834 26.125 0.9032800198
