0 462.520 144.723 17.344 20.770 0.9986959100
1 274.462 141.587 15.239 19.139 0.9970943928
2 138.349 129.273 17.339 22.109 0.9961718917
3 96.917 129.348 19.648 24.713 0.9951238036
4 13.319 128.533 19.029 23.065 0.9949339032
5 296.200 143.824 16.522 21.115 0.9942996502
6 70.564 121.431 19.826 23.059 0.9941934943
7 401.668 138.297 16.242 20.344 0.9936767220
8 520.628 148.706 13.975 17.380 0.9928849339
9 242.748 145.714 17.655 21.997 0.9924319983
10 540.394 143.808 12.015 15.007 0.9917523265
11 347.406 144.537 16.674 22.605 0.9904758334
12 182.191 138.110 18.204 22.933 0.9903147817
13 229.108 127.619 17.384 21.548 0.9888520837
14 487.958 151.824 12.307 15.283 0.9887635708
15 326.609 144.000 12.277 16.580 0.9841697216
16 200.378 146.408 12.400 16.353 0.9772629142
17 364.883 141.766 13.459 17.405 0.9735899568
18 389.309 140.541 13.285 17.222 0.9651714563
19 446.979 152.314 12.052 13.449 0.9312306046
20 29.671 133.892 14.617 19.449 0.9301021695
