0 129.152 272.121 33.642 43.553 0.9996063113
1 84.471 238.731 32.871 40.338 0.9993108511
2 920.937 226.600 30.184 40.020 0.9987976551
3 257.701 251.958 31.087 40.234 0.9982124567
4 705.249 268.487 26.738 32.952 0.9982020855
5 184.020 268.518 29.165 37.064 0.9972609282
6 361.172 270.916 29.512 39.283 0.9970787764
7 604.073 345.064 26.493 30.316 0.9966194630
8 452.732 275.685 27.726 37.851 0.9966104627
9 525.854 267.100 31.116 38.712 0.9962407351
10 826.125 275.452 25.864 29.558 0.9953668118
11 615.465 275.005 25.344 33.524 0.9915786982
12 773.840 264.704 24.988 31.167 0.9914064407
13 0.183 266.350 24.941 44.420 0.9741497636
14 663.653 196.669 16.359 21.214 0.9730126858
15 352.881 191.152 17.044 20.883 0.9655902982
16 654.741 292.901 22.703 25.610 0.9573505521
17 799.386 268.215 20.072 31.700 0.9354823828
18 486.350 186.298 15.541 19.744 0.9328107238
19 380.359 227.914 16.327 20.895 0.9288188815
20 566.268 225.918 15.572 19.751 0.9261696339
21 239.674 231.893 15.889 21.481 0.9220599532
22 596.233 255.520 13.004 17.791 0.9183416963
23 408.474 268.795 24.592 31.868 0.9149892926
24 747.960 202.125 15.843 20.985 0.9021726847
