0 415.950 133.285 32.362 39.861 0.9998245835
1 553.429 196.146 46.119 72.248 0.9997723699
2 273.884 128.573 31.126 46.869 0.9992430210
3 347.453 140.323 24.186 28.595 0.9987290502
4 480.550 135.759 30.751 43.772 0.9983774424
5 465.655 147.447 26.224 35.739 0.9982890487
6 86.076 154.053 24.343 29.036 0.9979913235
7 376.500 119.590 24.444 35.502 0.9972841740
8 1.090 158.390 23.191 27.449 0.9963668585
9 316.409 144.659 21.629 27.696 0.9963251948
10 542.947 102.957 35.069 51.109 0.9960342050
11 217.838 142.460 21.370 29.608 0.9901325703
12 130.344 162.282 20.195 25.675 0.9742056131
13 306.642 156.569 15.034 21.569 0.9549436569
14 68.323 162.789 9.270 11.771 0.9201365709
