0 459.750 82.728 35.849 43.058 0.9999427795
1 610.703 151.389 51.548 81.223 0.9998481274
2 94.370 104.266 27.278 32.200 0.9995695949
3 384.348 89.483 27.069 31.270 0.9995563626
4 515.187 97.989 26.712 36.826 0.9995135069
5 416.572 66.600 26.474 38.877 0.9992606044
6 0.976 109.651 24.639 29.911 0.9989461303
7 349.824 93.575 23.377 31.464 0.9986955523
8 302.918 76.011 35.089 53.029 0.9974314570
9 240.952 91.754 23.641 33.223 0.9966056347
10 601.045 47.712 38.558 56.328 0.9940716624
11 143.306 114.459 22.226 27.544 0.9897388816
12 534.382 82.029 34.333 51.684 0.9874393344
13 339.256 108.337 16.643 24.044 0.9814009666
14 75.339 115.127 9.415 11.686 0.9132208824
