0 151.034 158.966 29.263 37.371 0.9998226762
1 68.320 167.092 28.881 35.487 0.9995750785
2 208.854 162.038 26.125 32.524 0.9995675683
3 7.168 163.164 26.589 34.190 0.9992859960
4 333.191 158.039 26.794 32.447 0.9992004037
5 429.093 150.849 28.116 39.786 0.9990751743
6 365.235 187.854 27.650 29.134 0.9990671277
7 260.088 162.006 25.460 35.153 0.9982602000
8 100.236 165.539 23.783 30.614 0.9979362488
9 250.881 114.412 23.201 29.343 0.9964103103
10 355.496 117.405 22.991 26.437 0.9935316443
11 304.970 76.541 20.728 29.269 0.9926022887
12 183.369 146.452 23.058 28.073 0.9908552170
13 420.048 50.366 20.855 27.300 0.9821350574
14 62.599 85.804 19.014 23.964 0.9805611968
15 93.907 139.881 22.807 27.976 0.9789313078
16 170.780 58.745 21.360 26.398 0.9770997167
17 125.528 86.598 20.779 25.241 0.9706784487
18 178.406 118.298 20.845 25.257 0.9706686735
19 587.251 87.813 19.327 24.647 0.9648882151
20 489.209 135.082 23.874 27.521 0.9596165419
21 218.863 91.679 19.798 26.701 0.9520404935
22 254.303 58.251 19.653 25.882 0.9516177177
23 454.636 115.525 21.801 27.660 0.9399504066
24 0.198 121.517 16.649 24.722 0.9263515472
25 603.364 61.629 18.995 25.147 0.9204767942
26 343.803 58.096 19.558 25.691 0.9073556066
