0 505.518 120.490 36.513 45.125 0.9999549389
1 240.544 173.543 39.645 46.120 0.9999469519
2 327.007 140.322 31.085 37.706 0.9999104738
3 92.718 109.036 31.841 41.246 0.9998966455
4 384.056 140.742 30.193 36.845 0.9998818636
5 101.944 193.530 34.263 38.279 0.9998669624
6 163.409 204.657 28.863 34.100 0.9997515082
7 199.622 160.443 27.189 32.153 0.9997488856
8 411.545 154.862 25.846 37.064 0.9966248274
9 149.167 171.990 23.964 28.253 0.9953889847
10 363.096 132.286 19.079 22.197 0.9923136830
11 132.766 130.158 22.308 27.966 0.9921742678
12 184.848 141.953 19.362 25.790 0.9844261408
13 270.096 129.609 20.716 28.661 0.9808530211
14 245.256 130.125 10.064 12.575 0.9697304964
15 299.205 127.381 11.794 15.943 0.9659314752
16 319.132 133.126 10.329 12.996 0.9656462073
17 175.145 123.605 8.389 12.231 0.9639964104
18 526.633 239.189 33.044 67.871 0.9177622795
