0 417.179 101.845 38.153 47.598 0.9999655485
1 229.715 20.198 33.850 41.370 0.9999526739
2 373.725 10.049 33.259 42.550 0.9999366999
3 182.203 135.743 34.090 37.015 0.9999153614
4 150.930 3.657 33.860 40.106 0.9999150038
5 486.000 8.353 32.639 45.918 0.9998862743
6 110.137 26.951 34.127 45.802 0.9998779297
7 24.220 8.143 32.733 40.080 0.9998679161
8 249.858 254.940 37.661 48.597 0.9998617172
9 70.432 61.007 35.825 48.570 0.9998455048
10 424.883 -1.129 34.128 34.946 0.9998171926
11 449.184 239.402 43.930 55.010 0.9997947812
12 598.538 20.106 38.149 47.564 0.9997779727
13 291.047 48.345 38.734 50.173 0.9997047782
14 567.933 -1.103 33.296 36.230 0.9996078610
15 569.316 261.600 38.613 51.488 0.9995872378
16 343.947 267.148 41.614 51.302 0.9995509982
17 152.348 255.472 41.714 52.728 0.9994975328
18 634.451 11.318 29.794 44.269 0.9993929863
19 88.961 18.874 28.667 36.830 0.9990816116
20 61.630 268.522 39.791 51.826 0.9989497066
21 294.905 -0.267 31.524 30.090 0.9981951118
22 355.994 3.898 26.608 38.021 0.9959348440
23 233.521 -0.392 27.477 29.930 0.9752660990
