0 531.350 90.197 33.542 42.816 0.9999155998
1 784.036 189.259 46.136 66.478 0.9998998642
2 220.266 134.490 30.522 36.423 0.9998964071
3 82.943 109.149 34.653 44.822 0.9998944998
4 85.036 182.202 45.165 68.104 0.9998934269
5 449.342 105.900 27.648 35.205 0.9998075366
6 375.683 124.438 28.756 35.504 0.9997264743
7 545.389 145.817 44.046 55.837 0.9996011853
8 615.857 97.373 32.999 41.693 0.9995347261
9 297.165 115.282 23.937 33.362 0.9993066788
10 269.903 112.305 25.485 28.279 0.9990375042
11 357.536 121.872 21.436 34.034 0.9932970405
