0 553.384 138.768 49.502 69.376 0.9999331236
1 673.200 190.358 36.512 45.527 0.9997628331
2 120.820 172.920 29.189 41.154 0.9997374415
3 58.175 168.429 32.336 50.282 0.9995206594
4 155.926 187.188 24.580 31.743 0.9993097782
5 234.719 270.119 25.933 35.528 0.9990270138
6 285.900 183.468 24.400 32.703 0.9970042109
7 19.470 104.771 42.528 50.081 0.9959077835
8 196.943 153.323 16.472 20.251 0.9932437539
9 187.671 201.884 20.966 29.224 0.9922953844
10 178.073 145.034 18.228 20.669 0.9881530404
11 403.278 183.546 13.921 18.120 0.9799237847
12 254.186 183.895 16.553 17.659 0.9767104983
13 437.954 178.414 21.783 28.819 0.9745802879
14 218.852 197.040 21.065 22.005 0.9711431265
15 366.639 179.277 19.971 21.166 0.9685782194
16 126.320 136.993 20.089 25.824 0.9653642774
