0 1.310 70.766 26.479 41.222 0.9989305139
1 102.923 113.974 13.286 17.472 0.9971922040
2 420.265 108.577 21.998 29.153 0.9956946373
3 341.143 122.428 17.540 19.376 0.9953896999
4 511.656 100.983 22.569 32.950 0.9944276810
5 471.977 104.544 18.475 22.157 0.9942330718
6 316.423 111.882 19.268 21.867 0.9916465878
7 118.912 108.284 15.920 21.140 0.9905849099
8 271.890 96.414 18.215 24.756 0.9905632734
9 64.145 104.379 14.674 18.935 0.9902290106
10 406.994 98.852 13.486 18.205 0.9896481633
11 35.692 107.682 16.665 21.148 0.9833884239
12 149.764 125.444 13.463 17.511 0.9792525172
13 186.413 101.764 20.473 26.306 0.9708395600
14 494.124 103.424 19.836 28.976 0.9591975212
15 231.909 102.182 20.898 25.136 0.9573160410
16 129.853 142.624 17.405 26.912 0.9390544295
17 162.101 110.776 11.922 14.386 0.9379105568
