0 291.021 78.478 28.769 36.224 0.9998368025
1 206.528 87.688 26.548 34.394 0.9997574687
2 139.275 75.597 33.514 51.100 0.9997103810
3 383.448 74.781 27.424 35.304 0.9996858835
4 440.726 70.608 31.266 35.634 0.9995810390
5 74.154 81.371 27.560 33.141 0.9995751977
6 12.235 97.478 28.528 34.434 0.9993670583
7 167.020 57.442 25.851 29.966 0.9993379712
8 249.771 90.836 26.487 33.381 0.9993104935
9 244.398 59.725 24.465 28.244 0.9971677661
10 321.289 57.728 32.822 41.113 0.9967067838
11 50.768 88.005 17.226 23.541 0.9754936099
12 407.424 67.083 22.565 30.593 0.9741887450
13 205.008 66.259 22.516 25.827 0.9701331854
