0 439.325 70.436 31.235 39.566 0.9998311996
1 111.967 44.699 32.557 42.510 0.9996392727
2 205.090 90.028 23.185 30.768 0.9975268245
3 334.112 94.987 16.605 20.663 0.9946452379
4 10.399 106.601 22.969 26.139 0.9939681292
5 398.160 122.219 12.405 17.456 0.9937306643
6 512.771 104.787 18.827 24.455 0.9911031723
7 267.742 80.561 20.170 26.416 0.9880268574
8 351.053 105.285 18.132 23.433 0.9862498045
9 237.718 107.239 14.058 18.620 0.9854878783
10 30.374 104.995 17.036 23.740 0.9699206352
11 128.387 92.734 16.459 20.418 0.9384774566
