0 196.312 111.551 11.569 12.707 0.9909657240
1 260.736 105.062 11.012 13.613 0.9877106547
2 246.918 99.998 10.193 13.476 0.9833388329
3 88.686 109.427 10.962 14.214 0.9827374816
4 460.664 97.513 9.983 12.734 0.9814894795
5 77.405 97.922 9.425 12.341 0.9809814692
6 57.360 110.120 10.187 12.811 0.9809302092
7 370.685 107.843 10.786 13.561 0.9800735116
8 310.523 104.050 9.389 11.719 0.9797776341
9 293.797 110.048 9.974 11.990 0.9792405367
10 346.109 85.160 9.646 11.932 0.9785177708
11 218.388 105.775 9.041 11.898 0.9771848321
12 398.183 114.860 9.935 12.452 0.9754813313
13 398.696 94.489 9.673 11.866 0.9752232432
14 436.819 89.319 9.403 11.724 0.9742719531
15 452.154 114.588 10.781 13.562 0.9740360379
16 487.332 109.156 9.790 12.685 0.9738588929
17 276.363 94.626 9.329 12.055 0.9738374949
18 164.702 95.497 9.514 12.115 0.9733807445
19 191.212 97.878 10.679 13.254 0.9732507467
20 262.111 89.381 8.715 11.138 0.9727150202
21 154.481 90.259 9.059 11.661 0.9722893238
22 180.853 88.648 9.211 11.296 0.9722236395
23 424.302 106.741 9.867 12.377 0.9717607498
24 328.818 75.129 8.230 10.447 0.9714040160
25 94.344 90.997 8.850 11.179 0.9711899161
26 419.225 82.747 8.453 10.912 0.9704293609
27 316.428 82.946 8.785 11.012 0.9691872001
28 375.414 85.967 9.267 11.590 0.9685653448
29 228.264 105.249 9.910 13.178 0.9673028588
30 167.235 114.114 10.169 12.578 0.9657402635
31 124.420 91.311 8.969 11.555 0.9655751586
32 134.871 111.142 11.020 14.048 0.9647242427
33 228.447 74.488 8.572 11.174 0.9642474055
34 111.500 106.263 9.452 12.148 0.9633373618
35 331.635 103.429 9.896 12.577 0.9611682296
36 148.897 67.955 8.568 10.849 0.9611520171
37 209.297 84.646 8.777 11.340 0.9601737857
38 200.051 78.175 8.484 10.570 0.9599586129
39 276.454 76.986 8.321 10.443 0.9577733278
40 291.627 88.036 8.974 11.023 0.9574637413
41 172.584 65.267 8.388 10.779 0.9555599093
42 264.853 70.936 7.884 9.993 0.9472336173
43 367.692 69.615 8.121 10.252 0.9447737336
44 195.962 66.788 8.454 10.821 0.9446126223
45 355.752 74.573 9.354 11.570 0.9436659217
46 171.132 78.882 8.883 11.024 0.9366829991
47 387.104 79.210 8.127 10.288 0.9363411069
48 338.744 100.408 9.069 11.740 0.9357503653
49 113.442 86.902 7.988 10.233 0.9345495105
50 252.397 78.895 7.624 10.059 0.9311231971
51 393.211 71.477 7.980 10.054 0.9304521680
52 340.513 71.488 7.966 10.549 0.9277314544
53 409.328 87.942 8.453 10.669 0.9274720550
54 236.576 93.664 8.528 10.480 0.9259476662
55 136.583 95.488 8.633 11.532 0.9240823388
56 415.478 83.770 8.531 11.117 0.9225366116
57 142.644 86.369 7.863 9.902 0.9211627245
58 245.294 76.141 7.697 9.876 0.9182041287
59 132.100 75.435 7.776 9.829 0.9038422704
60 332.979 73.831 8.095 10.590 0.9025970697
