0 444.170 110.523 14.690 18.849 0.9956982136
1 416.294 100.943 12.657 17.227 0.9951354861
2 470.812 113.969 18.598 19.657 0.9942998886
3 184.327 58.370 34.890 47.765 0.9942551255
4 387.677 109.084 12.528 14.662 0.9930385947
5 234.908 103.736 14.015 18.242 0.9923555851
6 432.111 101.462 13.855 17.166 0.9918025136
7 26.201 94.020 16.222 19.868 0.9911161661
8 290.620 75.708 29.507 53.197 0.9871359468
9 210.372 84.198 18.081 22.063 0.9861342311
10 107.727 92.764 13.462 18.341 0.9860990047
11 268.864 106.328 10.367 12.661 0.9802119732
12 47.575 85.824 11.028 13.713 0.9769401550
13 362.639 104.856 11.589 14.008 0.9478213787
14 259.399 96.966 9.376 11.810 0.9188687205
15 140.997 88.667 8.917 10.606 0.9000991583
