0 833.188 35.551 55.266 74.726 0.9999953508
1 582.242 42.542 60.223 71.624 0.9999915361
2 125.962 89.009 46.827 59.666 0.9999738932
3 699.902 62.596 36.179 45.809 0.9999074936
4 323.880 87.413 48.747 53.129 0.9998934269
5 447.230 76.392 30.952 39.461 0.9998557568
6 46.605 90.091 33.040 38.806 0.9998553991
7 205.267 47.732 39.038 48.816 0.9992544055
8 648.241 51.401 40.526 45.693 0.9991194606
9 307.862 69.964 31.391 47.869 0.9985742569
10 -0.420 82.068 30.797 53.182 0.9984098673
11 501.641 96.075 38.292 48.485 0.9981443882
12 520.612 73.859 31.565 41.459 0.9958301187
13 807.826 40.186 39.170 59.178 0.9935578704
14 99.849 101.204 32.541 41.170 0.9927005768
