0 57.255 87.775 32.916 40.740 0.9999489784
1 331.753 75.815 31.074 38.556 0.9999052286
2 204.423 79.292 37.941 45.857 0.9999037981
3 421.964 80.619 37.742 48.634 0.9996445179
4 286.989 88.190 26.038 30.667 0.9995483756
5 367.485 183.087 39.157 52.262 0.9979481101
6 106.952 107.795 15.881 22.693 0.9943217039
7 402.776 108.513 18.427 24.125 0.9890341759
8 375.425 109.545 9.879 11.529 0.9714302421
9 95.807 254.381 26.865 61.959 0.9597740769
10 483.734 101.451 9.211 12.357 0.9429317117
11 321.959 108.737 10.255 13.301 0.9324054122
