0 179.401 107.395 25.888 34.373 0.9996423721
1 150.764 122.719 26.873 33.283 0.9996410608
2 227.527 145.149 26.823 32.250 0.9995880723
3 66.104 126.084 28.042 33.176 0.9991925359
4 440.581 126.566 24.055 31.719 0.9989796281
5 275.152 143.821 25.225 30.626 0.9988792539
6 344.421 142.898 24.329 30.633 0.9987605810
7 498.231 126.380 23.035 30.816 0.9985365868
8 835.222 121.829 23.269 28.567 0.9968254566
9 601.495 128.408 23.825 30.807 0.9964984655
10 377.292 118.195 22.205 28.292 0.9952589869
11 746.751 127.720 21.375 25.821 0.9898489714
12 566.425 129.386 21.428 25.584 0.9881089330
