0 826.248 207.619 34.068 43.523 0.9999022484
1 764.104 224.958 27.164 38.561 0.9997898936
2 715.352 251.164 22.239 31.190 0.9976912737
3 253.565 238.838 16.000 21.559 0.9955554605
4 793.298 196.478 22.434 30.956 0.9942650199
5 712.100 224.258 17.186 22.334 0.9902952909
6 762.892 190.620 16.242 24.090 0.9870513678
7 218.066 222.983 22.183 24.614 0.9870142937
8 617.533 256.654 17.332 23.325 0.9853892922
9 4.444 268.501 10.144 12.730 0.9848313332
10 141.457 199.297 21.080 25.766 0.9781044126
11 598.087 263.539 13.962 20.223 0.9772097468
12 646.777 255.032 17.575 25.151 0.9761872292
13 18.349 274.326 9.528 11.232 0.9673970938
14 96.284 211.096 17.261 25.215 0.9547418356
15 664.230 230.081 16.075 20.889 0.9483967423
16 680.691 228.436 15.102 22.034 0.9424175024
17 733.817 209.345 19.415 27.576 0.9401739240
18 683.047 252.685 19.069 27.231 0.9339547753
