0 515.295 128.274 54.582 67.541 0.9999912977
1 276.468 89.120 58.124 79.717 0.9999859333
2 194.322 260.202 57.354 69.779 0.9999837875
3 736.713 250.957 50.008 62.484 0.9999827147
4 365.724 222.724 67.369 84.237 0.9999796152
5 160.507 71.237 62.182 72.454 0.9999537468
6 649.944 269.537 45.779 57.218 0.9999392033
7 841.923 166.815 34.833 42.520 0.9999033213
8 675.136 196.613 47.162 51.673 0.9997689128
9 810.202 247.817 50.996 51.205 0.9997140765
10 213.288 155.769 60.997 73.148 0.9996317625
11 1.682 6.975 60.510 96.515 0.9995967746
