0 535.757 146.166 30.411 35.541 0.9999163151
1 185.104 123.595 30.446 36.736 0.9999130964
2 94.747 157.252 31.062 34.867 0.9998661280
3 403.553 137.523 27.721 38.955 0.9996825457
4 157.690 145.327 24.806 29.860 0.9988529682
5 318.835 158.297 14.586 18.820 0.9985097051
6 296.877 243.226 23.921 28.216 0.9980779886
7 287.245 197.786 21.887 25.420 0.9900369644
8 220.514 149.368 20.438 23.421 0.9892088771
9 360.449 166.248 19.350 26.019 0.9811336994
10 44.052 171.235 16.659 17.090 0.9789030552
11 322.735 199.520 20.125 25.507 0.9784417748
12 306.998 169.306 9.612 13.796 0.9363948703
