0 535.348 286.111 13.259 13.475 0.9950190783
1 579.046 287.614 13.395 16.484 0.9941831231
2 36.466 218.562 12.651 15.131 0.9938287139
3 522.784 211.214 12.791 15.700 0.9935611486
4 407.548 251.053 11.808 14.030 0.9927990437
5 465.880 282.179 13.342 13.504 0.9925038815
6 585.229 230.784 13.104 14.895 0.9923822284
7 90.293 205.006 12.432 16.145 0.9912681580
8 492.497 232.974 10.850 13.848 0.9912653565
9 304.586 269.781 12.393 15.042 0.9911090136
10 308.415 214.383 12.050 15.798 0.9909056425
11 205.623 202.017 11.735 13.326 0.9902415872
12 220.285 211.823 11.734 14.253 0.9901172519
13 397.299 214.887 11.339 13.927 0.9898918867
14 192.511 243.534 11.988 14.764 0.9888092875
15 382.065 208.268 10.098 13.099 0.9881436229
16 59.282 204.824 12.390 15.606 0.9876387119
17 506.751 274.457 12.531 14.825 0.9859247804
18 153.051 199.928 9.852 12.503 0.9853772521
19 128.442 230.531 10.654 13.218 0.9852899909
20 550.173 224.301 13.077 14.290 0.9851908088
21 0.888 219.402 11.273 14.064 0.9851709008
22 326.001 212.931 10.071 12.548 0.9851210117
23 420.471 209.625 10.788 13.478 0.9844712019
24 90.992 230.188 11.917 14.813 0.9841223955
25 297.015 212.147 10.290 13.508 0.9840024114
26 172.115 208.738 11.347 14.201 0.9837776423
27 342.081 221.635 10.744 13.276 0.9836924076
28 439.865 214.254 10.172 12.649 0.9820232987
29 468.278 215.035 11.284 13.259 0.9815246463
30 358.043 209.643 11.449 14.699 0.9806156754
31 189.861 216.445 10.033 12.784 0.9800015092
32 75.575 204.523 10.013 12.514 0.9798424840
33 369.431 206.104 9.383 12.156 0.9796094298
34 14.689 206.453 10.112 12.647 0.9795848131
35 247.633 269.267 11.748 15.221 0.9785695076
36 453.964 208.586 9.968 12.689 0.9780800343
37 330.796 201.058 9.128 11.450 0.9775251746
38 338.993 270.828 11.921 14.660 0.9774553776
39 442.665 228.663 11.216 12.858 0.9774178863
40 238.925 208.029 10.509 12.938 0.9763416052
41 413.139 282.290 13.045 13.195 0.9762162566
42 152.024 257.971 10.918 13.701 0.9759914875
43 275.880 199.053 9.568 11.792 0.9755418301
44 102.694 223.376 10.028 12.468 0.9750217199
45 255.283 215.913 9.762 12.951 0.9733847976
46 263.150 200.260 9.789 12.274 0.9721413851
47 341.124 206.883 9.560 12.133 0.9701488018
48 281.210 210.869 10.466 13.317 0.9672139883
49 225.731 272.716 10.624 12.821 0.9657589197
50 505.130 213.559 11.810 13.402 0.9626972675
51 189.518 205.355 10.523 12.425 0.9623702168
52 375.845 278.561 10.736 12.681 0.9623497128
53 271.193 212.136 9.589 11.968 0.9617951512
54 183.721 275.414 11.309 12.471 0.9614651799
55 162.131 208.754 9.443 12.418 0.9611925483
56 140.360 211.395 8.910 10.811 0.9598429799
57 293.384 201.443 10.031 11.824 0.9588826299
58 251.118 201.652 9.695 11.736 0.9577860236
59 307.449 198.088 9.263 11.385 0.9478901625
60 375.565 226.162 10.036 12.955 0.9445918798
61 437.242 202.751 9.536 11.647 0.9440981746
62 415.936 222.652 10.595 12.780 0.9435101151
63 126.871 210.787 10.457 12.435 0.9429199100
64 375.121 251.766 9.173 11.521 0.9422423840
65 279.330 283.229 10.049 11.441 0.9383010268
66 114.391 213.579 10.339 12.763 0.9377037883
67 62.352 226.155 11.494 13.172 0.9360868931
68 229.601 203.516 9.768 12.193 0.9143057466
69 153.061 214.703 9.270 11.698 0.9131419659
70 157.958 211.457 9.350 12.281 0.9047982693
71 390.148 201.415 9.030 11.024 0.9034808278
72 233.461 205.388 10.165 12.490 0.9008265734
