0 269.265 70.792 36.392 45.955 0.9998049140
1 401.888 77.847 28.093 36.803 0.9997801185
2 309.481 82.664 27.422 30.661 0.9996606112
3 491.047 65.875 29.298 34.162 0.9996588230
4 2.206 28.981 26.022 34.002 0.9990090132
5 196.338 55.433 36.628 49.338 0.9974777102
6 444.467 92.253 23.515 28.064 0.9961823821
7 382.264 87.119 19.351 24.915 0.9895581603
8 360.270 101.473 16.580 21.683 0.9890236855
9 39.472 52.580 20.598 25.968 0.9872695208
10 117.136 43.102 20.911 26.886 0.9831578732
11 63.591 70.140 19.429 21.658 0.9721601009
12 336.547 93.268 16.346 22.575 0.9680687189
