0 125.232 101.553 22.315 28.874 0.9981253743
1 189.254 120.428 22.607 27.538 0.9972422123
2 621.991 105.682 19.335 22.927 0.9957531691
3 54.626 105.663 22.943 26.896 0.9952416420
4 314.555 98.997 19.043 23.854 0.9942560792
5 228.959 120.439 21.258 25.235 0.9922075868
6 149.789 90.444 21.921 27.593 0.9913541675
7 696.035 101.337 20.135 24.770 0.9906098247
8 287.218 119.910 20.001 25.267 0.9902008176
9 366.890 105.648 20.485 27.417 0.9894015193
10 470.636 107.592 18.878 22.591 0.9892727137
11 557.923 123.395 16.647 17.163 0.9860306978
12 501.083 107.155 20.066 25.918 0.9791300893
13 415.335 105.451 19.412 25.392 0.9760856628
