0 78.581 93.630 57.104 72.647 0.9999799728
1 250.366 103.672 54.205 70.569 0.9999654293
2 386.043 88.482 58.577 72.829 0.9997569919
3 340.052 103.199 29.600 33.768 0.9995307922
4 170.803 99.224 44.613 49.438 0.9991781116
5 470.177 87.312 44.279 48.433 0.9985575080
6 478.200 139.168 49.130 48.512 0.9982150793
7 380.475 8.449 27.015 28.585 0.9973425269
8 193.619 10.289 27.451 30.551 0.9968951941
9 361.593 56.286 28.761 33.924 0.9928432703
10 0.792 64.409 25.029 31.100 0.9895225167
11 281.253 10.414 27.021 28.509 0.9878875017
12 30.441 16.873 23.318 26.860 0.9780710340
13 93.111 63.098 28.431 28.840 0.9775913954
14 531.774 67.113 20.450 27.704 0.9687540531
