0 106.893 229.311 16.776 19.233 0.9988169670
1 52.506 228.117 17.879 19.101 0.9979009628
2 439.121 232.718 14.619 17.353 0.9974215031
3 202.761 225.370 14.028 17.345 0.9968133569
4 481.315 233.931 13.107 16.129 0.9954227805
5 286.834 220.973 14.533 17.969 0.9952750206
6 514.345 228.872 13.971 16.953 0.9944465160
7 321.090 223.378 16.126 18.555 0.9942660928
8 7.799 194.121 13.105 15.118 0.9939697981
9 108.251 175.666 12.679 16.309 0.9938212633
10 361.615 225.107 13.983 17.367 0.9934393764
11 401.760 226.233 14.555 18.908 0.9932790399
12 41.134 195.789 10.778 13.764 0.9932458997
13 242.772 227.722 14.966 18.244 0.9919369221
14 70.708 174.898 12.278 13.297 0.9917553663
15 457.265 184.291 11.273 14.277 0.9914571643
16 157.540 225.468 14.708 16.993 0.9911077619
17 126.732 135.104 12.056 15.396 0.9910152555
18 419.978 140.010 11.358 13.754 0.9909562469
19 343.594 139.077 11.672 15.173 0.9908459783
20 193.127 185.005 11.343 14.153 0.9901425838
21 232.415 183.424 11.271 14.995 0.9893764257
22 469.712 128.875 12.906 16.247 0.9890912175
23 514.492 144.786 11.064 12.887 0.9889239669
24 388.812 178.669 11.683 14.755 0.9885188937
25 311.436 186.511 11.735 15.256 0.9872083068
26 547.909 227.831 15.684 17.864 0.9870042205
27 276.304 182.876 10.952 14.623 0.9863406420
28 354.402 181.648 11.306 14.776 0.9842893481
29 519.838 184.914 11.737 15.434 0.9829565287
30 566.459 175.154 11.266 14.911 0.9821972847
31 594.447 229.472 14.842 18.879 0.9809261560
32 636.812 193.587 11.878 14.656 0.9793325663
33 423.188 189.583 11.677 15.576 0.9760851860
34 146.537 185.435 11.851 15.218 0.9755707383
35 486.988 181.601 10.997 14.466 0.9736843109
36 219.011 146.053 11.694 13.321 0.9684668183
37 601.462 190.771 11.026 11.557 0.9643766284
38 375.670 151.944 10.495 12.849 0.9515184760
39 304.007 153.905 9.312 12.442 0.9492352009
40 255.291 134.259 11.009 13.859 0.9365011454
41 611.898 161.337 10.505 13.402 0.9317321181
