0 140.233 217.350 29.133 36.475 0.9999613762
1 31.724 71.403 30.041 40.440 0.9997904897
2 463.899 225.456 30.024 31.575 0.9997850060
3 225.999 211.061 29.853 33.063 0.9995279312
4 294.362 184.262 25.642 32.794 0.9993093014
5 360.968 183.368 26.386 32.814 0.9992241859
6 430.121 109.707 24.658 30.013 0.9992052913
7 64.514 196.733 27.549 38.611 0.9991136193
8 366.096 102.507 24.028 29.649 0.9989638329
9 112.258 260.579 29.102 41.583 0.9984905720
10 269.016 84.707 22.292 30.825 0.9976397753
11 184.026 106.896 24.149 28.110 0.9976093769
12 465.121 92.479 23.324 27.514 0.9967895150
13 319.577 97.897 22.917 28.425 0.9959788322
14 227.069 91.365 21.943 28.789 0.9957643747
15 131.706 104.007 22.366 25.697 0.9952562451
16 85.078 78.971 20.742 29.778 0.9947323799
17 398.072 91.250 21.357 25.885 0.9837035537
18 358.434 81.113 20.225 25.979 0.9820267558
19 181.776 88.791 19.907 24.330 0.9123242497
20 137.937 77.677 19.830 26.655 0.9063006043
