0 446.399 132.549 15.855 20.953 0.9954319000
1 325.554 141.911 16.448 21.069 0.9941819310
2 506.464 123.590 17.014 22.127 0.9930682182
3 484.688 125.227 16.029 22.175 0.9919716120
4 230.963 135.004 14.984 19.205 0.9904567599
5 265.025 131.364 18.471 24.183 0.9883602858
6 381.637 134.562 13.545 17.879 0.9864808321
7 210.933 140.973 19.391 25.343 0.9851288795
8 101.901 113.281 22.642 30.986 0.9849101901
9 439.492 207.714 15.083 21.407 0.9842756391
10 329.979 124.722 13.410 16.715 0.9826958179
11 443.888 117.078 14.310 18.862 0.9768112898
12 397.776 137.455 9.870 14.528 0.9589712620
13 500.113 212.165 17.875 25.101 0.9525901675
14 431.259 133.447 11.149 14.391 0.9474955201
15 35.164 142.577 18.888 30.247 0.9423679709
16 468.592 129.390 11.270 15.123 0.9305375218
