0 239.066 346.575 13.451 17.222 0.9970359802
1 104.044 355.491 12.752 15.818 0.9955810905
2 564.526 351.671 12.286 15.775 0.9942534566
3 868.330 351.792 11.991 15.219 0.9934287667
4 705.216 347.197 13.232 17.252 0.9932702184
5 849.162 315.223 12.188 14.892 0.9932397604
6 64.581 362.370 13.134 15.592 0.9932004809
7 367.523 342.112 12.954 17.195 0.9931286573
8 263.832 319.288 12.042 14.900 0.9929301143
9 656.225 359.947 11.777 14.817 0.9919689298
10 323.815 359.692 12.561 15.314 0.9918465614
11 723.038 335.978 12.673 15.404 0.9916031957
12 833.559 340.149 13.484 16.646 0.9912095070
13 754.160 354.894 11.968 16.153 0.9910682440
14 280.139 360.478 12.119 15.711 0.9908299446
15 789.648 343.541 11.703 14.520 0.9907940030
16 593.625 343.640 11.265 14.511 0.9906280041
17 767.296 316.219 11.729 14.452 0.9905785918
18 152.197 332.004 11.426 14.358 0.9901899695
19 339.538 338.890 11.398 14.660 0.9894689322
20 945.164 336.316 13.536 16.546 0.9892953038
21 21.363 343.284 14.046 16.333 0.9892424941
22 441.690 331.860 11.526 14.299 0.9891940355
23 906.094 351.271 11.953 15.232 0.9887485504
24 379.587 336.837 12.115 15.121 0.9883664250
25 737.186 321.960 11.200 14.018 0.9882339239
26 141.688 353.107 12.707 15.682 0.9882060885
27 513.587 354.278 12.316 15.792 0.9880950451
28 297.639 321.976 11.423 14.339 0.9879730940
29 186.439 350.935 13.691 16.478 0.9878074527
30 593.164 321.978 11.082 13.343 0.9875552058
31 375.129 319.018 11.599 14.395 0.9871451259
32 503.636 329.850 10.764 14.142 0.9870687723
33 303.537 334.659 11.460 13.927 0.9870606661
34 685.765 324.622 12.592 15.911 0.9868435264
35 614.287 347.179 12.786 16.707 0.9867486954
36 464.781 319.440 10.734 13.152 0.9864112735
37 763.711 344.780 11.701 15.205 0.9860413671
38 554.610 319.022 11.948 14.776 0.9854549170
39 190.706 311.286 12.029 14.607 0.9847661257
40 225.857 333.626 11.661 13.810 0.9845303297
41 420.972 321.935 11.493 14.733 0.9830710292
42 457.716 344.441 13.626 16.643 0.9825981259
43 409.834 350.979 13.124 16.190 0.9820537567
44 411.372 326.578 12.382 15.615 0.9819880128
45 802.618 327.606 12.382 14.493 0.9796873331
46 110.672 342.948 11.857 13.893 0.9777871370
47 486.874 342.712 11.655 14.437 0.9776884317
48 224.166 317.284 10.504 12.847 0.9767754078
49 193.100 338.337 11.231 13.506 0.9738171697
50 631.371 330.082 10.448 13.703 0.9711290598
51 274.754 340.393 11.059 14.231 0.9706112742
52 557.995 340.850 12.927 15.428 0.9593463540
53 646.122 337.192 12.501 14.622 0.9559980035
54 666.679 312.967 11.747 14.909 0.9552160501
55 804.335 314.767 11.996 14.510 0.9198468924
