0 260.760 145.484 15.552 20.334 0.9976028800
1 131.353 154.751 13.803 15.579 0.9974939823
2 288.140 110.533 12.787 15.553 0.9962808490
3 278.919 151.771 14.533 18.048 0.9962367415
4 325.119 149.893 14.487 18.578 0.9961541295
5 412.240 141.896 16.848 22.002 0.9958474040
6 28.496 149.951 13.186 16.758 0.9941799641
7 155.822 139.672 13.360 17.637 0.9941262007
8 173.952 118.262 13.218 16.013 0.9934726954
9 380.707 136.771 13.190 17.827 0.9930237532
10 401.580 117.500 14.661 17.975 0.9928115010
11 47.731 112.684 13.873 17.769 0.9927398562
12 186.385 146.892 14.117 19.413 0.9925448298
13 349.456 144.188 12.725 16.114 0.9919203520
14 455.408 157.985 12.939 16.876 0.9917919636
15 252.156 116.496 12.872 16.997 0.9917165637
16 419.135 130.017 14.189 17.651 0.9905624986
17 133.200 108.606 13.220 16.110 0.9903011322
18 195.628 132.677 12.574 16.595 0.9899860024
19 457.301 141.747 14.023 17.267 0.9895781875
20 62.534 143.179 12.775 17.216 0.9895759821
21 446.569 113.134 13.691 17.487 0.9895351529
22 89.029 152.040 13.473 17.256 0.9894465208
23 367.283 157.822 12.873 16.105 0.9891476631
24 325.010 114.188 13.168 14.941 0.9890837073
25 85.243 125.004 12.800 16.290 0.9889221191
26 400.254 155.033 12.882 15.923 0.9886680245
27 233.135 154.921 13.890 17.940 0.9882480502
28 218.474 111.687 12.756 14.068 0.9871872663
29 310.045 147.859 12.451 16.159 0.9863031507
30 158.797 166.622 11.686 15.675 0.9822831750
31 97.761 142.204 13.602 16.935 0.9791111350
32 117.806 164.198 15.659 20.031 0.9777150154
33 314.656 161.144 12.218 16.538 0.9776710272
34 361.864 121.295 12.382 13.908 0.9656137228
35 199.405 159.389 9.337 11.993 0.9499518871
