0 238.801 87.008 33.128 44.068 0.9998466969
1 137.328 94.830 30.156 43.110 0.9992777705
2 35.078 14.444 25.642 32.963 0.9992635846
3 305.746 99.438 28.734 39.026 0.9992123842
4 49.669 95.424 37.446 54.191 0.9980227947
5 97.815 0.096 23.556 28.269 0.9971441627
6 124.258 20.567 22.400 33.196 0.9969820380
7 191.425 23.185 24.770 33.942 0.9963867664
8 471.083 98.945 22.428 30.483 0.9932625890
9 416.848 23.936 16.946 22.376 0.9926843047
10 152.532 10.215 19.230 24.143 0.9917311072
11 262.172 38.336 21.059 29.843 0.9913831353
12 406.060 103.584 25.229 34.490 0.9910557270
13 297.361 5.439 18.820 24.698 0.9878514409
14 376.570 18.854 18.407 24.183 0.9853904247
15 344.388 5.368 17.442 22.266 0.9807008505
16 464.879 49.583 20.198 24.064 0.9803373814
17 3.548 -0.754 21.346 26.466 0.9720491171
18 243.111 16.490 19.218 25.327 0.9702420235
19 331.776 35.030 18.618 26.345 0.9701721668
20 486.554 39.839 13.300 17.022 0.9697366357
21 443.874 26.747 16.503 20.612 0.9684318304
22 50.354 14.356 20.513 29.611 0.9460555911
23 257.374 -1.252 21.016 14.682 0.9376562238
