0 333.287 82.162 16.147 19.413 0.9985735416
1 269.645 124.487 17.572 20.511 0.9973135591
2 299.842 78.321 13.998 18.609 0.9970222116
3 57.262 114.129 17.193 20.747 0.9964126945
4 315.800 70.649 13.447 16.697 0.9959971905
5 172.767 21.041 13.509 17.539 0.9957705140
6 325.829 117.810 17.370 21.842 0.9957427382
7 163.492 120.650 15.436 18.771 0.9957339168
8 50.448 82.933 13.469 17.501 0.9956815243
9 14.418 113.430 17.413 21.662 0.9956291914
10 11.369 55.276 14.406 18.381 0.9956220984
11 214.075 122.640 15.793 19.859 0.9954363704
12 253.352 103.017 13.210 16.509 0.9947289824
13 119.602 95.354 13.786 17.579 0.9941991568
14 90.046 87.456 14.062 18.016 0.9941484928
15 256.277 45.176 13.362 17.452 0.9939363599
16 156.912 97.445 13.669 17.755 0.9936664701
17 334.383 39.885 12.063 15.438 0.9934213758
18 219.838 16.217 12.713 16.611 0.9933547974
19 372.384 88.157 15.494 19.188 0.9931579232
20 116.252 36.333 11.447 14.880 0.9922203422
21 108.184 116.815 16.018 19.792 0.9920874238
22 137.891 39.494 12.844 16.526 0.9920054078
23 386.576 67.934 12.750 16.417 0.9917751551
24 284.134 93.611 15.354 18.659 0.9917146564
25 359.938 72.315 13.142 16.247 0.9907134771
26 55.716 39.145 12.075 15.003 0.9906037450
27 17.018 83.293 15.607 19.520 0.9896558523
28 89.858 39.521 11.302 13.923 0.9894394279
29 300.757 41.546 10.968 14.247 0.9891237020
30 378.659 115.844 18.354 23.249 0.9889523387
31 284.039 37.701 11.360 15.283 0.9889017344
32 23.162 29.742 11.483 15.245 0.9880968332
33 193.064 102.651 13.529 17.435 0.9878968000
34 80.788 80.359 12.315 14.786 0.9878736138
35 315.163 37.958 11.131 14.582 0.9864760041
36 385.756 26.347 11.817 14.590 0.9842128158
37 266.338 34.304 11.545 14.960 0.9839402437
38 40.230 66.002 14.025 18.238 0.9826217890
39 101.942 72.116 12.885 16.505 0.9819521308
40 78.212 30.575 11.431 14.848 0.9809954762
41 1.958 26.235 11.702 14.195 0.9783015251
42 282.018 75.741 12.835 16.398 0.9772219658
43 362.593 43.157 11.483 14.418 0.9763274193
44 71.238 72.182 12.553 15.946 0.9761055112
45 106.053 29.138 11.776 15.654 0.9753585458
46 349.654 79.545 12.264 17.208 0.9724465609
47 34.342 36.979 11.601 14.735 0.9721664190
48 249.941 34.205 11.922 14.658 0.9642505050
49 115.437 84.734 12.546 14.351 0.9519198537
50 -1.235 73.254 11.584 18.958 0.9259712696
51 362.145 31.296 12.330 14.341 0.9240390062
52 28.183 77.282 13.495 16.878 0.9040014148
