0 305.090 113.087 15.390 18.425 0.9974873066
1 274.683 134.268 16.080 19.232 0.9971466660
2 352.284 117.786 13.383 15.879 0.9971110821
3 359.505 162.863 14.218 17.829 0.9967813492
4 203.368 137.360 13.621 17.663 0.9965445399
5 270.805 158.341 15.467 18.298 0.9964319468
6 443.906 233.410 15.636 20.483 0.9960790277
7 502.628 222.755 17.878 22.548 0.9957869649
8 100.349 147.720 13.709 17.361 0.9955868721
9 320.919 238.052 15.329 16.729 0.9954172373
10 487.988 116.936 15.649 19.445 0.9953977466
11 51.465 118.386 13.651 15.995 0.9949893355
12 289.465 242.293 14.157 18.550 0.9948792458
13 93.117 110.954 14.346 17.277 0.9945595860
14 171.748 151.539 16.921 20.224 0.9942579269
15 0.617 226.450 16.493 21.097 0.9939938188
16 484.342 159.067 15.770 20.101 0.9937632680
17 36.494 125.198 14.108 18.491 0.9937031865
18 145.160 109.653 14.111 18.226 0.9933962226
19 316.356 155.281 16.464 21.425 0.9922515750
20 11.803 117.142 14.134 16.841 0.9921172261
21 123.311 103.723 14.602 18.040 0.9919852018
22 221.961 162.477 14.715 19.003 0.9918949008
23 403.948 231.013 16.757 21.523 0.9916586280
24 241.085 136.197 14.330 18.314 0.9916222692
25 443.740 135.701 15.582 19.905 0.9910987020
26 161.280 144.877 13.539 19.206 0.9907656908
27 258.210 108.606 15.589 17.977 0.9906278849
28 113.304 160.379 14.810 16.681 0.9904616475
29 364.489 227.312 15.729 21.192 0.9903957248
30 529.122 153.068 14.413 19.798 0.9895506501
31 30.135 154.650 13.642 17.206 0.9891473055
32 210.492 110.325 13.614 17.394 0.9880557060
33 403.832 147.420 18.295 23.811 0.9877896309
34 61.076 159.043 14.938 18.527 0.9877771139
35 166.044 111.530 13.690 16.770 0.9875712395
36 96.464 230.227 15.407 20.471 0.9872050285
37 197.196 121.908 13.425 16.049 0.9870833158
38 233.353 114.983 14.050 15.852 0.9869273305
39 333.088 111.897 14.731 17.597 0.9867724776
40 45.724 229.259 15.066 20.265 0.9865056872
41 451.763 150.206 16.915 21.640 0.9836322069
42 129.781 153.717 13.224 16.773 0.9829590321
43 145.842 236.315 15.565 16.636 0.9797327518
44 129.770 128.241 13.199 17.359 0.9794158936
45 268.276 119.204 15.653 20.517 0.9755065441
46 392.773 124.776 15.137 16.077 0.9673448205
47 182.611 112.221 13.106 15.469 0.9648597240
48 439.310 121.880 15.745 19.048 0.9634591937
