0 476.666 76.899 36.257 39.498 0.9999350309
1 278.699 158.343 34.033 41.816 0.9999305010
2 82.101 76.575 36.854 40.765 0.9999248981
3 420.188 5.916 31.756 39.049 0.9998995066
4 21.119 190.495 38.950 41.426 0.9998556376
5 333.900 50.109 37.453 42.786 0.9998260140
6 18.815 75.345 29.839 36.283 0.9997666478
7 512.710 190.521 43.986 69.721 0.9996918440
8 323.652 174.269 41.980 61.665 0.9995885491
9 334.821 1.390 27.128 36.717 0.9991385937
10 284.171 46.071 29.334 31.203 0.9991076589
11 519.656 39.006 29.713 30.316 0.9989870191
12 198.264 26.806 25.926 27.982 0.9985966086
13 255.875 26.752 25.631 29.858 0.9984101057
14 132.240 33.238 26.150 31.530 0.9978943467
15 212.367 105.892 41.660 49.203 0.9972532392
16 141.273 97.536 23.199 26.310 0.9952335954
17 171.556 26.778 22.689 26.198 0.9947577119
18 222.196 7.283 22.168 25.881 0.9938574433
19 480.749 32.060 22.633 26.606 0.9933177233
20 104.932 24.278 21.440 26.456 0.9906242490
21 306.338 0.359 22.179 28.045 0.9869623780
22 1.364 57.136 22.738 31.223 0.9840334654
23 1.684 137.678 21.614 41.739 0.9829743505
24 52.171 22.701 21.634 24.820 0.9817973375
25 364.763 33.613 27.720 33.322 0.9186722636
26 0.272 17.351 20.399 26.370 0.9003821015
