0 417.833 316.958 23.989 31.965 0.9994208813
1 352.316 317.580 24.031 31.819 0.9990009665
2 869.424 323.106 24.164 30.350 0.9988339543
3 492.241 311.525 25.043 33.412 0.9987170696
4 269.370 314.852 24.265 29.709 0.9986615181
5 800.432 321.148 24.335 28.995 0.9984884262
6 742.583 321.250 23.875 29.580 0.9982419014
7 685.983 321.071 23.485 31.269 0.9974280000
8 123.215 325.066 22.754 27.661 0.9967286587
9 65.212 331.394 22.946 29.668 0.9951425791
10 185.406 314.713 22.355 27.631 0.9950816631
11 615.893 312.916 21.556 29.376 0.9927539229
12 920.395 323.398 22.558 24.797 0.9822551012
13 558.041 346.603 19.651 27.218 0.9615779519
