0 194.314 164.831 27.470 29.763 0.9994951487
1 210.958 197.412 26.658 32.543 0.9994874001
2 363.882 151.146 26.300 32.169 0.9994102716
3 163.506 191.699 27.503 31.445 0.9994101524
4 464.236 175.102 25.640 31.947 0.9992393255
5 430.554 136.820 24.243 32.653 0.9992349148
6 46.061 207.013 25.965 28.956 0.9992132187
7 523.231 147.079 27.506 31.516 0.9991202950
8 311.556 186.208 25.630 31.290 0.9990662932
9 50.415 141.885 23.694 29.806 0.9990274906
10 132.952 161.051 25.143 31.274 0.9986434579
11 399.430 184.231 24.648 32.536 0.9983115196
12 268.690 170.757 23.583 29.067 0.9970577955
13 95.968 209.727 24.203 28.988 0.9916493893
