0 397.779 299.407 11.699 14.593 0.9909037948
1 481.366 276.403 11.245 14.085 0.9903725386
2 207.313 300.629 12.087 15.379 0.9899253845
3 653.687 308.145 10.795 14.556 0.9890515208
4 437.045 287.210 9.511 12.524 0.9888384342
5 819.601 292.599 11.804 14.223 0.9888351560
6 785.864 304.666 10.860 13.946 0.9885153174
7 228.993 277.227 10.608 13.045 0.9880225658
8 753.217 305.424 10.772 13.602 0.9874908328
9 445.562 307.552 11.171 14.288 0.9870759845
10 533.626 301.507 11.096 14.645 0.9868698716
11 258.121 279.906 9.851 12.137 0.9868459702
12 489.624 305.751 11.021 13.556 0.9863043427
13 422.615 297.365 10.045 13.012 0.9856680632
14 568.996 312.495 10.781 13.290 0.9850978851
15 166.234 270.305 10.520 12.943 0.9844157100
16 90.425 308.268 11.522 14.671 0.9839622974
17 594.323 281.445 11.827 14.798 0.9824204445
18 611.254 301.290 11.496 15.044 0.9818468690
19 55.874 315.236 11.028 13.242 0.9816276431
20 294.691 294.112 10.587 13.649 0.9815426469
21 662.283 299.262 10.749 13.459 0.9814540148
22 131.761 288.436 10.292 13.209 0.9810076356
23 684.552 298.012 10.796 13.503 0.9809104800
24 736.123 273.803 10.794 13.408 0.9808261395
25 357.426 283.682 10.659 13.839 0.9805784225
26 325.924 277.738 10.218 12.528 0.9803281426
27 666.042 274.478 10.636 12.913 0.9801383018
28 329.900 292.760 10.267 12.755 0.9798230529
29 122.694 306.931 11.058 13.907 0.9790062308
30 238.377 295.534 10.269 13.176 0.9789985418
31 162.050 304.588 11.498 14.136 0.9786725044
32 627.475 291.915 10.902 13.479 0.9781277180
33 280.857 312.697 10.843 13.065 0.9779039621
34 722.440 295.451 12.044 14.847 0.9771943688
35 578.769 272.121 10.610 13.299 0.9765539169
36 514.284 278.628 10.471 12.865 0.9761090279
37 696.269 284.724 10.683 12.873 0.9759760499
38 365.045 279.824 10.238 13.350 0.9759144187
39 194.838 288.953 11.245 13.487 0.9755309224
40 560.687 293.402 10.804 12.541 0.9749920964
41 355.653 304.236 11.755 14.349 0.9735045433
42 242.880 312.717 10.873 14.132 0.9731271267
43 639.416 279.860 10.091 12.576 0.9722200036
44 547.881 286.931 9.360 12.130 0.9715249538
45 403.412 277.689 9.592 11.828 0.9701098800
46 18.661 298.621 11.984 14.202 0.9695666432
47 514.717 298.106 10.282 13.049 0.9695034027
48 383.711 288.381 9.786 12.149 0.9643122554
49 167.087 294.060 9.858 12.018 0.9630981684
50 263.532 290.335 10.347 12.659 0.9611552358
51 95.086 297.431 10.631 12.542 0.9593939781
52 319.156 296.776 11.334 15.136 0.9510198832
