0 393.002 196.556 28.481 33.080 0.9997600913
1 72.908 197.246 27.787 31.860 0.9997033477
2 304.754 185.416 26.154 33.251 0.9996808767
3 481.785 212.267 26.788 34.221 0.9996410608
4 629.320 221.898 24.510 31.241 0.9990389347
5 219.222 215.102 24.555 32.652 0.9990359545
6 155.330 228.330 24.725 30.291 0.9989425540
7 564.865 215.869 24.760 31.384 0.9988859296
8 700.523 232.521 24.623 29.852 0.9986419082
9 348.444 165.118 23.410 30.361 0.9984852672
10 126.555 188.460 23.751 29.588 0.9972409010
11 562.373 177.321 22.980 29.335 0.9955653548
12 177.067 164.694 23.017 28.064 0.9950915575
13 436.166 177.381 21.418 27.230 0.9945514798
14 505.142 190.020 22.980 27.091 0.9945256710
15 692.095 199.392 22.756 26.066 0.9944397211
16 245.470 181.375 21.840 26.124 0.9850126505
17 622.864 202.274 21.675 25.454 0.9800930023
18 649.366 200.132 20.671 26.534 0.9668141007
