0 65.580 149.174 27.466 34.208 0.9997699857
1 154.717 87.773 25.303 32.930 0.9994838238
2 468.878 152.465 26.958 34.257 0.9994468093
3 128.795 156.104 23.954 30.188 0.9989602566
4 126.557 41.454 23.292 26.609 0.9971441627
5 298.904 154.559 23.446 29.089 0.9969793558
6 196.556 42.450 22.552 28.173 0.9968022108
7 320.548 42.665 22.948 26.787 0.9958438277
8 36.128 99.190 22.028 28.800 0.9952970147
9 102.158 77.408 21.522 27.821 0.9951759577
10 251.374 38.254 23.084 25.168 0.9949426055
11 495.900 40.192 21.521 25.306 0.9918839931
12 14.938 67.573 21.426 24.366 0.9898265600
13 560.513 42.474 21.431 24.821 0.9858012795
14 424.891 35.531 19.748 27.358 0.9829640985
15 53.205 60.138 21.256 19.378 0.9225234389
