0 161.268 113.208 30.763 34.785 0.9998250604
1 370.102 125.909 31.703 41.588 0.9997895360
2 255.131 159.089 14.985 20.776 0.9972656965
3 16.448 169.749 16.556 20.538 0.9963034391
4 106.634 150.873 15.169 18.318 0.9955400825
5 404.445 157.802 15.871 20.189 0.9952179193
6 72.708 158.701 13.772 17.136 0.9935193658
7 235.295 158.043 16.994 23.606 0.9933161139
8 314.991 145.008 17.777 25.014 0.9916304946
9 29.637 157.933 13.272 16.542 0.9904230833
10 547.015 131.883 16.572 26.777 0.9880651832
11 89.090 145.220 15.832 21.040 0.9709232450
12 296.495 145.982 15.491 20.328 0.9692713022
13 56.408 163.644 8.682 11.390 0.9651883245
