0 413.907 80.774 57.403 67.522 0.9999965429
1 102.820 27.002 59.862 80.203 0.9999889135
2 299.519 191.991 32.677 39.712 0.9999692440
3 311.912 266.137 52.470 64.820 0.9999659061
4 270.057 194.335 34.725 38.357 0.9997653365
5 354.090 119.373 27.014 31.247 0.9993430972
6 138.711 95.526 26.883 35.436 0.9969953299
7 254.658 119.095 19.200 22.777 0.9951779842
8 281.046 135.607 20.599 24.265 0.9885476828
9 197.011 121.154 20.623 26.384 0.9864348173
10 315.206 136.225 11.973 14.549 0.9846540093
11 217.634 122.075 18.574 28.162 0.9677218795
