0 452.283 241.908 10.372 13.510 0.9858270884
1 63.727 279.916 10.237 13.684 0.9823409319
2 434.959 259.643 10.189 13.283 0.9815093279
3 96.359 255.760 9.981 12.923 0.9744288921
4 406.543 259.046 10.364 12.806 0.9738776088
5 78.812 244.763 9.886 12.034 0.9720860720
6 308.258 245.590 11.465 14.098 0.9716920853
7 147.809 277.282 10.124 13.152 0.9703654051
8 117.028 250.375 8.680 10.816 0.9700636268
9 360.152 253.514 9.177 11.772 0.9684177637
10 503.419 281.211 10.108 13.488 0.9677067995
11 401.151 284.095 10.074 12.738 0.9674270153
12 24.346 279.330 10.485 13.396 0.9672623873
13 129.942 260.334 9.977 12.185 0.9658370614
14 526.517 247.173 8.854 11.454 0.9653198123
15 386.680 246.122 9.265 11.715 0.9649044275
16 343.642 257.734 9.155 11.542 0.9634889364
17 206.698 256.045 10.252 12.792 0.9625527859
18 565.170 254.303 9.550 11.786 0.9560542107
19 351.527 282.225 9.982 12.964 0.9512639642
20 476.073 278.134 10.017 13.330 0.9511067271
21 52.746 256.586 9.646 12.210 0.9495326281
22 193.335 245.016 9.710 12.164 0.9492701292
23 155.213 244.904 9.792 11.804 0.9471983910
24 286.181 258.923 9.009 11.708 0.9462278485
25 264.518 246.804 8.519 10.924 0.9440512657
26 115.418 287.049 9.976 12.829 0.9405580759
27 239.791 271.539 9.463 12.239 0.9365805984
28 574.228 272.365 10.799 13.432 0.9219982028
29 478.981 253.726 8.253 10.569 0.9168742299
30 488.561 258.815 9.487 12.557 0.9135316014
31 511.790 262.207 9.013 11.175 0.9118656516
32 416.447 246.407 9.143 11.039 0.9089404941
