0 595.413 149.454 24.966 31.253 0.9977828860
1 159.262 160.443 14.495 17.479 0.9944420457
2 466.542 182.920 14.012 20.176 0.9933433533
3 183.506 171.969 12.131 16.974 0.9855883121
4 550.820 137.330 11.954 17.222 0.9846118093
5 493.055 181.421 13.384 19.895 0.9828148484
6 102.611 142.765 15.399 20.470 0.9826221466
7 446.048 185.212 12.992 17.009 0.9798953533
8 529.263 148.114 15.880 22.565 0.9792638421
9 513.698 161.246 12.597 16.769 0.9775173068
10 516.888 180.255 15.638 23.527 0.9709308743
11 479.892 166.930 10.392 13.928 0.9683414102
12 69.862 152.921 12.609 17.508 0.9488641620
13 550.720 162.525 19.803 26.213 0.9482159019
14 431.149 190.482 10.592 14.535 0.9478757977
15 3.102 193.790 7.781 9.587 0.9054639935
