0 546.498 44.631 35.793 40.746 0.9999746084
1 58.151 68.182 32.484 39.368 0.9999167919
2 100.353 69.855 29.998 36.415 0.9998950958
3 22.554 71.755 30.883 41.876 0.9998917580
4 399.933 91.647 33.592 43.853 0.9996525049
5 325.906 77.647 38.932 49.349 0.9995679259
6 264.351 52.099 26.467 33.707 0.9992026687
7 195.089 54.794 26.007 33.713 0.9989634752
8 466.066 62.457 39.031 50.296 0.9989629984
9 293.704 48.319 27.078 31.806 0.9989418387
10 587.534 51.172 23.219 31.020 0.9984359145
11 160.176 56.545 24.793 34.500 0.9977536798
12 128.246 61.340 26.625 38.704 0.9970006347
13 315.849 55.941 23.723 34.607 0.9923134446
14 219.859 49.901 23.323 33.952 0.9815270305
