0 606.928 164.485 49.806 59.659 0.9999585152
1 851.924 185.942 34.457 41.361 0.9999079704
2 273.393 141.564 32.960 43.575 0.9998745918
3 455.683 167.844 44.747 55.851 0.9998102784
4 391.416 159.299 27.218 36.593 0.9996789694
5 32.151 172.322 33.539 44.300 0.9995595813
6 345.330 189.047 38.980 51.021 0.9995469451
7 172.808 128.171 37.307 48.621 0.9994043112
8 1.547 126.359 22.177 28.490 0.9946939349
9 95.026 184.740 36.054 52.339 0.9909158349
10 423.121 151.639 22.438 29.316 0.9878783822
11 335.305 145.536 21.889 29.163 0.9858083725
12 565.124 169.596 20.156 31.545 0.9675914049
13 727.064 173.551 31.212 39.153 0.9164986610
