0 25.844 143.114 34.006 42.622 0.9999728203
1 603.967 167.430 37.023 46.853 0.9999396801
2 719.912 183.573 36.167 46.103 0.9999215603
3 194.307 100.929 30.990 36.699 0.9999189377
4 295.981 133.744 31.911 38.360 0.9998793602
5 272.988 203.927 40.068 49.210 0.9997468591
6 527.963 176.558 32.437 38.870 0.9996839762
7 489.925 124.636 27.325 33.053 0.9996165037
8 853.006 162.246 26.923 29.556 0.9996137023
9 776.532 175.801 42.142 52.201 0.9996052384
10 132.176 198.238 42.725 55.319 0.9995160103
11 856.664 110.414 26.022 29.808 0.9994556308
12 431.252 172.119 41.031 52.045 0.9992793202
13 513.813 100.091 25.186 31.702 0.9991800189
14 740.797 128.221 21.028 27.484 0.9964144230
15 402.124 110.638 25.161 25.833 0.9958570600
16 700.500 130.999 19.776 25.669 0.9928870797
17 593.856 108.467 22.098 27.604 0.9927341938
18 738.637 104.574 19.137 22.510 0.9918249846
19 263.352 104.079 20.648 27.729 0.9893928766
20 235.644 103.724 20.600 26.732 0.9862366915
21 577.394 102.726 20.247 28.648 0.9803562164
22 -0.289 68.328 21.555 41.057 0.9790093303
23 317.821 106.863 15.682 20.902 0.9758560658
24 485.734 105.541 21.103 25.185 0.9433364272
25 150.699 122.090 15.611 16.813 0.9397268295
