0 336.325 16.436 39.526 44.519 0.9999474287
1 325.678 146.587 43.200 65.535 0.9998520613
2 2.729 42.315 30.952 37.679 0.9998468161
3 279.173 130.224 34.997 43.998 0.9997372031
4 70.060 42.736 38.700 43.788 0.9997010231
5 487.477 43.985 34.383 41.048 0.9996657372
6 284.406 10.290 30.693 33.047 0.9995780587
7 206.786 75.458 43.786 51.983 0.9994533658
8 3.983 163.502 41.269 44.514 0.9993940592
9 123.220 0.908 26.886 30.683 0.9972471595
10 132.489 65.161 24.319 28.266 0.9972200394
11 370.536 0.218 26.938 32.011 0.9686732888
12 491.757 0.199 25.251 25.631 0.9655320644
13 164.678 -0.961 23.825 19.636 0.9425820708
14 253.624 -0.323 25.622 21.975 0.9388331175
15 400.730 133.869 32.195 61.119 0.9349760413
