0 109.269 147.015 12.755 15.911 0.9938959479
1 279.868 134.149 12.294 14.972 0.9928486347
2 59.649 119.594 11.813 14.984 0.9925578833
3 176.333 146.404 12.767 16.018 0.9924988151
4 532.204 102.471 12.326 14.876 0.9924943447
5 79.423 147.564 12.164 15.021 0.9921777844
6 411.918 79.905 12.227 15.502 0.9921482205
7 196.316 141.055 12.638 15.886 0.9919524789
8 24.944 150.136 12.127 14.822 0.9903391004
9 425.772 150.039 11.825 13.966 0.9890788198
10 46.095 150.957 11.679 13.720 0.9885398746
11 396.832 138.707 11.859 14.484 0.9884346724
12 183.997 80.693 12.581 16.188 0.9883636236
13 288.208 80.986 11.607 15.493 0.9879631996
14 512.523 148.493 12.498 15.133 0.9876977801
15 313.165 140.760 12.460 15.781 0.9868457317
16 151.875 143.085 12.353 14.752 0.9867219925
17 147.511 89.463 11.910 14.290 0.9853956103
18 479.962 92.655 11.254 14.350 0.9852541089
19 424.671 122.765 10.255 12.633 0.9846610427
20 449.432 145.185 12.180 15.339 0.9845741391
21 81.832 121.604 11.577 13.812 0.9845126271
22 235.208 138.331 12.056 15.526 0.9839856029
23 254.402 86.703 12.119 15.116 0.9833657146
24 368.335 141.428 11.735 14.048 0.9820823073
25 240.726 122.602 10.340 12.826 0.9817471504
26 141.215 119.599 10.217 12.993 0.9812533259
27 296.345 121.632 10.580 13.795 0.9812218547
28 127.538 121.340 11.187 13.817 0.9804941416
29 353.765 125.960 10.266 11.667 0.9797762632
30 464.547 89.540 9.674 12.744 0.9797762632
31 493.771 143.980 13.373 16.270 0.9793357253
32 114.568 87.545 11.596 12.471 0.9793074131
33 518.170 108.466 11.058 13.188 0.9786739945
34 350.538 75.476 11.718 14.977 0.9763813615
35 322.733 84.940 12.003 15.308 0.9753159881
36 218.732 83.266 12.150 14.500 0.9745532274
37 87.017 84.661 11.811 15.295 0.9734221101
38 339.379 141.656 10.985 14.020 0.9718529582
39 490.636 118.046 10.826 13.154 0.9697830677
40 403.303 124.119 10.010 12.113 0.9689177871
41 110.768 117.375 11.852 14.478 0.9687612057
42 478.918 147.492 11.074 13.245 0.9677435160
43 198.147 115.284 10.681 12.499 0.9664002061
44 379.252 122.610 9.858 11.635 0.9660598636
45 567.455 148.859 10.061 12.529 0.9581522942
46 535.125 146.167 10.342 12.612 0.9556056261
47 501.729 88.972 12.444 13.792 0.9554545283
48 442.898 117.198 10.856 13.868 0.9545468092
49 377.329 78.013 11.605 14.153 0.9537235498
50 259.209 125.886 9.916 11.768 0.9525410533
51 438.733 90.489 11.328 13.020 0.9501802325
52 169.928 121.026 10.281 12.252 0.9497308731
53 220.712 127.072 9.357 11.157 0.9380298853
54 464.468 113.924 11.126 13.482 0.9370102882
55 331.048 122.567 9.415 11.452 0.9196737409
