0 524.650 323.401 32.703 41.251 0.9998190999
1 310.318 148.457 17.088 18.818 0.9937822223
2 87.899 55.826 18.409 23.050 0.9919198751
3 59.116 88.179 16.923 21.187 0.9913547635
4 232.082 133.164 17.092 20.982 0.9875673056
5 404.608 177.961 20.265 23.973 0.9865384102
6 23.953 79.928 18.762 19.270 0.9859704375
7 119.405 114.178 21.490 24.238 0.9817739129
8 203.682 126.388 14.995 17.584 0.9779311419
9 178.128 172.857 17.636 20.876 0.9747933745
10 279.372 176.830 18.436 24.075 0.9727233648
11 343.282 166.328 13.915 21.298 0.9699352384
12 100.777 105.411 18.902 25.197 0.9650987983
