0 419.008 326.897 36.567 41.550 0.9999735355
1 288.930 318.367 36.411 46.742 0.9999277592
2 655.892 327.876 39.096 47.628 0.9999153614
3 247.546 308.872 38.357 48.921 0.9998993874
4 486.178 338.347 40.620 41.111 0.9998964071
5 173.641 333.348 37.514 48.646 0.9998369217
6 588.587 316.870 36.083 48.441 0.9998051524
7 543.423 162.036 43.162 56.598 0.9997462630
8 210.096 335.541 35.025 46.339 0.9997287393
9 332.872 307.326 39.084 49.546 0.9997242093
10 626.195 292.636 37.913 47.785 0.9997177720
11 373.380 326.686 38.764 46.774 0.9996115565
12 68.674 310.954 43.269 53.170 0.9995129108
13 456.492 306.310 36.815 50.163 0.9993488193
14 391.720 130.822 40.562 56.011 0.9990671277
15 547.737 341.801 39.837 49.391 0.9987755418
16 117.822 326.614 39.786 49.305 0.9984190464
