0 136.192 164.863 19.654 23.853 0.9950241446
1 384.691 134.655 17.190 21.939 0.9946600795
2 116.616 135.847 16.101 20.513 0.9935215116
3 254.978 138.076 17.862 22.771 0.9931066632
4 444.784 145.850 19.099 24.522 0.9922351241
5 190.498 139.472 15.582 19.114 0.9903323054
6 323.027 118.360 18.107 23.945 0.9896504879
7 531.116 154.385 21.063 25.945 0.9892073870
8 295.378 151.388 20.191 25.812 0.9869114161
9 71.088 144.106 19.126 23.167 0.9865737557
10 224.974 163.607 20.022 26.173 0.9842377305
11 371.501 155.712 19.544 25.223 0.9783225656
