0 52.485 136.127 11.024 14.300 0.9873987436
1 86.771 111.140 12.594 15.482 0.9858355522
2 456.401 104.930 11.434 14.206 0.9854902029
3 498.024 109.104 11.902 15.105 0.9822090268
4 227.687 112.648 11.332 15.553 0.9756278396
5 345.689 108.670 12.472 15.062 0.9753202796
6 419.129 106.408 11.111 14.175 0.9734281898
7 307.165 99.516 11.197 14.455 0.9732783437
8 266.736 105.548 12.110 15.820 0.9725278616
9 34.589 107.092 11.800 14.705 0.9703032374
10 158.938 110.881 11.218 14.195 0.9676916003
11 190.740 113.137 11.421 14.240 0.9671151638
12 122.653 112.160 10.847 13.641 0.9659827948
13 382.410 97.394 11.783 14.863 0.9643673301
