0 501.788 176.919 35.856 39.952 0.9999449253
1 761.645 172.140 35.726 44.312 0.9999214411
2 823.390 191.619 35.994 44.667 0.9998291731
3 297.303 164.124 30.099 37.029 0.9997943044
4 625.870 172.546 32.520 41.258 0.9997541308
5 407.623 162.643 28.657 36.928 0.9997455478
6 817.889 163.376 28.716 32.254 0.9997207522
7 561.800 190.137 28.696 40.387 0.9995762706
8 698.193 143.078 26.586 33.437 0.9994420409
9 506.129 144.664 27.405 30.517 0.9987603426
10 613.600 157.557 20.162 31.069 0.9916225076
11 662.195 165.383 20.813 28.395 0.9647511840
12 630.372 142.453 20.172 27.280 0.9150662422
