0 127.614 101.543 54.261 66.097 0.9999918938
1 346.827 55.379 58.660 82.463 0.9999883175
2 417.447 45.119 53.402 70.947 0.9999651909
3 182.221 17.550 58.453 71.447 0.9999649525
4 66.329 60.267 50.242 69.162 0.9996631145
5 309.456 79.424 28.052 35.426 0.9988921285
6 230.508 60.537 42.814 54.430 0.9986411929
7 252.696 1.243 24.265 29.222 0.9967905879
8 144.926 2.441 21.905 28.855 0.9860585332
9 320.981 4.509 19.552 24.451 0.9828304052
10 112.512 12.651 22.827 26.592 0.9819828272
11 347.151 -0.406 23.752 17.547 0.9723572731
12 0.408 13.699 18.280 21.602 0.9692959785
13 47.044 9.233 20.913 25.015 0.9327918291
