0 145.313 54.351 30.157 33.555 0.9997146726
1 223.748 99.837 29.070 42.720 0.9997089505
2 230.077 14.702 25.978 29.668 0.9996131063
3 56.854 31.704 25.740 28.844 0.9992086291
4 16.316 112.027 25.700 27.750 0.9987950325
5 192.220 88.718 23.597 29.200 0.9980787039
6 97.745 45.673 16.611 20.090 0.9976577759
7 119.044 0.488 15.170 16.410 0.9905211926
8 135.869 -0.315 18.352 18.412 0.9872417450
9 196.982 9.243 19.635 23.609 0.9844871163
10 90.820 3.121 18.592 23.893 0.9741831422
11 270.287 89.321 22.664 41.159 0.9668415189
12 13.854 31.147 20.113 26.100 0.9661964178
13 1.010 18.094 15.537 23.086 0.9661914110
14 175.178 -0.885 18.468 20.823 0.9629049897
15 73.040 -0.363 14.578 15.977 0.9534070492
16 35.753 0.610 17.196 15.016 0.9134331942
