0 825.587 207.376 34.517 44.061 0.9998531342
1 763.667 224.639 27.272 38.793 0.9996803999
2 715.324 251.064 22.257 31.499 0.9978923202
3 253.575 238.840 15.994 21.622 0.9950897098
4 712.051 224.365 17.194 22.285 0.9918849468
5 794.520 197.045 21.318 30.107 0.9915095568
6 762.775 191.172 16.127 23.718 0.9887069464
7 218.901 223.059 21.616 24.887 0.9873233438
8 617.947 257.010 16.840 22.731 0.9855895638
9 4.536 268.471 10.084 12.668 0.9840214849
10 598.029 263.936 13.642 19.903 0.9824500084
11 646.590 254.959 17.778 25.315 0.9770118594
12 664.649 230.762 14.943 20.001 0.9706739783
13 96.989 212.048 16.456 24.183 0.9705364704
14 18.362 274.285 9.417 11.276 0.9649027586
15 142.217 198.835 20.827 25.811 0.9630489349
16 680.665 228.532 15.111 22.075 0.9567303658
17 733.942 209.633 19.128 27.077 0.9530985355
18 683.038 252.453 19.060 27.209 0.9372214675
