0 329.313 84.301 52.187 69.376 0.9999911785
1 107.228 60.432 57.268 69.732 0.9999797344
2 10.452 110.091 38.185 42.567 0.9999040365
3 282.820 0.916 39.964 42.321 0.9998666048
4 184.892 7.329 38.491 48.890 0.9998413324
5 84.274 34.389 36.984 46.401 0.9997822642
6 216.719 65.605 47.395 57.061 0.9997071624
7 419.527 -0.448 44.453 38.642 0.9997046590
8 221.226 0.133 36.097 34.311 0.9993059635
9 52.557 81.635 42.435 47.434 0.9990962744
10 133.600 20.691 36.424 41.490 0.9986597300
11 148.431 62.174 41.746 60.378 0.9976680875
12 271.386 45.113 43.847 50.834 0.9972816706
13 332.802 22.585 44.899 48.944 0.9958236217
14 55.826 17.214 27.685 41.715 0.9949126244
15 396.805 -0.478 32.119 29.057 0.9947598577
16 4.512 71.114 29.617 41.736 0.9876435995
17 1.626 47.317 30.474 37.558 0.9734087586
