0 170.743 104.743 29.198 34.651 0.9997631907
1 316.483 101.074 24.466 32.242 0.9983910918
2 396.140 121.857 14.559 18.068 0.9978911281
3 450.420 111.724 18.761 22.349 0.9966301322
4 79.841 134.272 12.780 16.368 0.9965208769
5 63.324 134.009 13.272 16.138 0.9955949187
6 222.019 119.769 20.082 21.429 0.9953025579
7 204.427 123.951 12.676 15.887 0.9947384000
8 489.593 110.994 23.078 25.283 0.9943501353
9 44.475 128.291 14.683 17.542 0.9942284822
10 148.915 127.286 12.234 14.264 0.9938035011
11 340.073 118.730 13.990 17.092 0.9936330318
12 251.725 121.462 13.901 17.161 0.9932762384
13 26.526 128.014 14.297 17.778 0.9925118685
14 277.089 119.732 18.104 19.581 0.9919814467
15 372.152 115.265 17.394 22.211 0.9900791645
16 411.650 115.134 18.175 23.232 0.9881389737
17 9.896 128.302 13.752 17.575 0.9874727726
18 361.027 122.117 15.001 19.683 0.9865307212
19 119.010 133.633 13.494 15.657 0.9863612652
20 96.982 131.748 14.948 18.718 0.9840922356
21 1.164 131.046 10.783 14.222 0.9798464179
22 532.923 111.163 20.057 26.640 0.9658295512
