0 159.433 105.817 26.067 31.395 0.9996869564
1 460.296 126.167 26.326 30.679 0.9996404648
2 81.108 135.118 26.894 30.774 0.9995859265
3 347.078 119.064 23.985 33.132 0.9992955923
4 276.798 170.864 17.203 22.443 0.9951879978
5 255.297 208.497 21.303 25.685 0.9948557615
6 189.849 128.100 16.946 20.316 0.9940825105
7 309.972 142.837 16.733 22.987 0.9924708605
8 247.097 169.687 18.747 22.699 0.9915660620
9 137.183 124.788 20.963 26.274 0.9886732697
10 274.398 136.240 12.243 15.328 0.9789499044
11 37.543 147.300 13.582 15.528 0.9717227221
12 391.420 138.529 14.089 18.509 0.9430181980
13 263.149 145.213 9.106 12.531 0.9401810169
