0 346.276 54.560 22.702 28.736 0.9980723858
1 101.043 49.259 13.351 18.814 0.9965734482
2 400.033 9.646 14.920 20.075 0.9962672591
3 48.429 9.026 16.394 20.863 0.9956392050
4 506.838 34.026 17.001 21.464 0.9950436354
5 482.882 3.168 14.774 19.312 0.9941343665
6 98.494 80.069 19.701 22.488 0.9939308167
7 314.123 14.119 13.933 18.621 0.9937754869
8 415.147 41.111 17.126 20.251 0.9915482402
9 308.770 45.492 15.625 17.755 0.9905058742
10 223.455 19.180 15.249 19.156 0.9902168512
11 214.308 66.616 19.572 25.565 0.9864658713
12 475.530 73.164 16.959 22.123 0.9848995209
13 133.699 21.759 13.664 17.411 0.9847310781
14 44.272 85.731 14.630 22.177 0.9828543663
15 145.888 98.131 20.626 28.558 0.9769831896
16 398.222 91.985 19.790 20.947 0.9736379981
17 1.543 103.142 20.899 25.850 0.9633920193
18 169.524 76.273 15.288 23.929 0.9134466648
19 121.775 112.068 16.346 28.910 0.9002828598
