0 264.470 109.908 57.176 75.556 0.9999767542
1 83.592 100.108 60.261 77.046 0.9999681711
2 408.433 95.563 64.685 77.071 0.9999564886
3 181.601 105.116 45.962 53.599 0.9998204112
4 505.279 145.805 53.612 54.403 0.9995767474
5 204.975 12.389 29.612 31.856 0.9994276166
6 382.513 60.682 30.358 36.401 0.9992650151
7 360.619 111.260 30.987 34.720 0.9986969829
8 497.928 92.807 45.621 49.142 0.9979503751
9 402.926 10.183 27.281 29.001 0.9965672493
10 297.515 11.959 28.185 29.920 0.9927939177
11 563.185 72.295 21.801 28.953 0.9925998449
12 1.502 71.860 24.679 30.228 0.9923992753
13 31.769 18.173 25.670 29.639 0.9915128350
14 98.142 68.467 29.287 27.434 0.9655400515
15 502.317 14.150 26.275 29.719 0.9122962952
