0 246.268 172.510 112.755 154.563 0.9999998808
1 602.302 65.657 117.803 173.929 0.9999997616
2 163.779 254.450 59.332 76.407 0.9999639988
3 922.892 174.008 62.670 92.355 0.9999557734
4 460.358 210.006 69.895 92.781 0.9999393225
5 39.634 265.108 57.898 75.492 0.9999169111
6 414.726 251.153 52.537 73.019 0.9999119043
7 817.707 169.823 90.477 102.212 0.9998134971
8 86.028 225.431 40.085 49.189 0.9992501140
9 366.494 210.158 42.523 62.410 0.9992318153
10 125.401 252.608 43.630 55.028 0.9977177382
11 -0.221 195.267 64.347 119.694 0.9947921634
