0 103.714 267.620 56.449 90.014 0.9996335506
1 283.014 89.293 26.283 31.231 0.9990562797
2 318.188 74.907 23.905 29.358 0.9981746674
3 70.900 101.192 23.484 28.134 0.9978213310
4 167.870 104.817 22.959 30.551 0.9964215755
5 358.505 65.880 18.817 20.836 0.9960546494
6 222.967 73.477 23.773 29.408 0.9959431291
7 36.494 68.292 22.841 28.258 0.9957659245
8 398.758 107.866 21.819 28.470 0.9936023355
9 174.341 51.220 18.927 23.648 0.9904621243
10 402.078 54.504 18.045 22.460 0.9902566671
11 453.757 107.749 21.981 28.046 0.9887420535
12 528.894 30.513 16.675 23.000 0.9885214567
13 523.639 86.147 16.045 20.521 0.9882923961
14 151.662 43.043 13.903 19.164 0.9876428843
15 120.394 87.871 20.506 27.341 0.9874646664
16 181.971 88.402 22.034 27.429 0.9852309227
17 163.108 72.994 18.999 23.873 0.9829211831
18 424.173 60.557 21.079 25.773 0.9809231758
19 233.304 21.232 11.011 14.623 0.9750435948
20 452.251 73.608 11.305 18.544 0.9732152224
21 434.509 40.567 14.895 16.410 0.9728056192
22 326.737 47.895 13.744 20.457 0.9691348076
23 340.587 57.814 14.534 19.634 0.9656139612
24 100.627 63.196 15.552 17.497 0.9645110369
25 503.749 54.309 18.145 24.712 0.9635342360
26 272.399 35.842 14.271 18.795 0.9629247785
27 299.492 70.308 16.522 22.200 0.9627304077
28 56.428 66.642 15.537 21.630 0.9512766004
29 183.493 17.959 11.224 14.180 0.9445700049
30 220.035 26.314 10.895 13.727 0.9433490634
31 312.391 50.358 15.348 20.237 0.9378185868
32 106.376 78.733 19.593 26.874 0.9044188857
