0 20.884 106.590 30.061 37.199 0.9999749660
1 653.607 135.793 35.032 42.075 0.9999661446
2 229.606 158.945 33.805 40.910 0.9999564886
3 507.801 126.310 31.592 40.531 0.9999465942
4 363.092 131.437 34.956 43.902 0.9999402761
5 607.246 142.370 29.265 36.336 0.9998389482
6 249.225 99.311 26.826 31.532 0.9997743964
7 110.496 155.426 36.302 45.651 0.9996157885
8 164.310 71.565 25.962 31.176 0.9995070696
9 444.794 135.837 27.359 31.885 0.9994329810
10 589.629 96.770 16.776 21.636 0.9971939325
11 412.467 91.068 23.006 28.482 0.9961708188
12 221.751 73.732 16.881 23.235 0.9933595061
13 721.116 79.275 21.797 25.646 0.9925028086
14 499.276 77.960 18.695 23.579 0.9911941886
15 199.546 72.969 16.185 22.336 0.9896836281
16 718.082 122.890 22.474 25.109 0.9895281196
17 433.464 71.867 19.967 26.042 0.9857320189
18 623.197 93.976 17.840 23.898 0.9854619503
19 338.368 80.778 21.457 22.110 0.9824894667
20 621.958 75.444 15.112 18.542 0.9755748510
21 267.435 76.098 13.307 17.208 0.9748055339
22 0.222 43.876 19.291 34.758 0.9690913558
