0 155.603 241.617 14.789 18.731 0.9960766435
1 588.760 240.599 14.657 17.448 0.9930416346
2 779.293 195.065 14.577 19.517 0.9918848276
3 357.964 234.922 12.979 15.503 0.9876310229
4 708.234 198.003 12.608 15.011 0.9870636463
5 642.050 230.736 14.161 16.726 0.9845601320
6 564.055 228.951 12.411 15.273 0.9827948213
7 513.113 238.584 13.597 16.431 0.9796149135
8 454.432 233.236 12.283 16.920 0.9774033427
9 229.815 238.514 12.762 14.871 0.9744083285
10 289.222 241.478 14.596 18.225 0.9721410275
11 425.278 232.227 15.810 18.090 0.9599813819
12 59.793 237.513 9.676 16.044 0.9475825429
13 794.936 205.077 11.202 13.710 0.9340626001
