0 360.732 93.541 35.130 48.646 0.9998717308
1 16.720 107.829 31.756 39.721 0.9998583794
2 263.890 492.777 28.380 34.728 0.9997296929
3 487.669 517.466 27.066 33.515 0.9995771050
4 361.686 484.567 26.501 35.537 0.9994918108
5 414.191 487.121 27.047 30.286 0.9994392991
6 148.706 515.370 25.332 31.539 0.9993382096
7 321.535 99.126 29.601 36.324 0.9991746545
8 124.128 100.398 23.699 32.105 0.9989880919
9 199.382 81.263 40.081 54.098 0.9974802136
10 62.946 517.493 21.956 32.901 0.9970749617
11 0.137 421.441 29.189 52.929 0.9945882559
12 521.304 85.570 15.271 19.532 0.9902021885
13 128.762 77.727 21.290 27.786 0.9863005877
14 300.697 103.071 20.326 25.788 0.9857573509
15 269.100 95.513 19.816 25.900 0.9804717898
16 429.677 97.138 12.809 16.689 0.9660530686
