0 272.283 33.832 31.107 41.980 0.9998047948
1 416.895 347.107 28.069 36.910 0.9997667670
2 319.362 362.283 27.194 35.122 0.9997559190
3 22.308 30.250 27.723 36.472 0.9997079968
4 320.818 24.865 31.504 38.882 0.9997026324
5 268.474 273.799 26.538 33.835 0.9996664524
6 341.235 342.269 25.629 33.973 0.9994039536
7 103.967 405.824 24.185 29.857 0.9993769526
8 43.164 378.564 23.962 30.243 0.9987663031
9 330.173 418.957 24.421 34.480 0.9984695315
10 93.750 368.068 22.996 29.087 0.9981058836
11 217.917 342.894 22.634 29.834 0.9972034693
12 430.099 18.668 18.518 23.910 0.9963100553
13 448.391 179.946 26.217 26.156 0.9962944388
14 60.009 258.677 13.567 17.579 0.9957069755
15 115.400 242.863 15.450 18.985 0.9949264526
16 210.572 392.658 23.637 24.684 0.9944971204
17 110.273 32.894 20.907 27.626 0.9936385751
18 25.724 386.745 16.648 21.959 0.9928613305
19 88.047 264.715 12.726 16.238 0.9919726849
20 21.806 242.714 14.233 18.285 0.9909712076
21 353.031 427.036 23.918 35.606 0.9736239910
22 226.983 31.493 19.711 37.430 0.9492393136
23 364.105 374.940 15.879 25.588 0.9268248081
