0 529.600 39.331 54.327 65.610 0.9999883175
1 759.995 33.191 50.842 66.461 0.9999717474
2 188.189 43.609 34.354 44.051 0.9998163581
3 589.631 47.980 37.444 40.743 0.9997621179
4 638.667 58.287 31.804 39.875 0.9997392297
5 115.055 81.895 42.109 53.144 0.9995598197
6 41.745 80.999 30.573 36.446 0.9995520711
7 408.725 69.857 26.847 34.923 0.9995390177
8 294.905 77.459 44.343 47.553 0.9993681312
9 -0.121 76.340 28.046 46.335 0.9990567565
10 457.194 87.615 33.382 43.565 0.9990045428
11 736.070 38.876 34.204 47.808 0.9988118410
12 475.179 68.023 27.326 35.949 0.9945135117
13 280.464 63.464 29.653 44.655 0.9944445491
14 92.805 94.238 26.463 34.825 0.9256047010
