0 236.822 139.944 11.733 14.912 0.9904351234
1 204.930 138.060 10.919 13.815 0.9886205196
2 132.869 148.898 11.163 14.573 0.9885259867
3 342.047 175.552 10.145 13.105 0.9874528050
4 130.842 4.085 9.256 12.134 0.9867770076
5 145.202 143.365 10.286 13.056 0.9861175418
6 158.899 295.213 10.768 18.186 0.9856839180
7 433.089 160.833 11.282 14.221 0.9846463799
8 114.674 95.710 10.364 13.117 0.9840573668
9 80.074 175.912 10.492 13.579 0.9840137362
10 170.687 157.946 11.002 14.013 0.9839460850
11 177.309 142.340 10.981 14.005 0.9839083552
12 249.156 157.642 11.728 14.277 0.9836543202
13 403.098 13.194 9.000 11.831 0.9833768606
14 214.270 12.314 8.639 11.130 0.9829416871
15 285.235 163.242 11.249 14.939 0.9826794863
16 320.821 133.879 10.432 12.437 0.9826002717
17 248.391 134.565 10.631 13.277 0.9824026823
18 217.988 139.944 9.661 12.468 0.9813185334
19 92.010 153.238 10.937 13.879 0.9810123444
20 79.062 11.728 8.643 11.322 0.9802109599
21 165.849 9.057 8.621 11.226 0.9801915884
22 148.276 8.841 8.880 11.879 0.9796600938
23 299.324 152.104 10.369 13.680 0.9790592194
24 -0.001 145.977 10.911 15.130 0.9790136814
25 114.743 163.432 9.156 13.685 0.9789062738
26 80.644 93.907 9.811 12.185 0.9782317281
27 453.779 154.388 10.330 12.737 0.9780871868
28 473.933 165.869 11.701 13.963 0.9772820473
29 436.985 297.408 12.245 17.380 0.9772385359
30 70.709 156.922 9.744 12.992 0.9768838286
31 18.457 155.759 10.912 13.800 0.9765340090
32 118.944 142.085 10.235 13.097 0.9765165448
33 207.383 167.373 11.291 14.071 0.9760036469
34 53.877 13.294 10.221 12.541 0.9758756757
35 366.239 15.206 8.759 11.147 0.9754934907
36 379.786 13.113 9.198 11.803 0.9753622413
37 451.439 14.383 9.036 11.730 0.9749451876
38 30.634 31.517 10.009 12.706 0.9742267728
39 177.577 7.660 8.701 11.330 0.9741895795
40 94.358 10.022 8.334 10.623 0.9741224647
41 432.402 34.535 8.928 11.253 0.9734062552
42 372.816 33.276 9.164 11.685 0.9727660418
43 338.048 154.344 10.286 12.591 0.9722107649
44 20.325 9.376 9.552 12.212 0.9720688462
45 267.356 159.037 10.056 13.377 0.9714933634
46 339.697 10.890 8.585 10.965 0.9713715315
47 199.523 10.590 8.603 10.966 0.9710499048
48 138.895 177.611 11.245 14.345 0.9708605409
49 279.972 138.665 9.861 12.645 0.9707499743
50 56.970 152.559 10.831 13.772 0.9704678059
51 30.869 158.151 10.239 13.128 0.9703572989
52 98.973 25.682 9.329 12.004 0.9703256488
53 127.842 25.554 9.072 11.428 0.9702633619
54 322.439 16.859 8.698 11.023 0.9697192907
55 359.456 157.682 9.664 12.836 0.9692580104
56 287.288 13.358 9.189 11.351 0.9687836170
57 371.239 157.918 10.393 13.830 0.9687001109
58 234.555 8.546 8.944 10.913 0.9678297043
59 200.776 42.899 8.714 11.201 0.9678142071
60 158.888 162.696 10.652 13.142 0.9677776694
61 189.496 164.470 9.391 11.594 0.9676979780
62 111.653 10.187 9.541 12.728 0.9676868320
63 86.685 32.051 9.293 11.755 0.9672722816
64 268.102 9.843 8.490 10.852 0.9672504067
65 210.665 308.549 12.293 15.822 0.9669889808
66 148.166 97.265 9.275 11.744 0.9668465257
67 72.687 26.698 8.478 10.952 0.9655616283
68 222.839 85.246 8.283 10.535 0.9652025104
69 103.032 44.755 8.317 10.542 0.9641463161
70 478.530 100.856 10.084 11.545 0.9636120200
71 383.753 153.828 10.003 13.931 0.9632865191
72 178.906 58.466 8.623 11.000 0.9629005790
73 287.613 149.250 10.523 13.534 0.9628664255
74 129.166 104.174 9.389 12.078 0.9628313184
75 190.798 138.121 10.479 13.470 0.9627404809
76 8.460 25.256 9.125 11.241 0.9625902176
77 15.453 178.684 10.200 13.081 0.9617396593
78 304.450 138.963 9.857 12.540 0.9614984989
79 377.188 73.738 8.850 10.909 0.9609821439
80 322.880 147.420 9.579 12.038 0.9607695937
81 403.308 176.117 10.323 13.023 0.9604803920
82 394.435 153.877 10.248 12.970 0.9602942467
83 102.514 89.861 8.582 10.271 0.9601498842
84 92.014 102.612 9.715 12.080 0.9600935578
85 159.759 146.795 9.863 12.429 0.9596309066
86 314.927 167.019 10.782 13.677 0.9587663412
87 417.376 15.169 8.295 10.803 0.9582799077
88 61.049 31.813 9.337 11.673 0.9580296278
89 399.495 70.266 8.727 11.069 0.9574441910
90 462.540 147.314 10.490 13.564 0.9570498466
91 25.562 146.500 11.035 13.182 0.9565532804
92 76.406 47.559 8.723 10.832 0.9562230110
93 267.553 141.745 10.691 13.601 0.9556741118
94 20.427 58.427 8.507 10.485 0.9550777078
95 251.739 12.728 9.137 11.609 0.9543907642
96 41.961 60.399 8.164 10.060 0.9536139369
97 345.368 25.075 9.430 11.474 0.9535738230
98 346.365 140.614 9.805 11.737 0.9524105191
99 21.375 71.094 8.747 10.966 0.9519201517
100 467.982 14.759 8.808 11.293 0.9509781003
101 306.088 25.470 8.563 10.642 0.9501615763
102 428.238 58.744 8.886 11.184 0.9497469664
103 409.054 154.879 9.414 12.753 0.9490590096
104 143.550 157.689 9.821 12.723 0.9485294819
105 315.543 41.685 9.255 11.531 0.9468067884
106 97.956 88.534 8.693 10.389 0.9459694028
107 205.236 57.810 8.311 10.413 0.9445164800
108 48.807 161.861 9.735 13.005 0.9436731339
109 111.363 69.274 8.475 10.298 0.9436253905
110 424.151 139.634 10.762 12.439 0.9433642626
111 290.894 70.508 7.755 9.723 0.9432536960
112 283.797 32.352 8.753 11.152 0.9419865608
113 187.349 67.933 8.717 10.964 0.9415017962
114 215.267 32.713 8.779 11.191 0.9410009980
115 212.201 154.300 9.492 11.404 0.9409468770
116 327.658 34.089 8.971 11.680 0.9406012297
117 360.618 139.322 9.300 11.287 0.9404857159
118 416.067 27.391 8.832 11.030 0.9392329454
119 491.094 134.109 10.002 14.964 0.9385447502
120 390.334 132.086 10.862 13.373 0.9365856647
121 388.030 26.235 8.558 10.559 0.9364318252
122 -0.175 9.843 9.012 12.839 0.9348931313
123 46.774 95.726 9.677 12.719 0.9322391748
124 245.372 68.751 8.255 10.053 0.9321209788
125 435.446 15.566 8.475 10.777 0.9313647151
126 198.614 157.817 9.036 11.747 0.9298829436
127 88.700 56.867 8.626 10.499 0.9294302464
128 294.173 151.178 10.588 13.755 0.9290031791
129 418.517 162.576 8.383 10.396 0.9279953837
130 274.118 157.379 9.645 12.746 0.9276143909
131 356.267 69.634 8.038 9.849 0.9270538688
132 176.633 43.799 8.314 10.699 0.9259914160
133 219.763 119.348 8.333 9.943 0.9256246090
134 268.287 24.906 8.688 11.028 0.9249517918
135 128.208 90.842 9.613 11.749 0.9249038696
136 416.619 47.178 8.267 10.825 0.9239508510
137 136.385 71.092 8.123 9.938 0.9228248596
138 27.932 95.716 8.608 10.839 0.9216005206
139 24.455 42.102 8.239 10.881 0.9214153886
140 194.590 161.068 9.123 11.922 0.9188644886
141 338.668 46.877 8.400 10.105 0.9175747633
142 140.158 30.953 8.902 11.161 0.9175443649
143 325.867 111.640 8.051 10.426 0.9172239304
144 44.593 65.084 7.892 10.239 0.9167875648
145 170.428 91.059 9.753 11.352 0.9158955812
146 230.924 57.788 7.752 9.932 0.9113853574
147 408.243 61.222 7.961 10.217 0.9100750089
148 214.810 108.763 8.438 10.261 0.9100742936
149 395.588 85.641 11.099 12.913 0.9095979333
150 162.086 23.514 8.009 10.054 0.9072807431
151 172.191 103.800 7.961 9.693 0.9072110057
152 193.961 86.565 8.109 10.264 0.9055369496
153 217.811 69.296 8.318 10.254 0.9050528407
154 342.465 58.530 8.181 10.601 0.9036551118
155 179.432 30.789 8.908 11.185 0.9031873345
156 252.887 59.969 8.361 10.453 0.9023762941
157 297.470 104.690 8.798 10.392 0.9020338655
158 372.185 92.770 9.220 11.775 0.9017483592
159 410.269 96.229 8.161 9.702 0.9015394449
160 349.747 153.333 8.282 10.849 0.9011007547
161 403.074 33.506 8.521 10.952 0.9007709622
162 196.391 23.603 8.417 10.554 0.9003852010
