0 362.399 77.141 24.342 31.087 0.9993720651
1 241.670 99.551 29.766 25.917 0.9988982677
2 134.409 54.653 17.090 22.731 0.9913685918
3 212.042 76.397 21.788 27.881 0.9906402826
4 57.911 79.040 20.347 27.368 0.9823046923
5 45.291 55.641 17.023 22.494 0.9786735177
6 120.336 85.026 18.802 32.535 0.9674299359
7 422.519 83.627 15.498 20.601 0.9660876989
8 308.425 86.757 21.776 24.033 0.9622482657
9 144.826 83.050 19.349 21.282 0.9506105781
10 15.749 42.637 11.054 14.456 0.9481998086
11 178.840 80.091 16.814 21.539 0.9118027687
