0 745.658 398.909 70.304 104.719 0.9988399148
1 762.148 339.015 29.906 48.798 0.9972768426
2 84.529 241.850 17.747 20.604 0.9934138656
3 49.813 249.216 18.050 23.381 0.9932551384
4 168.854 248.995 11.798 14.723 0.9931760430
5 644.111 260.234 13.587 20.025 0.9930532575
6 481.682 342.192 22.448 39.785 0.9881969094
7 532.510 288.987 10.948 15.366 0.9850392342
8 125.106 235.599 14.763 17.938 0.9824091196
9 71.467 235.350 12.436 16.754 0.9752918482
10 483.163 286.189 9.152 12.246 0.9593306780
11 586.782 288.132 9.998 12.775 0.9559288025
