0 402.087 104.942 46.312 65.351 0.9999547005
1 290.805 93.014 46.114 60.038 0.9999291897
2 189.243 77.577 43.869 57.840 0.9999023676
3 3.181 80.084 33.972 47.439 0.9997853637
4 440.167 13.867 28.441 39.603 0.9996871948
5 110.574 88.005 39.626 47.262 0.9993636012
6 306.057 15.275 26.351 34.181 0.9992033839
7 471.763 42.553 29.090 37.862 0.9989025593
8 60.401 60.651 38.961 51.292 0.9987072945
9 154.160 45.589 25.568 32.760 0.9985747337
10 330.160 59.313 31.064 36.557 0.9969788790
11 178.206 45.032 26.336 36.371 0.9951186180
12 37.267 11.344 18.148 22.580 0.9946036935
13 42.004 55.855 25.242 35.264 0.9916551113
14 68.123 7.706 18.662 24.338 0.9665973186
15 173.221 6.481 20.502 25.504 0.9567939639
16 116.078 16.505 17.372 21.684 0.9429027438
17 -0.282 49.706 18.868 35.814 0.9068599939
18 375.093 46.261 23.497 28.409 0.9055655599
