0 399.149 42.670 44.867 61.632 0.9999399185
1 270.514 107.096 45.268 56.602 0.9999182224
2 58.095 97.065 31.544 34.226 0.9998879433
3 582.587 62.623 37.738 43.347 0.9998768568
4 517.005 74.367 29.429 34.155 0.9998750687
5 13.592 70.981 38.905 51.786 0.9996849298
6 95.748 95.210 22.567 29.394 0.9949900508
7 146.629 122.456 17.236 22.551 0.9912701845
8 215.356 120.486 13.238 17.679 0.9875659347
9 358.474 91.255 20.338 27.550 0.9776831269
10 180.812 127.540 15.299 18.854 0.9755154848
11 122.686 100.743 18.297 25.180 0.9641796947
