0 243.760 180.415 15.413 18.479 0.9954608083
1 183.116 179.747 15.351 18.497 0.9903463721
2 484.284 169.771 13.732 17.831 0.9896199107
3 197.816 175.890 13.696 18.820 0.9828643799
4 452.119 179.970 13.926 15.949 0.9806147218
5 215.854 183.219 11.350 13.635 0.9719783664
6 506.873 170.947 12.259 19.085 0.9636068344
7 441.716 182.174 10.002 12.737 0.9601693749
8 15.999 228.026 9.094 10.669 0.9547820091
9 401.293 186.156 10.113 12.721 0.9408718348
10 67.169 223.896 10.386 12.185 0.9319139719
11 557.182 158.811 10.964 18.384 0.9081743956
12 388.228 187.137 10.443 12.829 0.9066646099
