0 748.592 76.780 53.864 69.619 0.9999881983
1 426.051 132.272 60.728 87.614 0.9999861717
2 339.861 108.039 59.120 84.659 0.9999812841
3 10.046 48.510 55.889 71.841 0.9999784231
4 610.424 108.874 47.531 77.289 0.9999774694
5 664.214 39.894 58.772 85.544 0.9999674559
6 239.781 186.717 60.317 88.901 0.9999630451
7 800.925 7.586 55.482 75.099 0.9999616146
8 123.740 217.135 50.038 78.954 0.9999531507
9 112.678 127.025 60.815 77.253 0.9999457598
10 104.529 12.975 53.037 80.478 0.9999392033
11 462.391 20.815 46.225 65.917 0.9999366999
12 852.824 6.579 48.001 60.764 0.9999333620
13 260.947 35.130 54.635 80.176 0.9999320507
14 542.892 64.078 51.703 85.824 0.9999259710
15 384.430 4.882 53.363 83.195 0.9999072552
16 519.307 112.828 53.159 84.545 0.9999023676
17 179.821 105.806 53.259 76.826 0.9998286963
18 335.201 8.391 48.726 76.312 0.9997751117
19 150.462 5.495 47.205 74.994 0.9997695088
20 310.013 56.357 40.415 61.547 0.9948077798
21 590.029 79.585 57.913 81.657 0.9802880287
