0 410.861 168.102 16.412 20.059 0.9894512296
1 88.593 173.505 14.087 18.289 0.9893226027
2 347.219 159.541 12.809 16.483 0.9850752354
3 253.029 154.442 11.351 13.570 0.9832494259
4 330.280 181.219 14.431 18.326 0.9827173352
5 426.775 159.287 12.937 16.107 0.9806473255
6 488.222 160.588 17.756 22.806 0.9788232446
7 145.802 195.780 14.536 18.253 0.9771881104
8 45.425 168.992 13.750 17.227 0.9764899015
9 506.818 157.352 13.053 16.573 0.9747132063
10 390.131 159.890 12.753 16.056 0.9744286537
11 315.540 148.157 11.446 14.079 0.9740179777
12 169.519 153.510 11.751 14.819 0.9728960991
13 265.204 178.449 15.487 20.419 0.9706321955
14 468.924 153.159 13.060 15.918 0.9622750878
15 131.391 154.087 11.900 15.144 0.9567495584
16 195.632 160.686 10.945 14.403 0.9472682476
17 14.404 175.689 11.292 14.868 0.9447829723
18 85.244 152.964 11.104 14.112 0.9430552125
19 227.159 161.568 10.226 13.113 0.9304832816
20 108.546 162.612 11.306 14.003 0.9085055590
