0 559.048 130.791 107.486 150.438 0.9999996424
1 747.102 194.633 94.260 159.320 0.9999413490
2 353.672 516.748 23.570 33.675 0.9986113310
3 72.536 549.020 22.881 29.625 0.9977686405
4 41.288 573.499 22.905 28.307 0.9964817762
5 190.924 522.533 22.800 30.277 0.9941022992
6 300.238 515.568 19.639 23.588 0.9937456846
7 7.316 550.020 22.144 28.327 0.9928134084
8 275.868 535.934 20.757 26.791 0.9893304706
9 6.984 520.382 17.857 22.393 0.9780901670
10 133.086 540.850 22.255 24.931 0.9682783484
11 65.019 509.779 17.135 21.542 0.9554746747
12 247.636 580.723 21.260 25.599 0.9449349642
13 332.122 514.668 19.429 25.113 0.9429875612
14 399.340 610.684 19.659 24.825 0.9340569973
