0 203.607 35.223 15.660 21.141 0.9956647754
1 127.972 42.914 14.680 18.236 0.9914208651
2 101.840 46.080 16.919 21.229 0.9897137880
3 225.713 23.893 12.991 16.218 0.9895024300
4 156.992 40.267 13.906 18.190 0.9892392159
5 37.229 38.727 21.383 24.630 0.9883480668
6 247.962 34.950 15.146 19.711 0.9878395200
7 289.421 40.243 12.331 14.117 0.9871152639
8 292.672 24.635 15.017 18.080 0.9871084094
9 309.252 38.629 12.599 16.946 0.9848304987
10 240.728 44.809 12.200 15.371 0.9069116116
11 177.593 37.485 10.650 12.832 0.9008436203
