0 290.155 142.093 15.753 18.199 0.9979876280
1 386.255 137.305 16.998 21.393 0.9968835711
2 170.661 205.548 15.912 19.041 0.9967824221
3 173.847 142.363 15.799 19.398 0.9961143732
4 404.328 201.441 19.232 20.544 0.9960337281
5 473.333 132.239 18.069 20.450 0.9954936504
6 212.826 202.927 16.010 18.714 0.9947769642
7 235.072 143.032 15.124 19.664 0.9929770827
8 18.640 134.706 17.948 20.233 0.9928237200
9 53.891 139.510 16.141 17.717 0.9925843477
10 430.502 137.153 17.042 18.929 0.9924888611
11 458.430 199.587 18.706 20.505 0.9922046661
12 28.461 191.770 18.164 20.634 0.9916951060
13 131.220 200.113 16.612 18.037 0.9916127920
14 345.031 198.351 17.917 19.401 0.9914562106
15 133.301 143.999 14.343 17.555 0.9914056063
16 296.036 197.778 16.916 17.640 0.9900965691
17 256.270 203.771 16.460 17.952 0.9866769314
18 344.430 130.878 15.901 20.528 0.9844186306
19 88.716 146.850 14.987 18.933 0.9830819964
20 74.938 203.080 17.766 19.247 0.9736459255
