0 583.288 131.158 236.377 285.573 0.9999979734
1 939.126 232.999 107.070 156.037 0.9999963045
2 1616.122 181.372 127.438 136.387 0.9999740124
3 1330.783 199.158 65.831 82.418 0.9998940229
4 1387.309 186.671 50.275 70.735 0.9998790026
5 1068.898 379.482 59.563 73.471 0.9995778203
6 1503.004 251.432 51.485 75.042 0.9990685582
7 1163.558 290.290 62.567 80.227 0.9986566305
8 1701.065 183.641 176.788 160.172 0.9982796907
9 1552.120 217.558 72.103 104.613 0.9945308566
10 1230.283 42.419 47.224 46.698 0.9899373055
11 1266.091 257.495 37.170 42.692 0.9844132066
12 1223.968 450.413 196.914 334.200 0.9549325705
13 1222.271 418.278 56.863 121.992 0.9263955355
