0 179.228 125.520 33.168 38.688 0.9999483824
1 317.263 56.320 28.273 34.769 0.9998557568
2 102.778 2.947 28.137 37.148 0.9997761846
3 97.343 140.286 26.750 33.787 0.9997678399
4 124.973 60.753 27.042 33.531 0.9997480512
5 193.760 96.507 30.249 33.434 0.9996786118
6 2.502 15.890 26.902 31.933 0.9993616939
7 35.104 100.494 27.543 30.880 0.9990863800
8 260.511 140.818 24.686 31.970 0.9990208149
9 356.749 0.490 25.080 30.911 0.9990204573
10 196.191 7.396 23.462 30.261 0.9988356233
11 340.436 132.838 25.177 37.320 0.9985393286
12 -0.010 134.636 20.949 35.998 0.9878292084
