0 226.411 44.202 28.340 34.439 0.9996144772
1 134.727 51.696 25.299 31.711 0.9994359612
2 395.087 59.034 24.575 31.315 0.9992509484
3 79.283 44.740 25.422 30.764 0.9991783500
4 360.849 53.928 19.404 22.990 0.9969063401
5 354.394 34.662 15.781 17.661 0.9968258142
6 308.861 35.878 16.055 20.478 0.9964717627
7 168.069 19.892 19.546 24.181 0.9957862496
8 382.684 14.416 16.360 20.996 0.9957435727
9 432.231 24.279 18.293 23.970 0.9951700568
10 324.688 29.431 17.234 22.872 0.9938606024
11 477.406 26.076 20.789 25.921 0.9919330478
12 416.077 13.395 11.775 14.760 0.9897316098
13 451.027 52.919 20.242 25.695 0.9891855717
14 95.502 30.772 21.275 26.464 0.9884208441
15 205.218 31.977 19.855 25.730 0.9825600982
16 500.517 26.745 15.004 21.305 0.9792698026
17 457.420 17.186 10.234 14.731 0.9786882401
18 360.326 5.698 11.064 14.638 0.9774061441
19 419.757 48.540 15.869 21.690 0.9669237733
20 408.996 36.447 17.813 21.375 0.9555295110
