0 797.855 281.646 48.698 61.865 0.9999725819
1 859.889 26.258 32.666 36.291 0.9999642372
2 650.647 220.542 31.924 41.267 0.9998787642
3 472.284 224.199 27.977 36.186 0.9998759031
4 757.129 213.895 32.970 43.384 0.9998536110
5 53.361 237.545 27.874 34.112 0.9998156428
6 692.019 181.263 29.098 34.533 0.9997834563
7 288.952 224.151 28.977 36.232 0.9997755885
8 218.068 233.900 27.855 35.714 0.9997753501
9 601.503 191.318 28.094 32.965 0.9997487664
10 564.604 221.686 27.344 33.156 0.9997370839
11 73.367 291.346 37.309 48.861 0.9996390343
12 509.086 180.564 26.273 34.175 0.9996111989
13 439.579 188.171 25.529 34.466 0.9995993972
14 874.650 196.667 27.608 38.687 0.9995030165
15 120.342 244.594 24.946 30.062 0.9994698167
16 370.406 226.702 27.935 31.993 0.9993177652
17 738.117 162.551 26.632 29.878 0.9992339611
18 560.570 184.862 26.279 32.914 0.9990921021
19 647.202 176.455 25.241 31.744 0.9990882874
20 353.961 184.354 24.652 29.423 0.9986616373
21 284.606 304.085 39.040 50.390 0.9980217218
22 114.212 166.397 16.270 21.311 0.9976896048
23 547.423 309.873 39.177 48.896 0.9968884587
24 413.283 176.668 23.236 27.972 0.9967390895
25 480.701 181.107 24.148 29.742 0.9966832995
26 658.292 129.843 19.516 23.705 0.9957669973
27 631.022 119.987 17.335 20.867 0.9949017763
28 177.121 208.506 24.153 25.761 0.9948306680
29 495.757 141.849 18.169 21.362 0.9946458340
30 581.600 130.755 15.474 18.930 0.9943487048
31 677.470 106.289 19.254 23.963 0.9941235185
32 286.091 129.893 14.816 19.245 0.9940490723
33 779.414 131.470 17.278 22.021 0.9937979579
34 605.546 130.423 17.984 21.926 0.9935519695
35 306.509 149.734 14.883 20.351 0.9932568073
36 0.459 223.642 22.779 26.949 0.9932548404
37 440.983 161.851 18.894 22.632 0.9930263758
38 66.599 169.944 14.945 18.670 0.9929468036
39 7.728 159.376 13.638 17.531 0.9918453097
40 137.868 207.158 18.686 24.683 0.9915332198
41 389.083 177.512 19.166 23.720 0.9904769659
42 424.674 148.192 19.746 23.955 0.9887985587
43 443.836 142.936 16.131 19.951 0.9875186086
44 122.904 139.630 15.068 18.823 0.9869449735
45 193.475 155.497 15.208 20.098 0.9869346619
46 44.453 187.106 16.843 23.306 0.9862905145
47 330.200 125.701 15.494 21.124 0.9861252904
48 806.880 124.724 22.053 26.466 0.9842104912
49 92.084 184.721 21.422 25.968 0.9837254882
50 599.237 151.948 24.099 32.203 0.9836942554
51 730.215 93.980 17.859 21.983 0.9832149148
52 147.274 176.505 15.995 24.484 0.9821021557
53 259.347 200.150 20.669 31.567 0.9816385508
54 538.886 174.200 21.229 30.338 0.9814745188
55 57.933 213.034 22.698 27.247 0.9812155366
56 117.862 208.571 17.587 23.622 0.9790117145
57 358.805 148.533 14.949 19.135 0.9782016277
58 423.756 124.751 16.039 20.437 0.9778013825
59 760.461 140.263 21.330 26.481 0.9773797393
60 211.444 157.445 17.226 22.985 0.9770530462
61 465.807 168.845 19.119 27.946 0.9769882560
62 793.867 103.780 21.428 26.236 0.9729444385
63 200.728 141.963 11.127 15.132 0.9700098038
64 548.287 126.643 15.318 19.362 0.9694580436
65 386.792 151.408 14.470 19.611 0.9677402973
66 31.590 167.684 11.644 15.020 0.9642539024
67 242.305 190.108 19.766 26.892 0.9618973732
68 480.699 124.926 15.086 21.633 0.9615213275
69 528.208 129.033 15.710 21.964 0.9489798546
70 267.573 171.386 16.290 22.113 0.9412141442
71 169.131 164.524 14.652 20.953 0.9324069619
72 744.887 132.623 15.268 23.400 0.9309906960
73 384.709 132.255 12.779 16.062 0.9292269945
74 106.333 151.247 12.679 18.748 0.9194240570
