0 529.228 344.430 17.969 21.387 0.9969178438
1 308.911 293.982 16.058 20.052 0.9956405163
2 361.519 282.594 18.384 21.832 0.9953037500
3 636.853 332.674 18.767 22.212 0.9947664738
4 472.659 283.603 14.055 17.975 0.9926525354
5 167.704 288.769 15.535 19.266 0.9918804765
6 423.157 276.547 17.402 21.029 0.9900032282
7 179.812 337.750 16.787 19.149 0.9899208546
8 453.513 347.650 14.499 17.220 0.9886773825
9 265.496 343.984 14.666 17.464 0.9884185195
10 568.217 300.659 15.344 19.047 0.9878519773
11 513.227 295.377 15.061 18.818 0.9877563715
12 299.987 351.489 16.216 18.887 0.9864743352
13 403.408 348.070 14.981 16.996 0.9824736714
14 591.166 329.786 18.653 21.955 0.9810202718
15 555.716 338.088 16.833 20.550 0.9802101254
16 224.792 336.780 15.021 17.083 0.9790523648
17 135.410 323.834 17.624 19.774 0.9745294452
18 749.819 255.663 10.170 12.226 0.9739834666
19 491.557 344.297 17.288 18.566 0.9575241804
20 66.242 233.189 12.627 16.579 0.9572240710
21 704.397 263.211 9.738 12.097 0.9550918341
22 771.016 235.783 10.431 12.184 0.9426054955
23 185.004 246.208 9.693 11.990 0.9195238948
