0 806.801 243.429 25.390 36.557 0.9994688630
1 854.714 203.201 18.022 19.742 0.9937077761
2 669.144 166.457 12.443 16.216 0.9933558702
3 64.146 169.561 13.578 16.910 0.9917603731
4 610.714 173.482 13.166 17.223 0.9917528033
5 691.560 220.479 13.106 16.190 0.9912898540
6 581.952 229.600 14.555 19.439 0.9890322089
7 801.749 189.390 17.041 21.595 0.9885643125
8 809.727 167.531 12.146 15.674 0.9885233045
9 663.549 251.079 16.780 23.293 0.9882946014
10 726.002 239.441 21.036 27.649 0.9880644679
11 630.984 175.350 10.795 14.586 0.9855487943
12 871.854 175.897 13.014 15.403 0.9851698279
13 527.949 183.278 11.432 14.070 0.9839142561
14 771.698 230.278 12.561 15.959 0.9839032888
15 553.708 182.758 11.030 14.072 0.9829370379
16 594.669 170.503 11.812 16.077 0.9827180505
17 528.697 161.881 12.873 15.615 0.9826991558
18 635.778 242.328 17.408 23.291 0.9825286865
19 830.342 194.948 15.067 18.040 0.9819067121
20 865.407 214.892 16.126 19.033 0.9812930226
21 665.909 210.074 12.571 14.492 0.9808863997
22 722.193 215.617 12.928 18.328 0.9807645679
23 789.912 171.668 13.676 16.260 0.9797653556
24 617.425 238.056 14.802 20.009 0.9790244102
25 480.331 177.585 11.271 15.033 0.9775744081
26 568.617 173.809 10.549 13.228 0.9773015380
27 298.700 175.351 11.401 14.980 0.9770001173
28 226.176 168.253 11.678 15.071 0.9761987925
29 686.571 207.983 12.284 15.920 0.9748890400
30 558.770 170.421 9.101 11.816 0.9721879363
31 701.805 207.156 10.650 14.126 0.9636284113
32 770.968 175.754 11.196 12.965 0.9559274912
33 674.168 236.976 14.576 18.405 0.9510161281
34 648.509 175.901 10.306 14.566 0.9407048821
35 773.864 192.362 12.034 14.402 0.9374486208
36 708.720 180.524 12.706 14.425 0.9373754859
37 758.306 196.063 12.357 15.109 0.9352403283
38 890.621 190.684 11.803 18.612 0.9109244943
