0 31.742 297.663 107.260 121.802 0.9999994040
1 276.863 197.008 88.947 118.848 0.9999731779
2 649.985 110.711 56.845 69.431 0.9999517202
3 450.013 50.934 66.062 83.550 0.9999102354
4 818.556 0.673 77.022 95.504 0.9998880625
5 522.384 100.668 84.964 95.298 0.9997482896
6 432.068 134.878 64.332 93.975 0.9997166991
7 256.739 72.102 80.823 102.385 0.9996954203
8 357.388 144.910 79.525 109.887 0.9996895790
9 337.189 52.412 62.017 86.178 0.9994956255
10 757.260 95.814 53.479 44.498 0.9961100221
11 700.502 92.300 50.038 63.188 0.9957985282
12 641.023 0.738 53.661 48.241 0.9945034981
13 175.967 260.067 38.702 55.715 0.9697296023
14 569.965 35.880 58.792 67.488 0.9621874690
15 709.976 20.750 40.050 47.796 0.9619159102
