0 305.095 197.021 23.791 30.926 0.9990235567
1 139.750 205.915 22.912 29.965 0.9986949563
2 422.071 208.446 22.790 29.262 0.9968159795
3 2.092 56.843 16.219 20.436 0.9964579940
4 470.259 211.616 23.910 29.249 0.9961544871
5 246.860 212.617 22.591 27.815 0.9960891008
6 444.533 66.453 18.817 24.068 0.9956503510
7 351.808 46.118 19.209 22.645 0.9947427511
8 371.300 208.826 21.634 28.801 0.9942234159
9 69.139 69.203 17.930 21.831 0.9940677881
10 89.395 213.245 22.291 28.140 0.9939245582
11 155.995 139.493 18.734 20.196 0.9936432838
12 287.133 120.901 20.651 27.180 0.9916945100
13 324.978 68.448 18.445 25.354 0.9915409684
14 94.258 97.202 21.315 26.954 0.9915103912
15 371.447 60.482 18.372 23.263 0.9911193252
16 29.482 77.668 18.994 23.849 0.9910802245
17 116.209 79.276 18.912 25.558 0.9887368083
18 428.314 60.810 16.057 19.587 0.9885880947
19 182.172 74.588 19.294 24.191 0.9870684147
20 193.947 204.919 21.319 27.219 0.9859409928
21 217.367 90.830 21.207 27.608 0.9854972959
22 407.792 70.519 18.139 24.122 0.9844821692
23 387.675 75.653 20.524 25.082 0.9822529554
24 29.346 115.243 21.191 26.950 0.9797668457
25 290.481 61.112 19.851 22.899 0.9785265923
26 465.380 96.982 20.320 27.257 0.9781453609
27 36.129 219.495 22.989 26.674 0.9768701792
28 261.630 68.683 19.507 24.914 0.9757454991
29 139.427 65.543 18.427 22.705 0.9679589272
30 488.202 75.224 15.728 23.693 0.9565009475
31 218.636 57.017 18.939 24.301 0.9536532760
