0 286.536 166.057 58.227 64.811 0.9999762774
1 164.436 158.464 74.088 93.401 0.9999305010
2 778.599 351.532 70.556 72.199 0.9999302626
3 393.332 168.663 70.291 96.532 0.9999065399
4 679.926 149.755 57.731 60.349 0.9997871518
5 689.237 214.982 67.561 67.394 0.9996280670
6 800.329 61.617 34.673 38.333 0.9993180037
7 563.722 46.857 34.568 34.266 0.9991963506
8 571.309 149.297 81.270 101.982 0.9991145730
9 215.678 55.812 30.944 36.301 0.9978122711
10 433.350 51.673 34.175 34.800 0.9977142811
11 764.522 126.481 30.701 34.282 0.9972547889
12 538.051 110.953 35.565 41.021 0.9972025156
13 685.601 56.289 31.025 34.213 0.9968173504
14 315.734 49.090 35.132 37.586 0.9958034158
15 59.673 124.136 31.353 36.712 0.9934388995
16 509.559 169.994 36.396 43.427 0.9603800774
17 804.211 162.878 59.487 105.136 0.9507457018
