0 469.187 146.439 31.814 43.489 0.9999574423
1 811.213 124.730 48.206 56.649 0.9999388456
2 731.239 124.511 36.708 47.545 0.9997631907
3 621.628 125.606 43.084 52.431 0.9997610450
4 238.723 128.836 33.357 44.211 0.9997200370
5 323.402 138.700 28.327 34.294 0.9995813966
6 413.501 151.870 27.286 35.591 0.9995465875
7 540.052 131.441 39.271 51.182 0.9993556142
8 788.138 131.609 30.379 51.890 0.9956969023
9 275.491 154.456 22.765 28.202 0.9956236482
10 584.872 132.359 30.369 40.844 0.9787192941
11 764.573 151.336 23.350 31.523 0.9619836211
12 524.730 159.386 21.218 31.629 0.9125487208
