0 656.893 202.508 64.765 89.118 0.9998978376
1 311.675 182.081 49.912 62.949 0.9998832941
2 553.034 226.929 27.212 35.911 0.9992864728
3 480.524 217.209 27.892 31.617 0.9988757968
4 760.266 211.381 25.511 32.019 0.9987976551
5 155.168 218.123 46.444 51.580 0.9986816049
6 28.434 253.610 27.227 31.079 0.9982606769
7 574.084 341.238 29.184 43.790 0.9982115030
8 13.379 365.837 28.723 35.093 0.9977653027
9 813.087 228.096 26.815 33.596 0.9974603653
10 515.512 222.473 25.294 30.189 0.9974517226
11 67.203 231.219 26.029 32.048 0.9973836541
12 438.565 237.907 26.380 29.509 0.9953007698
13 289.920 231.892 22.801 27.477 0.9945441484
14 596.179 222.620 25.045 29.885 0.9941958189
15 865.113 212.059 25.084 30.897 0.9922709465
16 267.785 194.698 23.553 27.329 0.9888876081
17 781.540 338.371 31.102 45.548 0.9870235920
18 562.291 58.701 16.531 20.088 0.9849119186
19 785.738 114.202 16.070 21.408 0.9833342433
20 847.807 114.891 17.071 21.694 0.9768643975
21 761.283 160.153 21.175 23.694 0.9766991138
22 93.397 177.018 20.525 22.839 0.9765165448
23 248.361 221.849 21.737 26.037 0.9745502472
24 753.449 121.292 16.715 20.766 0.9722364545
25 808.496 114.338 18.792 23.563 0.9683715701
26 593.664 65.877 15.117 18.648 0.9669112563
27 715.698 66.107 15.582 20.228 0.9612133503
28 838.107 16.127 13.689 17.187 0.9584906697
29 774.498 2.640 12.829 16.190 0.9414636493
30 271.212 230.017 19.519 28.717 0.9411313534
31 394.476 235.292 24.452 26.607 0.9367324710
32 530.411 84.632 13.948 16.688 0.9331635237
33 627.502 57.361 16.646 20.920 0.9330159426
