0 362.687 411.251 29.653 35.084 0.9997835755
1 254.322 426.230 40.767 46.596 0.9995953441
2 89.449 458.950 27.273 33.190 0.9995021820
3 112.616 109.796 33.337 48.504 0.9989529848
4 249.198 462.317 34.455 41.784 0.9986338019
5 185.174 405.505 24.233 28.782 0.9983853102
6 107.545 408.927 26.027 30.260 0.9978625178
7 243.667 69.510 39.210 51.882 0.9974145889
8 306.181 422.018 22.752 29.166 0.9969770908
9 381.737 98.044 23.397 28.449 0.9968830943
10 337.638 74.456 17.686 23.750 0.9818584919
11 235.822 429.722 20.587 28.661 0.9527400136
