0 290.539 163.868 54.036 69.178 0.9999914169
1 757.480 157.613 60.438 68.481 0.9999803305
2 661.576 153.124 33.148 39.159 0.9999287128
3 381.627 175.770 31.689 32.906 0.9998956919
4 179.252 203.498 44.032 60.448 0.9997424483
5 444.270 172.277 38.964 49.001 0.9997217059
6 232.754 168.766 38.904 49.484 0.9995268583
7 85.890 190.034 48.904 76.617 0.9992761016
8 524.211 146.650 47.676 92.463 0.9992745519
9 744.162 147.018 26.270 34.272 0.9988190532
10 456.307 315.075 38.657 52.646 0.9979599714
11 391.847 367.041 41.952 51.570 0.9955753088
12 701.110 156.282 22.494 30.656 0.9899751544
13 321.694 464.723 13.635 15.519 0.9209662080
