0 374.069 89.522 29.800 36.933 0.9998807907
1 442.347 100.868 28.035 35.753 0.9997341037
2 218.160 88.589 26.019 32.384 0.9993035793
3 321.061 88.192 24.466 30.784 0.9988703132
4 92.273 106.099 24.562 31.658 0.9984632730
5 198.093 92.372 16.435 21.425 0.9965716600
6 138.050 42.943 14.335 18.305 0.9940039515
7 128.926 90.123 16.457 21.186 0.9938101172
8 285.806 83.740 11.188 14.166 0.9892764091
9 319.961 62.916 10.732 14.451 0.9855846763
10 426.010 52.126 11.821 15.052 0.9844553471
11 166.715 48.094 13.721 17.504 0.9844451547
12 472.377 40.774 11.397 14.240 0.9821642637
13 344.117 56.118 10.113 12.319 0.9733982682
14 202.278 48.149 12.450 16.436 0.9720594883
15 382.624 43.526 10.989 14.616 0.9705984592
16 295.107 57.962 9.760 12.126 0.9643613100
