52 245.339 157.264 20.372 24.741 JZM -1
0 199.156 85.734 16.012 18.919 OTHERS 0
1 124.752 83.812 19.229 21.738 OTHERS -1
2 213.380 42.964 18.331 22.162 OTHERS 0
3 384.301 107.461 17.683 21.975 OTHERS 0
4 354.441 24.275 15.837 19.410 OTHERS -1
5 268.905 116.047 19.076 24.034 OTHERS 0
6 101.280 115.636 17.289 22.478 OTHERS 0
7 230.075 110.756 18.830 21.075 OTHERS 0
8 332.210 80.203 17.786 21.317 OTHERS -1
9 54.763 116.096 19.420 22.313 OTHERS 0
10 73.673 37.280 18.829 23.288 OTHERS 0
11 301.642 81.313 17.902 21.266 OTHERS -1
12 222.539 5.460 16.776 20.538 OTHERS 0
13 149.482 102.150 18.109 20.501 OTHERS 0
14 0.316 16.861 16.570 20.939 OTHERS -1
15 166.964 44.200 18.200 22.125 OTHERS 0
16 288.531 19.897 17.534 21.343 OTHERS 0
17 139.669 12.218 15.975 17.739 OTHERS -1
18 18.546 121.163 17.933 22.406 OTHERS 0
19 386.218 45.029 17.896 21.943 OTHERS 0
20 433.957 92.742 16.251 17.997 OTHERS -1
21 189.514 108.208 18.470 23.061 OTHERS -1
22 47.822 12.181 17.208 19.255 OTHERS -1
23 454.630 30.524 15.239 19.586 OTHERS -1
24 388.313 159.928 18.892 23.873 OTHERS 0
25 426.257 123.914 17.663 22.002 OTHERS 0
26 100.952 159.202 19.946 23.796 OTHERS 0
27 244.311 82.871 17.188 19.984 OTHERS 0
28 252.307 16.225 17.873 21.395 OTHERS 0
29 27.165 39.566 18.384 21.589 OTHERS 0
30 459.835 157.171 18.617 23.028 OTHERS 0
31 91.180 14.247 18.460 21.483 OTHERS 0
32 422.919 26.355 15.515 18.492 OTHERS -1
33 276.733 82.988 16.220 19.372 OTHERS -1
34 307.289 121.514 17.731 19.909 OTHERS 0
35 388.944 26.309 16.651 20.664 OTHERS -1
36 463.204 56.124 18.487 22.138 OTHERS 0
37 399.447 90.354 16.918 22.459 OTHERS -1
38 184.064 19.013 16.994 19.016 OTHERS -1
39 322.454 152.388 20.157 24.540 OTHERS 0
40 351.114 121.550 17.793 22.401 OTHERS 0
41 28.020 88.785 16.578 20.745 OTHERS 0
42 171.764 157.112 19.431 23.887 OTHERS 0
43 325.320 36.936 18.758 23.714 OTHERS 0
44 464.590 88.157 16.165 19.917 OTHERS -1
45 364.419 86.422 16.456 20.271 OTHERS 0
46 60.631 89.542 15.740 20.028 OTHERS -1
47 118.914 43.554 19.283 24.062 OTHERS 0
48 427.524 46.110 18.186 22.137 OTHERS -1
49 458.909 108.438 19.970 25.150 OTHERS 0
50 465.739 1.269 14.372 17.837 OTHERS -1
51 92.497 92.363 16.245 18.169 OTHERS -1
53 255.050 50.486 18.722 20.889 OTHERS -1
54 23.279 155.142 19.914 26.027 OTHERS 0
55 377.214 -2.231 17.793 14.324 OTHERS -1
56 70.841 -1.594 16.360 13.063 OTHERS -1
