8 206.676 113.439 11.540 15.588 JZM -1
0 64.194 110.941 13.342 14.740 OTHERS -1
1 417.425 112.751 12.649 14.780 OTHERS -1
2 97.739 111.089 12.961 14.421 OTHERS -1
3 129.835 112.543 13.129 15.041 OTHERS -1
4 379.029 116.940 11.699 12.727 OTHERS -1
5 25.035 114.234 12.803 14.340 OTHERS -1
6 169.488 109.392 12.952 14.799 OTHERS -1
7 243.832 113.113 11.427 14.928 OTHERS -1
9 308.684 111.002 12.561 14.599 OTHERS -1
10 274.431 116.324 12.347 13.543 OTHERS -1
11 346.788 114.429 12.570 13.664 OTHERS -1
