0 228.289 52.295 35.573 45.495 JZM 0
1 17.435 46.256 44.267 66.373 OTHERS 1
2 304.690 54.439 32.508 43.815 OTHERS 1
3 58.068 45.396 29.503 42.553 OTHERS -1
4 129.587 85.238 14.353 18.085 OTHERS -1
5 374.656 73.786 15.950 20.265 OTHERS -1
6 38.921 20.413 15.079 18.940 OTHERS -1
7 95.710 74.161 21.458 27.504 OTHERS 0
8 92.871 27.334 10.032 12.636 OTHERS -1
9 109.983 56.474 12.147 16.381 OTHERS -1
10 100.095 41.780 10.025 12.517 OTHERS -1
11 63.821 5.403 10.274 12.992 OTHERS -1
12 155.035 89.386 9.860 12.690 OTHERS -1
13 143.045 91.533 10.349 14.476 OTHERS -1
14 168.809 91.944 10.285 13.325 OTHERS -1
15 84.267 8.914 10.436 12.473 OTHERS -1
16 115.906 43.224 9.023 11.106 OTHERS -1
17 11.315 6.424 21.037 22.820 OTHERS -1
18 150.909 75.970 8.307 10.745 OTHERS -1
