0 68.122 102.308 14.643 17.811 OTHERS -1
1 16.540 109.640 14.937 18.377 OTHERS -1
2 369.138 110.602 14.369 18.778 OTHERS -1
3 464.551 111.915 14.989 18.348 OTHERS -1
4 115.682 102.881 15.868 19.337 OTHERS -1
5 166.449 106.741 13.934 17.721 OTHERS -1
6 413.584 109.791 14.817 18.690 OTHERS -1
7 212.399 108.200 13.562 17.794 OTHERS -1
8 270.966 109.868 13.487 17.234 OTHERS -1
9 321.731 112.481 13.510 17.123 OTHERS -1
10 348.421 110.003 10.087 12.784 OTHERS -1
11 300.782 108.297 10.801 13.647 OTHERS -1
12 146.620 105.784 10.164 13.140 OTHERS -1
13 188.642 105.929 10.841 13.709 OTHERS -1
14 57.759 102.886 9.435 12.257 OTHERS -1
15 260.578 109.768 10.506 13.851 OTHERS -1
16 142.707 104.807 9.334 11.955 OTHERS -1
17 391.635 109.267 8.837 11.246 OTHERS -1
18 481.558 102.735 8.533 10.138 OTHERS -1
19 46.761 101.861 7.719 9.795 OTHERS -1
20 241.700 107.548 9.133 11.117 OTHERS -1
21 137.641 102.963 7.972 9.945 OTHERS -1
