0 143.018 66.429 9.179 10.928 OTHERS -1
1 12.948 99.749 10.358 11.805 OTHERS -1
2 102.096 103.829 10.527 12.484 OTHERS -1
3 223.259 102.662 8.821 10.996 OTHERS -1
4 413.779 115.095 12.310 15.294 OTHERS -1
5 42.982 100.439 10.394 12.721 OTHERS -1
6 151.631 82.090 8.877 11.000 OTHERS -1
7 178.407 80.908 8.960 10.990 OTHERS -1
8 247.702 70.727 8.049 9.972 OTHERS -1
9 33.283 85.438 8.982 11.088 OTHERS -1
10 195.912 65.056 9.029 10.886 OTHERS -1
11 373.093 59.317 9.363 11.097 OTHERS -1
12 284.188 82.411 9.212 11.791 OTHERS -1
13 273.001 67.336 8.537 10.158 OTHERS -1
14 327.549 118.830 9.650 12.104 OTHERS -1
15 220.092 67.993 10.000 11.217 OTHERS -1
16 156.433 55.579 8.843 10.598 OTHERS -1
17 286.107 55.496 9.321 10.732 OTHERS -1
18 207.977 86.306 8.450 10.640 OTHERS -1
19 181.839 58.980 8.080 10.388 OTHERS -1
20 88.588 69.605 8.100 9.646 OTHERS -1
21 44.474 63.651 8.801 10.976 OTHERS -1
22 349.467 68.894 8.371 10.107 OTHERS -1
23 235.114 56.245 8.248 10.226 OTHERS -1
24 359.642 54.291 8.416 10.540 OTHERS -1
25 250.164 99.502 9.698 11.205 OTHERS -1
26 99.971 55.408 8.946 10.623 OTHERS -1
27 259.507 81.337 8.256 9.982 OTHERS -1
28 426.047 94.688 9.674 11.201 OTHERS -1
29 113.956 122.480 8.558 10.367 OTHERS -1
30 77.531 83.969 8.927 10.553 OTHERS -1
31 83.607 122.072 9.142 11.409 OTHERS -1
32 206.397 119.975 8.421 10.504 OTHERS -1
33 172.763 121.542 8.817 10.893 OTHERS -1
34 259.686 55.438 8.652 10.173 OTHERS -1
35 270.633 119.711 9.030 10.774 OTHERS -1
36 399.354 67.336 8.512 10.201 OTHERS -1
37 191.370 100.398 8.912 10.450 OTHERS -1
38 129.632 102.300 9.436 10.757 OTHERS -1
39 338.345 82.549 11.243 14.025 OTHERS -1
40 390.617 85.025 9.770 11.121 OTHERS -1
41 325.168 71.365 7.900 9.531 OTHERS -1
42 65.803 69.549 8.056 10.215 OTHERS -1
43 335.577 56.684 8.741 10.411 OTHERS -1
44 140.671 119.741 8.877 10.971 OTHERS -1
45 23.126 119.496 10.069 12.087 OTHERS -1
46 208.191 52.489 8.249 10.462 OTHERS -1
47 297.515 99.968 10.066 11.514 OTHERS -1
