0 346.328 118.612 26.084 37.076 JZM -1
1 19.280 150.009 26.978 34.640 OTHERS -1
2 194.020 150.965 22.680 30.739 OTHERS -1
3 138.803 155.531 15.071 20.262 OTHERS -1
4 443.243 130.780 16.487 21.562 OTHERS -1
5 160.719 99.049 12.500 15.090 OTHERS -1
6 67.672 87.016 14.315 17.796 OTHERS -1
7 126.839 121.011 15.454 19.967 OTHERS -1
8 65.943 37.349 15.156 19.571 OTHERS -1
9 32.699 9.497 14.337 16.780 OTHERS -1
10 95.122 114.660 15.249 22.936 OTHERS -1
11 43.085 120.058 18.859 24.309 OTHERS -1
12 129.608 93.990 13.982 18.666 OTHERS -1
13 431.942 144.445 13.224 16.413 OTHERS -1
14 79.670 20.715 12.738 16.355 OTHERS -1
15 151.718 76.714 13.253 16.110 OTHERS -1
16 240.921 108.976 10.293 13.712 OTHERS -1
17 185.202 120.480 13.364 17.431 OTHERS -1
18 300.174 153.247 12.096 15.667 OTHERS -1
19 156.232 131.210 12.311 15.659 OTHERS -1
20 21.469 43.804 21.735 24.727 OTHERS -1
