0 386.754 135.071 45.805 58.885 OTHERS -1
1 153.546 188.018 43.517 51.644 OTHERS -1
2 486.270 195.884 24.490 28.274 OTHERS -1
3 302.013 187.927 22.851 27.307 OTHERS -1
4 228.399 207.246 21.203 26.112 OTHERS -1
5 330.336 77.605 22.533 27.860 OTHERS -1
6 577.706 206.157 22.865 25.170 OTHERS -1
7 77.850 212.871 21.875 24.763 OTHERS -1
8 158.305 110.134 20.562 23.381 OTHERS -1
9 293.902 60.242 16.724 20.645 OTHERS -1
10 368.490 73.321 20.274 25.291 OTHERS -1
11 2.090 218.845 19.853 20.108 OTHERS -1
12 283.435 87.245 20.891 24.382 OTHERS -1
