0 109.235 151.004 12.050 15.141 OTHERS -1
1 257.496 99.021 11.624 14.488 OTHERS -1
2 116.095 104.642 11.248 14.305 OTHERS -1
3 339.295 79.585 11.368 14.296 OTHERS -1
4 377.034 82.391 10.802 13.324 OTHERS -1
5 304.782 95.561 11.256 13.939 OTHERS -1
6 317.940 81.669 10.292 12.927 OTHERS -1
7 156.233 115.659 12.545 15.179 OTHERS -1
8 287.904 100.189 11.242 14.144 OTHERS -1
9 212.014 110.648 10.917 13.772 OTHERS -1
10 352.030 83.448 11.884 14.593 OTHERS -1
11 337.386 114.935 12.469 16.016 OTHERS -1
12 88.053 104.849 11.096 14.050 OTHERS -1
13 294.755 80.634 10.640 13.579 OTHERS -1
14 271.409 105.379 12.264 15.102 OTHERS -1
15 126.022 84.990 11.209 13.714 OTHERS -1
16 365.806 73.795 10.488 13.061 OTHERS -1
17 211.255 146.341 12.135 14.674 OTHERS -1
18 173.119 101.161 11.302 14.037 OTHERS -1
19 113.377 83.997 10.189 12.672 OTHERS -1
20 328.384 68.378 10.332 13.149 OTHERS -1
21 29.236 109.326 11.287 14.463 OTHERS -1
22 384.227 112.642 12.219 15.488 OTHERS -1
23 316.344 113.445 11.188 14.182 OTHERS -1
24 344.963 142.754 12.201 14.964 OTHERS -1
25 276.727 93.093 10.734 12.914 OTHERS -1
26 63.363 120.997 12.042 14.726 OTHERS -1
27 397.555 112.593 12.242 15.554 OTHERS -1
28 355.675 107.325 10.825 13.503 OTHERS -1
29 145.990 104.978 11.114 13.866 OTHERS -1
30 100.017 78.796 10.069 12.477 OTHERS -1
31 244.065 146.866 11.936 14.858 OTHERS -1
32 376.818 140.897 12.512 15.824 OTHERS -1
33 84.383 79.164 10.374 12.765 OTHERS -1
34 298.761 114.443 10.955 14.293 OTHERS -1
35 126.439 118.286 11.491 14.679 OTHERS -1
36 223.274 94.239 10.766 13.941 OTHERS -1
37 107.622 95.162 11.205 13.858 OTHERS -1
38 315.747 143.046 11.441 14.530 OTHERS -1
39 51.474 109.452 10.733 13.319 OTHERS -1
40 342.372 97.994 11.122 13.721 OTHERS -1
41 174.363 141.145 11.988 15.230 OTHERS -1
42 200.455 104.025 10.387 13.288 OTHERS -1
43 133.074 101.495 10.824 13.283 OTHERS -1
44 188.276 72.168 10.016 12.404 OTHERS -1
45 99.272 120.742 11.256 14.550 OTHERS -1
46 236.300 97.764 10.622 12.748 OTHERS -1
47 326.843 89.837 10.528 12.628 OTHERS -1
48 137.851 145.295 12.234 15.485 OTHERS -1
49 139.831 76.921 9.942 12.526 OTHERS -1
50 242.568 110.302 10.895 14.105 OTHERS -1
51 210.359 83.979 10.418 12.882 OTHERS -1
52 283.813 77.497 9.967 12.842 OTHERS -1
53 232.585 70.815 9.987 12.369 OTHERS -1
54 180.336 84.741 10.384 12.787 OTHERS -1
55 369.885 101.216 10.421 12.743 OTHERS -1
56 164.472 74.518 10.542 12.879 OTHERS -1
57 394.606 90.898 10.998 13.733 OTHERS -1
58 71.619 88.986 9.837 12.224 OTHERS -1
59 323.874 101.477 10.440 12.568 OTHERS -1
60 95.015 92.944 10.429 12.315 OTHERS -1
61 285.760 142.135 12.146 14.896 OTHERS -1
62 183.545 116.080 10.878 13.623 OTHERS -1
63 157.848 94.754 10.912 13.302 OTHERS -1
64 307.842 75.117 9.660 12.045 OTHERS -1
65 193.215 90.765 10.413 12.536 OTHERS -1
66 254.402 74.812 9.396 11.916 OTHERS -1
