7 188.832 151.041 37.761 50.400 JZM 1
0 2.426 156.481 32.676 41.282 OTHERS -1
1 264.386 168.621 28.992 32.350 OTHERS 0
2 148.809 153.059 30.371 36.164 OTHERS 0
3 43.125 158.107 36.211 48.991 OTHERS -1
4 331.056 171.319 26.612 32.467 OTHERS 0
5 530.139 175.891 26.777 31.750 OTHERS 0
6 434.744 147.681 30.048 41.736 OTHERS 1
8 490.457 174.834 23.915 27.773 OTHERS 0
9 96.232 151.123 34.710 55.684 OTHERS 1
10 232.168 157.376 21.991 27.473 OTHERS 0
11 358.545 155.734 16.088 17.976 OTHERS -1
12 401.533 160.914 13.174 17.678 OTHERS -1
13 301.754 154.319 20.707 25.962 OTHERS 0
14 549.924 165.394 22.242 25.837 OTHERS -1
