15 291.253 242.436 16.897 20.999 JZM 0
0 305.511 203.868 15.716 20.289 OTHERS 0
1 146.822 244.789 16.844 20.402 OTHERS 0
2 144.314 198.539 15.452 19.396 OTHERS -1
3 259.488 210.741 13.785 18.463 OTHERS -1
4 484.444 194.208 13.985 17.399 OTHERS -1
5 522.682 244.450 17.712 21.819 OTHERS 0
6 204.231 191.582 13.413 16.441 OTHERS -1
7 66.447 202.084 14.447 17.154 OTHERS 0
8 364.578 244.859 17.655 22.032 OTHERS 0
9 494.141 217.331 14.176 17.007 OTHERS -1
10 386.633 187.118 13.742 16.510 OTHERS -1
11 328.427 185.980 13.996 16.775 OTHERS -1
12 180.009 206.158 15.374 18.982 OTHERS -1
13 391.580 204.242 13.325 17.251 OTHERS -1
14 221.906 247.311 15.825 20.021 OTHERS 0
16 291.805 182.697 13.567 15.418 OTHERS -1
17 221.669 204.021 14.367 18.090 OTHERS -1
18 63.988 244.813 19.178 23.227 OTHERS 0
19 348.776 203.305 14.313 17.183 OTHERS 0
20 435.842 192.215 13.903 17.744 OTHERS -1
21 233.400 185.752 12.156 14.970 OTHERS -1
22 356.420 185.063 13.476 16.309 OTHERS -1
23 456.247 246.450 16.093 20.805 OTHERS 0
24 418.649 192.230 13.234 16.824 OTHERS -1
25 170.512 194.689 12.585 16.298 OTHERS -1
26 104.836 198.956 15.155 19.339 OTHERS 0
27 125.050 196.065 10.238 13.399 OTHERS -1
28 449.003 191.549 13.089 17.781 OTHERS -1
29 266.103 184.064 13.351 16.345 OTHERS -1
30 94.638 201.728 12.271 17.275 OTHERS -1
31 135.625 203.503 8.922 12.113 OTHERS -1
