0 156.337 69.795 20.690 24.932 JZM -1
1 192.940 79.619 11.257 14.171 OTHERS -1
2 231.685 83.738 10.944 13.670 OTHERS -1
3 26.735 78.558 11.263 14.124 OTHERS -1
4 179.944 72.850 10.408 12.445 OTHERS -1
5 46.909 69.145 10.406 12.230 OTHERS -1
6 9.177 71.738 11.174 13.232 OTHERS -1
7 112.487 72.014 10.324 12.481 OTHERS -1
8 213.493 69.264 8.167 10.538 OTHERS -1
9 83.994 78.675 11.977 14.703 OTHERS -1
10 96.997 63.384 7.986 10.215 OTHERS -1
11 8.883 61.727 9.702 11.457 OTHERS -1
12 218.965 66.740 8.063 10.111 OTHERS -1
13 239.791 57.132 8.203 9.768 OTHERS -1
14 269.985 84.045 10.180 12.168 OTHERS -1
15 210.155 71.016 8.203 10.386 OTHERS -1
16 243.895 68.308 8.354 10.075 OTHERS -1
17 190.043 62.946 7.935 10.155 OTHERS -1
