3 99.669 70.848 54.219 75.073 JZM 1
0 363.110 58.148 50.851 74.450 OTHERS -1
1 175.150 113.998 30.410 37.507 OTHERS 0
2 210.612 103.251 29.864 38.444 OTHERS 0
4 244.860 97.020 29.381 42.923 OTHERS 1
5 287.686 42.962 30.494 40.909 OTHERS 0
6 230.388 54.814 27.037 36.544 OTHERS 0
7 277.030 98.944 34.431 48.880 OTHERS 0
8 311.955 113.621 38.324 53.411 OTHERS 0
9 332.735 36.999 28.090 43.530 OTHERS 0
10 151.655 130.497 25.033 32.369 OTHERS -1
11 260.856 54.185 28.495 36.946 OTHERS -1
12 194.978 52.962 26.145 31.943 OTHERS 0
13 164.196 59.200 24.154 30.535 OTHERS 0
14 291.874 0.271 23.461 33.320 OTHERS -1
15 116.526 11.114 18.892 25.170 OTHERS -1
16 70.767 4.071 16.095 21.044 OTHERS -1
17 9.601 34.596 17.104 21.840 OTHERS -1
18 325.329 -0.339 23.836 29.133 OTHERS -1
19 197.080 21.773 21.585 26.074 OTHERS -1
20 143.178 64.395 20.595 28.416 OTHERS -1
21 16.249 8.157 16.043 21.321 OTHERS -1
22 43.667 49.552 16.149 24.315 OTHERS -1
23 221.811 33.370 20.471 25.156 OTHERS -1
24 195.086 0.248 20.097 22.385 OTHERS -1
25 11.566 119.084 20.055 35.884 OTHERS -1
26 1.883 73.559 13.127 19.399 OTHERS -1
27 29.626 25.218 19.266 26.055 OTHERS -1
28 89.073 25.186 14.918 22.864 OTHERS -1
29 12.086 81.237 17.460 25.036 OTHERS -1
