1 223.347 46.804 31.765 34.873 DXP 1
3 74.542 7.564 35.024 43.430 JZM 1
0 30.390 16.092 28.349 35.602 OTHERS 0
2 279.295 42.369 27.670 39.280 OTHERS 1
4 192.578 42.430 24.152 29.021 OTHERS 0
5 328.905 36.301 24.143 29.294 OTHERS -1
6 140.434 3.557 11.003 13.807 OTHERS -1
7 135.223 26.875 12.327 15.916 OTHERS -1
8 137.752 48.603 13.738 19.293 OTHERS -1
9 187.406 13.882 10.481 13.916 OTHERS -1
10 155.718 30.926 11.002 14.217 OTHERS -1
11 222.739 18.840 9.348 12.078 OTHERS -1
12 215.278 5.694 9.058 11.812 OTHERS -1
13 126.408 10.732 11.113 15.571 OTHERS -1
14 275.648 20.269 9.642 11.996 OTHERS -1
15 167.317 1.636 9.120 12.291 OTHERS -1
16 205.606 19.546 9.427 12.232 OTHERS -1
17 295.223 13.554 8.642 11.372 OTHERS -1
