1 99.391 114.195 76.880 95.451 JZM 0
0 327.075 126.644 66.331 78.542 OTHERS 0
2 27.150 126.521 21.772 26.681 OTHERS -1
3 471.171 125.439 18.713 24.088 OTHERS -1
4 411.224 111.364 12.178 16.226 OTHERS -1
5 305.289 110.211 11.490 14.520 OTHERS -1
6 400.464 154.504 20.571 27.379 OTHERS -1
7 10.004 103.920 12.591 16.351 OTHERS -1
8 420.193 94.534 12.001 15.022 OTHERS -1
9 281.145 94.154 11.865 14.042 OTHERS -1
10 55.379 97.136 10.281 12.963 OTHERS -1
11 488.907 94.375 9.396 12.060 OTHERS -1
12 460.005 96.359 12.401 14.213 OTHERS -1
