1 222.008 157.680 62.279 71.309 JZM 0
0 40.347 159.106 61.724 80.457 OTHERS 0
2 373.932 148.637 56.657 59.787 OTHERS 0
3 285.663 140.214 48.535 61.313 OTHERS 0
4 114.737 152.891 59.764 68.678 OTHERS 0
5 154.112 61.012 48.813 59.417 OTHERS 0
6 198.414 96.325 44.690 54.128 OTHERS 0
7 103.565 314.433 72.723 96.458 OTHERS -1
8 0.801 127.677 48.856 67.348 OTHERS -1
9 327.616 139.401 41.380 65.877 OTHERS -1
10 78.917 74.712 40.341 47.717 OTHERS -1
11 394.161 76.999 34.183 49.114 OTHERS -1
12 124.300 113.410 51.431 53.086 OTHERS -1
13 267.221 80.717 47.650 48.883 OTHERS -1
14 278.098 112.393 46.177 54.834 OTHERS -1
15 51.121 119.494 36.989 43.361 OTHERS -1
