0 27.056 175.254 22.205 27.514 OTHERS -1
1 237.097 197.019 22.078 28.439 OTHERS -1
2 190.160 100.154 17.847 22.095 OTHERS -1
3 95.975 177.162 22.597 28.012 OTHERS -1
4 248.713 111.470 17.676 23.590 OTHERS -1
5 310.519 117.529 16.202 21.248 OTHERS -1
6 166.002 92.497 18.505 24.183 OTHERS -1
7 112.155 92.617 20.056 26.541 OTHERS -1
8 285.206 199.410 20.717 26.225 OTHERS -1
9 396.454 107.516 19.190 25.401 OTHERS -1
10 325.079 110.273 17.716 23.320 OTHERS -1
11 81.879 89.900 19.418 23.443 OTHERS -1
12 398.350 194.974 22.030 26.733 OTHERS -1
13 140.118 97.349 17.677 23.220 OTHERS -1
14 272.479 112.276 15.945 21.940 OTHERS -1
15 382.591 116.469 15.517 20.188 OTHERS -1
16 197.579 190.809 20.572 24.915 OTHERS -1
17 341.194 204.359 22.393 25.100 OTHERS -1
18 17.968 84.213 20.189 25.100 OTHERS -1
19 150.264 189.584 20.743 25.779 OTHERS -1
20 361.592 107.615 19.076 25.591 OTHERS -1
21 287.025 114.585 18.417 21.088 OTHERS -1
22 57.636 89.904 19.962 25.216 OTHERS -1
23 232.442 112.481 15.887 20.786 OTHERS -1
24 214.061 103.111 19.814 24.649 OTHERS -1
