0 886.775 260.988 24.395 30.775 OTHERS -1
1 161.896 259.655 24.831 31.169 OTHERS -1
2 903.918 168.926 25.288 31.283 OTHERS -1
3 59.210 263.645 25.623 30.346 OTHERS -1
4 811.688 164.209 24.407 28.751 OTHERS -1
5 404.235 159.057 23.752 31.339 OTHERS -1
6 541.344 262.529 22.308 29.828 OTHERS -1
7 191.708 170.029 24.366 28.439 OTHERS -1
8 268.923 176.145 23.064 28.196 OTHERS -1
9 674.617 167.063 22.288 29.175 OTHERS -1
10 445.963 265.838 23.458 29.596 OTHERS -1
11 636.040 266.232 23.357 28.340 OTHERS -1
12 745.138 169.365 22.788 27.951 OTHERS -1
13 311.072 270.317 22.128 27.552 OTHERS -1
14 365.997 273.490 21.975 27.427 OTHERS -1
15 728.566 258.619 22.760 26.811 OTHERS -1
16 809.468 257.523 22.202 27.425 OTHERS -1
17 129.587 199.241 21.428 26.865 OTHERS -1
18 249.128 267.340 22.443 25.734 OTHERS -1
19 341.193 163.043 21.549 27.993 OTHERS -1
20 81.608 195.411 11.046 13.682 OTHERS -1
21 448.930 194.371 11.820 13.743 OTHERS -1
22 259.349 190.463 8.376 10.550 OTHERS -1
23 107.587 206.478 9.499 11.085 OTHERS -1
