25 188.706 115.140 15.535 20.069 JZM -1
0 235.041 117.605 15.107 19.698 OTHERS -1
1 97.383 118.618 14.260 18.004 OTHERS -1
2 336.985 85.828 13.291 17.332 OTHERS -1
3 162.181 92.960 14.543 18.195 OTHERS -1
4 139.957 122.955 14.607 19.109 OTHERS -1
5 361.742 114.836 15.787 19.989 OTHERS -1
6 180.082 83.881 12.910 16.235 OTHERS -1
7 241.601 95.009 13.737 18.214 OTHERS -1
8 120.676 94.335 13.558 17.922 OTHERS -1
9 148.578 78.999 11.868 14.815 OTHERS -1
10 270.022 114.387 14.659 18.728 OTHERS -1
11 257.692 85.679 12.206 16.011 OTHERS -1
12 331.971 60.457 12.833 16.829 OTHERS -1
13 203.781 91.959 14.161 17.296 OTHERS -1
14 310.472 112.166 13.598 17.569 OTHERS -1
15 211.462 53.821 12.488 16.591 OTHERS -1
16 81.136 88.928 14.401 18.196 OTHERS -1
17 9.752 89.796 14.460 18.211 OTHERS -1
18 101.940 81.563 13.216 17.682 OTHERS -1
19 134.618 83.525 13.704 18.537 OTHERS -1
20 49.102 115.904 15.709 18.761 OTHERS 0
21 242.198 74.380 11.852 15.033 OTHERS -1
22 309.457 75.841 12.054 15.090 OTHERS -1
23 275.442 96.610 12.709 15.998 OTHERS -1
24 257.346 61.432 12.740 14.720 OTHERS -1
26 199.424 71.565 11.867 15.625 OTHERS -1
27 122.038 56.577 11.913 15.379 OTHERS -1
28 49.658 68.577 13.162 16.605 OTHERS -1
29 306.215 93.859 13.250 16.243 OTHERS -1
30 110.101 65.525 12.502 15.430 OTHERS -1
31 45.753 99.655 15.028 17.730 OTHERS -1
32 144.470 56.842 11.957 15.819 OTHERS -1
33 194.243 38.192 10.159 12.483 OTHERS -1
34 218.339 74.624 12.707 16.127 OTHERS -1
35 178.637 52.263 11.055 13.725 OTHERS -1
36 281.310 48.112 10.003 12.603 OTHERS -1
37 286.943 81.774 12.038 14.778 OTHERS -1
38 170.315 71.074 12.465 16.709 OTHERS -1
