12 247 134 13 13 JZM -1
0 193.941 131.197 9.649 11.811 OTHERS -1
1 290.526 132.896 9.316 11.492 OTHERS -1
2 94.204 132.775 9.281 12.042 OTHERS -1
3 41.331 140.088 8.531 10.403 OTHERS -1
4 5.396 134.903 7.748 10.311 OTHERS -1
5 326.981 131.038 8.235 10.541 OTHERS -1
6 19.239 134.880 8.874 11.756 OTHERS -1
7 379.817 134.616 8.080 10.308 OTHERS -1
8 360.295 134.697 8.340 11.086 OTHERS -1
9 55.244 134.360 9.187 11.452 OTHERS -1
10 136.847 134.920 9.868 12.539 OTHERS -1
11 307.422 139.177 7.694 9.854 OTHERS -1
