1 228.253 84.744 26.629 31.898 JZM 0
0 39.238 81.302 25.676 35.183 OTHERS 1
2 75.506 62.891 21.786 27.616 OTHERS 0
3 9.680 41.402 22.906 29.285 OTHERS 1
4 338.553 67.670 17.178 22.573 OTHERS -1
5 261.081 29.863 14.368 18.875 OTHERS -1
6 359.085 64.992 14.119 18.801 OTHERS -1
7 399.463 41.942 14.323 18.766 OTHERS -1
8 390.484 62.003 15.968 20.298 OTHERS -1
9 426.466 84.874 16.203 21.773 OTHERS -1
10 159.555 90.302 21.462 29.282 OTHERS 0
11 131.615 31.737 15.308 20.396 OTHERS -1
12 141.779 69.180 17.572 23.292 OTHERS -1
13 329.270 40.763 15.424 19.712 OTHERS -1
14 374.301 77.487 18.451 23.437 OTHERS -1
15 100.503 100.888 19.926 31.229 OTHERS -1
16 363.568 48.498 13.076 17.276 OTHERS -1
17 218.335 20.106 18.811 23.706 OTHERS -1
18 108.248 20.684 17.104 21.837 OTHERS -1
19 121.364 57.559 19.813 26.418 OTHERS 0
20 398.823 89.069 18.510 24.024 OTHERS 1
21 173.533 68.421 19.387 26.165 OTHERS -1
22 420.776 63.635 15.762 19.500 OTHERS -1
23 184.123 50.740 16.966 24.089 OTHERS -1
24 347.540 36.414 13.608 17.610 OTHERS -1
25 207.381 54.460 19.828 26.821 OTHERS -1
26 63.358 24.363 17.891 22.793 OTHERS -1
27 287.419 34.712 17.546 23.121 OTHERS -1
28 315.981 38.923 11.669 16.080 OTHERS -1
29 252.087 75.762 20.772 28.147 OTHERS -1
30 303.760 38.743 13.303 18.977 OTHERS -1
31 196.255 40.123 12.543 15.841 OTHERS -1
