0 259.239 142.672 14.008 18.638 OTHERS -1
1 344.014 155.180 14.069 18.340 OTHERS -1
2 303.655 143.428 14.299 19.091 OTHERS -1
3 361.593 202.374 16.607 20.810 OTHERS -1
4 80.181 132.293 14.224 17.638 OTHERS -1
5 152.691 144.339 14.766 19.694 OTHERS -1
6 386.545 143.411 13.985 17.596 OTHERS -1
7 120.453 206.089 15.587 20.043 OTHERS -1
8 356.525 142.435 12.887 17.446 OTHERS -1
9 105.474 138.069 15.672 19.113 OTHERS -1
10 170.931 140.854 13.009 16.262 OTHERS -1
11 240.848 132.780 13.624 16.726 OTHERS -1
12 133.569 138.646 13.357 16.434 OTHERS -1
13 321.595 145.786 12.706 15.290 OTHERS -1
14 277.542 150.551 12.883 17.040 OTHERS -1
15 201.629 149.394 14.228 15.248 OTHERS -1
16 52.453 132.918 17.144 18.224 OTHERS -1
17 398.802 133.569 11.829 14.202 OTHERS -1
18 384.614 130.151 9.787 12.653 OTHERS -1
19 210.273 135.427 12.449 14.573 OTHERS -1
