0 251.806 65.008 31.674 40.796 JZM 0
1 45.184 92.722 32.881 41.148 OTHERS 0
2 162.614 51.199 29.275 39.215 OTHERS 0
3 424.345 70.223 29.983 37.926 OTHERS 0
4 193.185 55.585 25.683 32.924 OTHERS 0
5 57.642 32.377 26.167 30.945 OTHERS 0
6 330.470 63.864 23.243 28.120 OTHERS 0
7 140.146 12.041 13.737 17.522 OTHERS -1
8 163.795 14.016 17.871 23.183 OTHERS -1
9 27.270 18.174 17.934 21.450 OTHERS -1
10 108.415 31.619 20.838 25.717 OTHERS -1
11 210.843 31.356 18.644 24.409 OTHERS -1
12 344.676 32.714 20.541 26.305 OTHERS -1
13 366.017 12.539 20.080 27.007 OTHERS 0
14 60.811 1.895 16.395 20.739 OTHERS -1
