13 188.835 28.361 20.092 25.430 JZM -1
0 63.515 27.247 14.457 18.975 OTHERS -1
1 231.888 39.391 12.912 16.268 OTHERS -1
2 40.586 55.499 12.095 16.259 OTHERS -1
3 115.472 36.298 12.431 15.415 OTHERS -1
4 77.944 74.355 14.360 17.492 OTHERS -1
5 152.861 30.414 14.800 19.240 OTHERS -1
6 291.000 31.394 18.160 25.102 OTHERS -1
7 89.562 37.061 12.447 15.587 OTHERS -1
8 105.020 52.971 12.524 16.242 OTHERS -1
9 31.832 35.317 12.272 15.114 OTHERS -1
10 135.143 73.473 10.481 14.881 OTHERS -1
11 251.764 45.441 10.294 13.256 OTHERS -1
12 144.094 43.107 9.994 13.056 OTHERS -1
