0 335.230 52.738 35.625 45.303 JZM 0
1 111.955 50.377 26.622 34.526 OTHERS 1
2 522.254 57.560 34.035 45.432 OTHERS 0
3 275.966 56.427 27.207 34.239 OTHERS 0
4 138.000 136.642 26.736 31.033 OTHERS 0
5 70.392 100.612 23.912 31.581 OTHERS -1
6 501.799 66.450 23.656 32.956 OTHERS -1
7 206.207 67.111 22.955 30.461 OTHERS 0
8 415.842 72.829 24.301 28.994 OTHERS 0
9 54.972 64.367 24.197 31.661 OTHERS 0
10 187.556 97.791 22.314 28.225 OTHERS 0
11 256.291 77.488 20.106 26.940 OTHERS -1
12 316.879 97.608 23.828 30.817 OTHERS -1
13 314.256 74.567 19.465 23.402 OTHERS -1
14 161.407 68.449 21.471 27.529 OTHERS 0
15 452.411 82.562 20.394 26.528 OTHERS 0
16 144.645 81.038 12.472 14.156 OTHERS -1
17 240.342 131.087 19.880 27.912 OTHERS 1
18 -0.923 71.615 22.590 50.506 OTHERS -1
