0 368.132 56.532 38.632 47.191 JZM 0
1 246.729 111.005 15.099 15.764 OTHERS -1
2 152.616 152.576 12.608 14.135 OTHERS -1
3 164.062 137.251 12.669 15.703 OTHERS -1
4 216.745 155.886 13.478 15.089 OTHERS -1
5 172.048 237.412 16.795 18.054 OTHERS -1
6 348.481 94.819 11.808 14.820 OTHERS -1
7 39.981 168.738 14.130 16.931 OTHERS -1
8 313.107 182.711 12.634 13.894 OTHERS -1
9 461.758 188.903 14.597 16.541 OTHERS -1
10 138.989 165.843 12.861 16.971 OTHERS -1
11 102.074 235.450 14.675 15.789 OTHERS -1
12 294.898 236.731 15.119 15.924 OTHERS -1
13 161.587 204.796 13.815 16.839 OTHERS -1
14 13.746 202.335 14.388 18.559 OTHERS -1
15 175.095 171.375 13.748 17.823 OTHERS -1
16 43.450 142.312 15.340 17.923 OTHERS -1
17 280.874 110.354 12.781 13.962 OTHERS -1
18 188.504 153.010 12.742 14.706 OTHERS -1
19 195.388 204.207 15.556 17.123 OTHERS -1
20 8.623 168.139 14.462 17.114 OTHERS -1
21 301.958 208.763 14.374 15.058 OTHERS -1
22 74.613 181.574 12.786 16.581 OTHERS -1
23 318.813 155.723 13.935 15.214 OTHERS -1
24 126.295 128.854 13.794 15.140 OTHERS -1
25 1.580 76.756 12.334 17.617 OTHERS -1
26 90.369 125.510 13.070 16.501 OTHERS -1
27 56.508 199.815 13.989 17.774 OTHERS -1
28 176.289 87.186 13.394 15.006 OTHERS -1
29 140.246 111.905 12.968 14.479 OTHERS -1
30 34.804 239.840 14.539 17.356 OTHERS -1
31 194.029 128.354 13.945 15.334 OTHERS -1
32 262.252 131.828 12.120 13.196 OTHERS -1
33 322.293 97.669 12.424 14.359 OTHERS -1
34 256.787 149.541 12.932 15.724 OTHERS -1
35 230.250 243.977 14.391 14.991 OTHERS -1
36 117.072 153.191 13.986 15.379 OTHERS -1
37 33.003 110.644 12.062 13.391 OTHERS -1
38 171.494 112.651 13.042 13.597 OTHERS -1
39 203.794 172.021 13.908 14.190 OTHERS -1
40 84.771 201.010 15.740 16.795 OTHERS -1
41 259.589 202.377 13.734 15.641 OTHERS -1
42 107.897 175.025 14.638 15.938 OTHERS -1
43 365.347 108.295 12.987 14.051 OTHERS -1
44 231.739 136.846 14.091 16.217 OTHERS -1
