1 188.525 70.356 31.272 36.412 JZM 0
0 353.959 63.637 33.801 40.966 OTHERS 0
2 71.896 64.407 27.487 35.881 OTHERS 1
3 322.502 86.046 14.222 17.924 OTHERS -1
4 5.635 97.742 18.383 21.164 OTHERS 0
5 238.810 86.971 16.394 21.666 OTHERS 0
6 139.631 106.803 14.819 18.205 OTHERS -1
7 43.978 92.502 21.255 27.625 OTHERS 0
8 109.013 85.277 20.905 25.134 OTHERS 0
9 281.897 88.610 20.231 25.724 OTHERS 0
10 271.264 100.549 12.051 15.295 OTHERS -1
11 343.952 95.422 17.254 20.501 OTHERS -1
12 153.549 106.627 9.677 12.933 OTHERS -1
