7 212.006 74.879 21.192 27.085 JZM 0
0 390.186 63.421 22.365 27.268 OTHERS 0
1 38.093 64.534 21.933 27.043 OTHERS 0
2 273.395 83.117 21.528 28.584 OTHERS 0
3 166.713 41.310 18.557 22.591 OTHERS 0
4 332.618 80.352 21.313 25.732 OTHERS 0
5 311.735 53.090 19.742 25.096 OTHERS 0
6 76.277 54.920 17.160 22.016 OTHERS 0
8 103.347 66.216 21.335 27.140 OTHERS 0
9 158.184 99.797 20.283 22.945 OTHERS 0
10 248.484 48.922 19.806 24.766 OTHERS 0
11 138.285 59.721 20.326 24.171 OTHERS 0
12 187.262 61.471 18.234 22.133 OTHERS -1
