0 120.305 162.593 14.880 16.463 OTHERS -1
1 214.803 197.171 15.093 17.159 OTHERS -1
2 351.857 194.037 15.431 21.076 OTHERS -1
3 175.236 175.281 15.453 20.328 OTHERS -1
4 107.546 179.205 18.348 22.231 OTHERS -1
5 227.867 174.591 13.181 15.888 OTHERS -1
6 249.205 194.991 15.428 17.902 OTHERS -1
7 303.327 200.767 15.233 17.244 OTHERS -1
8 252.570 170.853 12.309 15.581 OTHERS -1
9 531.539 156.354 12.555 15.464 OTHERS -1
10 140.310 173.482 17.724 21.212 OTHERS -1
11 374.483 170.818 12.701 15.995 OTHERS -1
12 455.300 153.505 12.795 16.327 OTHERS -1
13 466.055 204.384 13.688 17.044 OTHERS -1
14 426.598 185.161 13.616 18.355 OTHERS -1
15 169.942 152.545 13.800 16.676 OTHERS -1
16 480.630 145.597 12.272 15.384 OTHERS -1
17 557.752 157.771 13.894 16.192 OTHERS -1
18 399.093 177.239 11.077 14.208 OTHERS -1
19 435.130 165.355 11.165 13.096 OTHERS -1
20 513.187 211.647 14.662 15.926 OTHERS -1
21 381.838 195.993 14.126 16.870 OTHERS -1
22 310.533 168.393 12.836 16.574 OTHERS -1
23 348.409 180.298 12.012 13.691 OTHERS -1
24 509.135 158.878 12.763 13.688 OTHERS -1
25 281.834 182.107 11.992 12.107 OTHERS -1
