0 55.394 139.039 13.657 16.910 OTHERS -1
1 215.840 139.977 12.664 16.460 OTHERS -1
2 180.869 140.225 13.817 17.323 OTHERS -1
3 167.270 103.690 11.874 16.256 OTHERS -1
4 252.841 142.298 14.210 17.357 OTHERS -1
5 268.501 105.996 12.005 15.377 OTHERS -1
6 141.249 140.605 13.621 18.114 OTHERS -1
7 141.298 114.018 11.766 15.115 OTHERS -1
8 188.906 100.270 11.170 14.884 OTHERS -1
9 289.561 139.763 14.759 18.475 OTHERS -1
10 48.186 119.750 11.781 15.500 OTHERS -1
11 294.528 110.161 12.368 16.486 OTHERS -1
12 217.943 73.452 9.793 12.685 OTHERS -1
13 78.436 111.930 11.184 14.408 OTHERS -1
14 149.976 102.389 11.715 14.580 OTHERS -1
15 135.882 78.595 10.352 13.998 OTHERS -1
16 243.787 78.025 9.421 12.348 OTHERS -1
17 45.754 82.218 10.851 13.172 OTHERS -1
18 238.802 101.302 11.781 15.168 OTHERS -1
19 102.271 111.373 11.721 15.034 OTHERS -1
20 27.014 105.589 11.127 13.905 OTHERS -1
21 123.990 100.305 11.338 14.590 OTHERS -1
22 109.611 81.680 10.155 13.787 OTHERS -1
23 210.374 101.670 12.112 14.714 OTHERS -1
24 165.665 81.773 9.953 13.064 OTHERS -1
25 189.335 75.788 9.257 12.035 OTHERS -1
26 55.747 108.956 10.099 12.190 OTHERS -1
27 81.512 100.068 13.319 15.725 OTHERS -1
28 100.461 150.057 13.446 17.135 OTHERS -1
