3 210.937 140.296 39.958 48.900 JZM 1
0 81.472 157.761 33.549 44.013 OTHERS 0
1 316.652 183.012 29.247 39.925 OTHERS 0
2 150.860 169.818 27.627 34.487 OTHERS 0
4 283.847 179.823 29.185 32.531 OTHERS 0
5 324.649 148.437 26.015 28.562 OTHERS 0
6 266.037 152.339 23.705 30.775 OTHERS -1
7 486.181 141.753 33.256 48.983 OTHERS -1
8 357.711 186.904 22.286 30.947 OTHERS 1
9 400.826 161.227 22.618 30.633 OTHERS 0
10 384.772 211.361 25.911 32.518 OTHERS -1
11 391.455 145.127 22.143 27.660 OTHERS -1
12 68.600 186.534 23.372 32.373 OTHERS -1
13 185.025 143.576 18.953 25.297 OTHERS -1
