0 169.665 256.064 11.232 13.958 OTHERS -1
1 425.324 234.456 11.071 13.761 OTHERS -1
2 407.788 253.273 11.735 14.406 OTHERS -1
3 104.942 256.949 11.433 14.919 OTHERS -1
4 239.295 255.197 12.005 15.650 OTHERS -1
5 277.164 210.884 11.083 13.944 OTHERS -1
6 479.766 255.997 11.764 15.259 OTHERS -1
7 287.358 227.904 10.858 13.946 OTHERS -1
8 443.057 255.909 10.906 13.983 OTHERS -1
9 137.025 256.469 12.926 14.149 OTHERS -1
10 376.658 253.059 11.137 13.864 OTHERS -1
11 200.846 218.060 10.364 13.213 OTHERS -1
12 67.639 258.538 10.658 13.507 OTHERS -1
13 169.869 226.985 10.365 13.011 OTHERS -1
14 457.784 231.755 11.695 14.056 OTHERS -1
15 359.167 236.162 10.144 12.922 OTHERS -1
16 311.809 218.190 10.539 12.879 OTHERS -1
17 373.139 220.317 10.016 12.081 OTHERS -1
18 343.226 253.425 11.521 14.659 OTHERS -1
19 134.278 221.612 10.139 12.406 OTHERS -1
20 94.675 232.703 11.190 12.807 OTHERS -1
21 180.118 221.257 10.178 12.694 OTHERS -1
22 226.503 218.274 10.199 12.235 OTHERS -1
23 274.698 253.953 12.148 16.041 OTHERS -1
24 228.263 234.895 10.345 12.812 OTHERS -1
25 257.426 231.342 10.454 13.143 OTHERS -1
26 130.873 234.248 10.578 13.535 OTHERS -1
27 338.487 218.817 9.553 11.683 OTHERS -1
