0 269.267 181.702 13.069 15.879 XJP -1
1 453.511 181.616 11.761 15.100 OTHERS -1
2 77.283 186.849 12.770 15.869 OTHERS -1
3 500.239 186.766 12.132 14.919 OTHERS -1
4 7.876 186.767 10.831 14.410 OTHERS -1
5 57.134 194.367 10.417 13.076 OTHERS -1
6 25.587 186.547 13.145 16.613 OTHERS -1
7 191.004 187.564 12.433 15.923 OTHERS -1
8 526.054 186.974 12.121 14.461 OTHERS -1
9 403.442 184.151 12.267 14.801 OTHERS -1
10 130.429 183.857 12.785 15.926 OTHERS -1
11 345.717 185.337 12.673 16.816 OTHERS -1
12 480.936 189.354 8.258 10.628 OTHERS -1
13 145.693 190.166 8.828 11.720 OTHERS -1
14 224.231 195.344 8.256 10.252 OTHERS -1
15 464.915 188.760 7.391 9.604 OTHERS -1
16 426.776 196.010 9.626 11.959 OTHERS -1
17 375.414 191.466 9.467 11.090 OTHERS -1
18 3.800 187.308 9.274 13.529 OTHERS -1
19 320.435 191.409 8.179 10.013 OTHERS -1
20 95.640 189.925 8.184 11.583 OTHERS -1
21 103.074 193.835 7.368 9.889 OTHERS -1
22 333.532 188.758 7.504 9.422 OTHERS -1
