7 101.005 66.984 22.890 27.187 JZM -1
0 347.007 57.068 14.317 18.796 OTHERS -1
1 266.689 62.152 14.234 18.175 OTHERS -1
2 283.388 61.041 13.463 18.073 OTHERS -1
3 250.375 62.861 15.362 19.538 OTHERS -1
4 164.660 60.649 20.050 23.651 OTHERS 0
5 329.776 59.608 16.220 20.714 OTHERS -1
6 297.258 61.387 15.709 19.038 OTHERS -1
8 313.324 60.283 13.511 17.335 OTHERS -1
9 228.569 63.107 19.968 26.722 OTHERS 0
10 383.659 55.487 18.851 22.409 OTHERS -1
11 184.763 64.716 11.945 15.563 OTHERS -1
12 407.614 59.343 14.662 18.332 OTHERS -1
13 196.751 63.828 12.323 15.906 OTHERS -1
14 58.992 70.626 24.211 24.248 OTHERS -1
15 441.080 55.515 11.309 17.408 OTHERS -1
