0 231.143 80.815 24.815 32.101 JZM 0
1 181.233 88.808 21.883 26.921 OTHERS 0
2 105.569 86.029 22.104 28.019 OTHERS 0
3 260.859 66.305 23.568 28.170 OTHERS 0
4 339.890 71.486 20.108 25.250 OTHERS 0
5 207.774 30.962 16.383 19.096 OTHERS -1
6 177.453 59.423 20.226 24.029 OTHERS 0
7 301.354 91.493 21.392 28.612 OTHERS -1
8 336.226 26.445 15.097 17.750 OTHERS -1
9 135.294 73.244 21.125 24.727 OTHERS 0
10 21.365 53.583 19.753 22.497 OTHERS 0
11 319.299 76.482 21.593 25.249 OTHERS 0
12 98.005 56.191 21.378 23.762 OTHERS -1
13 278.547 48.754 20.583 24.904 OTHERS 0
14 374.623 70.863 21.561 26.457 OTHERS 0
15 49.682 76.754 20.269 24.804 OTHERS 0
16 385.878 25.859 15.487 17.969 OTHERS -1
17 24.439 97.068 17.469 27.065 OTHERS -1
18 216.511 75.092 20.928 25.823 OTHERS -1
19 96.986 33.108 15.572 21.537 OTHERS -1
