0 81.560 68.167 52.752 72.236 JZM 1
1 272.362 12.150 38.082 48.727 OTHERS 1
2 143.577 95.056 26.955 39.936 OTHERS -1
3 195.235 30.245 27.720 36.009 OTHERS 0
4 318.847 103.667 41.734 66.644 OTHERS -1
5 348.231 0.531 40.115 34.184 OTHERS -1
6 310.935 17.124 30.954 46.244 OTHERS -1
7 177.946 87.309 29.602 42.228 OTHERS 1
8 275.998 72.631 31.475 51.562 OTHERS -1
9 248.080 15.247 26.080 42.605 OTHERS 1
10 164.202 11.825 25.237 29.851 OTHERS 0
11 157.474 43.312 23.313 35.848 OTHERS 1
12 132.551 44.804 23.693 36.325 OTHERS 0
13 226.464 90.372 31.022 51.906 OTHERS -1
14 37.026 99.493 22.261 30.002 OTHERS -1
15 17.268 86.789 21.573 33.804 OTHERS -1
16 209.114 81.117 29.271 47.948 OTHERS 1
17 355.029 41.617 28.443 42.171 OTHERS -1
18 203.656 11.133 25.020 30.214 OTHERS -1
