0 71.415 303.047 62.771 75.701 OTHERS 0
1 250.796 291.850 59.629 81.582 OTHERS 0
2 29.441 121.169 56.453 68.652 OTHERS 0
3 351.520 83.731 44.844 61.296 OTHERS 0
4 350.682 230.610 49.544 85.706 OTHERS 1
5 49.435 85.194 34.530 40.454 OTHERS 0
6 86.367 104.249 30.655 35.609 OTHERS 0
7 447.322 114.040 37.708 50.794 OTHERS 0
8 131.361 73.060 39.546 49.447 OTHERS 0
9 332.624 103.881 26.749 40.262 OTHERS -1
10 450.196 175.083 38.423 58.642 OTHERS 1
11 179.612 114.135 40.272 52.662 OTHERS 0
12 433.526 94.254 22.837 27.094 OTHERS 0
13 313.005 91.233 20.487 25.802 OTHERS 0
14 160.239 107.733 23.392 32.750 OTHERS -1
