0 78.920 92.220 62.610 77.955 JZM 0
1 262.524 99.982 54.408 65.637 OTHERS 0
2 321.502 124.554 16.551 21.686 OTHERS 0
3 377.751 101.769 14.863 18.962 OTHERS -1
4 23.191 102.071 16.825 21.216 OTHERS -1
5 8.743 83.336 10.870 14.070 OTHERS -1
6 330.255 90.403 9.845 12.891 OTHERS -1
7 244.381 88.659 9.706 12.434 OTHERS -1
8 225.818 76.433 9.656 11.415 OTHERS -1
9 44.958 78.322 8.758 11.094 OTHERS -1
10 337.450 77.540 9.221 11.461 OTHERS -1
11 369.207 78.522 9.601 11.258 OTHERS -1
12 356.512 74.474 7.905 10.186 OTHERS -1
