0 314.809 105.747 60.650 77.009 DXP 0
1 466.662 79.585 52.345 83.314 OTHERS 1
2 208.720 122.245 66.142 86.733 OTHERS -1
3 22.439 58.622 25.984 34.641 OTHERS -1
4 79.684 84.350 25.122 32.809 OTHERS 1
5 68.237 35.742 24.067 30.998 OTHERS 0
6 31.110 27.558 26.473 31.910 OTHERS -1
7 40.201 110.981 41.927 60.848 OTHERS 1
8 275.814 112.456 34.968 47.316 OTHERS -1
9 110.524 93.784 24.202 28.483 OTHERS -1
10 250.343 20.377 15.884 20.388 OTHERS -1
11 122.555 56.697 21.984 27.790 OTHERS -1
12 224.288 15.760 16.306 20.372 OTHERS -1
13 203.610 4.031 14.438 19.571 OTHERS -1
14 282.514 28.040 13.886 18.141 OTHERS -1
15 237.191 42.390 14.896 18.230 OTHERS -1
16 357.839 35.792 12.665 16.847 OTHERS -1
17 78.301 9.724 21.821 27.001 OTHERS -1
18 320.962 47.186 15.066 19.460 OTHERS -1
19 150.574 1.940 16.069 24.019 OTHERS -1
20 126.061 5.052 15.340 21.012 OTHERS -1
21 291.291 51.846 13.133 18.695 OTHERS -1
22 181.778 8.323 17.625 24.894 OTHERS -1
23 416.240 72.686 11.927 16.431 OTHERS -1
24 389.966 88.069 13.870 17.340 OTHERS -1
25 242.253 1.025 15.609 16.279 OTHERS -1
26 27.321 2.960 21.764 24.901 OTHERS -1
27 154.572 52.521 19.853 26.713 OTHERS -1
28 262.873 44.315 15.250 21.324 OTHERS -1
29 395.390 40.813 10.456 13.336 OTHERS -1
30 360.411 63.598 12.138 20.879 OTHERS -1
31 377.220 31.407 10.438 12.986 OTHERS -1
32 430.777 89.842 12.480 16.408 OTHERS -1
33 93.167 0.756 19.061 23.701 OTHERS -1
34 311.785 17.214 12.224 17.330 OTHERS -1
35 335.454 40.609 12.734 17.604 OTHERS -1
36 298.219 85.687 14.723 16.515 OTHERS -1
