0 59.100 47.734 41.057 57.095 JZM 1
1 233.138 13.439 23.422 34.817 OTHERS -1
2 133.051 65.133 22.106 31.274 OTHERS 1
3 241.066 73.591 30.997 53.388 OTHERS -1
4 170.172 68.766 21.990 36.039 OTHERS -1
5 206.713 54.660 23.755 39.987 OTHERS -1
6 106.616 68.476 22.069 31.711 OTHERS -1
7 185.476 10.830 20.047 32.007 OTHERS 1
8 205.709 8.125 24.308 33.362 OTHERS -1
9 260.300 -0.800 29.382 24.460 OTHERS -1
10 122.517 7.650 19.508 22.878 OTHERS 0
11 119.140 33.494 17.244 25.267 OTHERS -1
12 146.126 22.125 20.606 26.993 OTHERS -1
13 99.441 33.012 18.516 26.973 OTHERS -1
14 27.487 73.108 15.895 20.578 OTHERS -1
