2 305.349 62.798 51.262 63.350 JZM 1
0 220.500 59.693 28.739 38.693 OTHERS 0
1 174.696 84.758 29.318 38.837 OTHERS 0
3 120.195 10.621 27.718 38.571 OTHERS 1
4 180.790 28.220 27.608 33.476 OTHERS 0
5 149.347 18.761 27.478 36.021 OTHERS 0
6 121.268 77.944 31.725 41.867 OTHERS 0
7 265.822 76.677 25.449 33.322 OTHERS 0
8 60.504 58.494 41.255 57.587 OTHERS 1
9 206.809 35.780 24.106 30.136 OTHERS -1
10 80.812 31.694 34.265 44.855 OTHERS -1
11 327.602 21.999 15.627 21.797 OTHERS -1
12 237.427 30.756 21.978 27.355 OTHERS 0
13 287.218 0.621 18.292 22.145 OTHERS -1
14 272.386 27.134 21.503 27.424 OTHERS 0
15 372.457 17.418 13.158 16.678 OTHERS -1
16 357.766 29.150 14.946 19.771 OTHERS -1
17 340.543 11.456 14.853 19.506 OTHERS -1
18 190.432 -0.968 21.186 23.233 OTHERS -1
19 394.428 4.280 11.511 14.702 OTHERS -1
20 243.290 -0.756 21.874 22.466 OTHERS -1
21 380.153 36.446 14.714 18.263 OTHERS -1
22 386.637 114.565 13.752 18.437 OTHERS -1
23 154.138 0.688 24.206 20.263 OTHERS -1
24 356.924 2.668 10.403 13.690 OTHERS -1
25 411.466 14.697 10.836 13.338 OTHERS -1
26 210.276 1.621 19.387 26.562 OTHERS -1
