0 308.780 66.228 35.122 40.062 0.9999839067
1 269.177 314.274 58.451 71.753 0.9999761581
2 234.631 100.702 35.618 45.281 0.9999616146
3 314.094 124.581 47.533 57.277 0.9999595881
4 43.052 109.014 36.518 41.810 0.9999305010
5 569.231 104.438 47.541 55.514 0.9999059439
6 447.961 63.622 36.212 41.695 0.9998980761
7 453.835 333.086 51.986 58.784 0.9998711348
8 561.824 73.713 36.708 41.424 0.9998258948
9 98.110 75.802 35.735 43.801 0.9998165965
10 135.368 124.386 35.994 44.598 0.9997767806
11 347.719 65.927 39.185 46.298 0.9997745156
12 460.628 25.931 33.043 41.475 0.9997096658
13 559.324 32.621 27.898 40.228 0.9996864796
14 226.791 43.858 35.694 44.547 0.9996439219
15 581.276 15.213 36.510 45.879 0.9996277094
16 31.466 188.387 46.869 48.916 0.9995305538
17 16.727 74.031 32.460 41.954 0.9995282888
18 125.094 45.048 32.159 35.074 0.9993982315
19 176.815 45.323 30.732 46.211 0.9993653893
20 62.005 68.600 31.219 39.257 0.9948976636
21 615.293 256.310 40.270 55.507 0.9937484264
22 590.310 309.323 47.348 45.004 0.9857526422
