0 795.808 88.708 57.061 92.887 0.9999822378
1 633.958 107.674 55.676 67.801 0.9999704361
2 249.670 189.125 55.808 90.846 0.9999639988
3 689.203 128.970 57.321 85.333 0.9999599457
4 441.716 187.193 32.608 40.554 0.9999593496
5 478.337 243.503 47.034 72.528 0.9999434948
6 426.030 237.212 49.644 65.832 0.9999132156
7 547.891 125.068 30.175 41.445 0.9999032021
8 652.173 48.691 36.009 44.360 0.9998880625
9 597.494 137.648 53.100 65.586 0.9998689890
10 545.495 244.050 59.780 89.548 0.9998615980
11 51.941 247.157 30.200 40.874 0.9998309612
12 477.024 187.471 33.040 51.189 0.9997875094
13 553.225 87.276 32.472 40.464 0.9997178912
14 592.634 54.090 32.775 43.734 0.9997164607
15 312.443 206.673 28.276 31.940 0.9996274710
16 498.270 102.569 32.491 48.356 0.9994354844
17 399.286 126.247 25.722 32.667 0.9990298748
18 369.300 135.270 24.339 30.351 0.9982076883
19 99.724 254.272 27.990 41.651 0.9976609945
20 370.870 204.370 23.522 40.461 0.9973731041
21 777.007 276.258 54.882 103.804 0.9973261356
22 122.203 213.296 16.166 18.923 0.9969434142
23 549.976 174.155 36.703 53.712 0.9967594743
24 708.308 36.612 32.124 45.443 0.9964749217
25 72.174 208.148 14.547 20.078 0.9962633252
26 51.196 174.768 16.692 20.020 0.9960851669
27 153.817 237.862 38.766 55.242 0.9960250854
28 346.719 138.446 22.546 30.278 0.9960116148
29 77.365 229.181 18.710 22.514 0.9958962202
30 1.611 264.459 17.559 23.445 0.9955831170
31 426.472 124.329 21.989 31.474 0.9954704046
32 454.566 111.447 24.417 41.763 0.9953029156
33 395.329 182.774 22.628 43.312 0.9942679405
34 13.995 210.554 14.905 19.165 0.9938305020
35 3.569 183.644 15.365 18.990 0.9936881661
36 28.479 221.053 17.905 20.916 0.9933264256
37 76.256 180.693 15.878 19.705 0.9929149151
38 99.761 193.400 19.659 24.197 0.9927077889
39 377.370 245.743 30.729 55.787 0.9925460219
40 104.722 232.611 18.987 22.359 0.9925459027
41 145.687 191.132 18.085 24.286 0.9924998879
42 26.451 180.731 15.768 20.740 0.9923525453
43 50.728 215.439 15.014 18.394 0.9917328358
44 124.185 176.580 17.298 21.276 0.9909099936
45 363.421 169.387 20.725 32.656 0.9888253808
46 174.193 186.053 19.612 25.080 0.9883727431
47 178.855 165.057 19.696 22.966 0.9880030155
48 294.630 243.915 31.524 55.065 0.9870328903
49 182.671 218.591 21.095 28.114 0.9828138351
50 155.434 170.221 18.969 23.416 0.9826965332
51 307.225 137.392 18.571 24.449 0.9782906771
52 331.103 178.879 20.741 31.409 0.9764900208
53 142.328 174.064 14.546 19.689 0.9761281610
54 106.231 181.158 17.098 18.489 0.9445949793
55 582.724 233.556 50.095 96.999 0.9429409504
56 593.765 99.318 34.161 46.709 0.9406049252
57 -0.877 237.816 11.900 19.082 0.9360281229
58 302.842 167.137 18.573 27.122 0.9350255728
59 287.218 144.021 18.352 24.546 0.9167980552
