0 419.469 178.413 36.785 47.405 0.9999265671
1 626.277 181.038 37.587 52.633 0.9998739958
2 545.189 205.035 28.174 37.253 0.9995073080
3 488.230 223.262 24.584 27.022 0.9989118576
4 19.222 208.249 22.681 27.483 0.9986460805
5 199.031 223.475 15.338 17.766 0.9983118773
6 596.297 198.463 25.521 28.489 0.9982427359
7 96.511 225.580 19.327 21.375 0.9972189665
8 128.110 229.625 19.175 22.312 0.9963510036
9 240.657 215.366 15.771 18.017 0.9944004416
10 315.883 219.736 15.988 18.074 0.9901948571
11 525.384 210.707 21.579 28.782 0.9898630381
12 347.135 215.110 17.290 18.618 0.9894906878
13 261.279 220.175 13.165 15.240 0.9893959165
14 70.864 211.595 19.974 22.209 0.9884589314
15 166.635 211.797 17.418 18.432 0.9874568582
16 391.311 214.222 18.932 21.805 0.9862974882
17 376.879 218.950 15.679 19.618 0.9843540192
18 656.301 179.575 40.005 64.944 0.9707673192
19 286.394 221.882 14.478 16.543 0.9570970535
