0 531.950 125.972 61.676 78.277 0.9999949932
1 320.618 73.433 70.803 95.045 0.9999639988
2 388.595 132.199 50.235 63.815 0.9999614954
3 266.849 124.242 36.168 40.326 0.9998670816
4 71.538 132.391 75.836 98.319 0.9998627901
5 438.189 145.100 27.514 39.311 0.9998112321
6 157.678 128.796 37.631 48.485 0.9996349812
7 9.001 147.946 39.044 50.514 0.9995853305
8 420.383 123.469 32.341 47.623 0.9936791062
9 188.347 154.656 21.642 33.675 0.9886772633
10 143.554 163.542 40.083 57.610 0.9828421474
11 45.080 176.990 27.150 37.828 0.9743136764
