0 153.055 176.572 34.383 39.174 0.9999618530
1 455.563 157.183 40.899 39.364 0.9999269247
2 497.800 161.108 49.953 57.082 0.9998788834
3 62.628 163.412 33.911 36.629 0.9998105168
4 436.336 136.542 31.118 34.008 0.9997684360
5 13.107 138.840 39.604 44.874 0.9994311929
6 328.351 178.712 18.597 19.842 0.9958876967
7 282.546 155.567 23.641 25.622 0.9953123331
8 381.379 167.810 23.047 25.862 0.9930388331
9 348.937 162.081 15.185 17.711 0.9929428697
10 365.905 148.544 21.582 24.138 0.9912796617
11 213.222 164.157 22.197 28.196 0.9905830622
12 399.249 145.029 21.140 23.907 0.9853047729
13 314.543 156.460 18.095 21.883 0.9794446826
14 236.182 178.046 17.757 22.602 0.9665155411
15 414.967 167.452 20.613 24.808 0.9508534670
16 193.861 170.349 19.618 25.759 0.9020717740
