0 342.944 49.998 29.720 34.435 0.9999310970
1 34.191 155.867 36.345 44.575 0.9998826981
2 397.470 69.848 23.186 29.416 0.9984380603
3 221.388 93.608 23.137 37.003 0.9975804090
4 249.926 65.787 15.039 18.886 0.9963155389
5 226.519 62.441 21.442 28.667 0.9931772947
6 376.899 94.099 18.554 19.413 0.9907048345
7 431.576 190.913 22.577 25.868 0.9869994521
8 278.615 76.397 13.126 15.369 0.9820041060
9 251.906 198.518 17.989 23.057 0.9815084338
10 321.356 27.781 20.146 25.844 0.9692263007
11 319.969 185.031 19.340 28.644 0.9538055062
12 386.379 72.529 14.145 18.480 0.9535560608
