0 395.068 107.993 67.937 82.700 0.9999455214
1 234.042 85.938 67.512 90.669 0.9999440908
2 314.474 106.292 77.960 87.684 0.9999066591
3 178.156 127.587 71.469 96.441 0.9998880625
4 573.687 129.212 66.132 94.741 0.9997521043
5 655.864 140.002 82.673 100.448 0.9994595647
6 766.611 164.186 55.014 74.268 0.9993966818
7 491.352 192.999 50.951 96.145 0.9986024499
8 470.433 119.379 74.136 103.111 0.9967349172
9 37.943 102.341 76.183 114.963 0.9965052605
10 227.955 358.556 49.866 93.645 0.9961820245
11 537.573 125.786 62.790 99.071 0.9946033359
12 778.164 126.532 56.437 85.503 0.9350457788
