0 463.030 132.118 15.911 19.062 0.9973720312
1 490.146 122.421 16.090 18.869 0.9957522154
2 334.026 132.970 16.120 21.234 0.9936191440
3 443.947 134.715 16.129 20.753 0.9911274314
4 516.951 131.331 15.581 19.422 0.9889976382
5 15.300 142.029 20.104 21.179 0.9865092635
6 91.894 129.534 18.613 24.378 0.9853426218
7 415.729 140.213 17.592 20.132 0.9849438071
8 288.064 135.338 20.685 26.364 0.9843524098
9 168.403 146.423 21.100 25.626 0.9843066931
10 237.629 143.626 18.391 25.401 0.9788645506
11 250.147 138.670 17.174 25.371 0.9546983838
