0 44.592 156.492 25.338 29.275 0.9978951216
1 401.648 161.943 22.349 32.137 0.9972637892
2 503.909 156.917 26.007 34.364 0.9969100356
3 270.005 162.285 23.274 28.100 0.9968227148
4 204.986 173.938 17.893 21.658 0.9964841604
5 359.992 171.914 19.927 24.465 0.9926290512
6 104.839 163.714 21.654 25.034 0.9816593528
7 80.359 106.957 10.195 13.365 0.9779085517
8 57.946 105.599 10.439 13.081 0.9772910476
9 30.269 100.061 12.539 17.387 0.9722523689
10 168.956 165.453 21.613 26.418 0.9715123773
11 7.461 106.510 10.391 12.949 0.9620037079
