0 285.828 67.431 31.015 35.489 0.9999523163
1 332.487 79.853 42.660 39.527 0.9998655319
2 44.585 143.475 24.142 28.482 0.9960126877
3 12.284 130.212 20.236 23.328 0.9919722080
4 221.182 124.564 11.723 14.496 0.9905772209
5 127.579 128.833 18.772 24.702 0.9885905385
6 77.050 121.735 11.728 14.370 0.9868957400
7 501.168 116.059 19.158 25.593 0.9821953177
8 54.118 123.193 13.162 15.991 0.9802677631
9 537.739 122.439 12.313 15.053 0.9703513384
10 197.690 118.123 11.285 13.511 0.9566773176
11 461.108 120.742 9.918 12.088 0.9548612833
12 478.257 116.866 12.322 14.479 0.9287316799
13 204.672 122.167 9.411 11.473 0.9024465680
