0 240.683 70.204 36.067 44.901 0.9999542236
1 67.222 47.795 14.466 19.145 0.9955548644
2 119.138 110.144 13.443 16.035 0.9917007089
3 44.136 27.579 15.386 20.331 0.9892027974
4 61.540 4.620 12.899 16.015 0.9856022000
5 89.632 33.790 10.871 13.764 0.9846872687
6 115.041 84.251 12.449 15.828 0.9827704430
7 32.896 71.105 36.472 57.340 0.9827143550
8 138.550 91.348 11.210 14.184 0.9809694290
9 162.110 111.464 10.472 13.736 0.9778739810
10 196.963 113.222 9.483 12.328 0.9762964845
11 71.705 36.716 13.722 16.508 0.9728326797
12 97.914 79.845 15.417 20.910 0.9717873931
13 224.509 97.008 23.208 30.067 0.9694361687
14 179.528 116.184 10.465 13.914 0.9660375118
15 105.712 47.699 13.283 16.944 0.9654375911
16 67.983 23.348 12.913 15.574 0.9653649330
17 150.860 92.612 10.008 13.278 0.9646970630
18 123.341 34.366 8.389 10.871 0.9633909464
19 82.192 18.224 12.200 14.332 0.9612716436
20 143.915 54.346 8.614 10.701 0.9612369537
21 147.416 108.586 11.626 16.149 0.9606317282
22 123.502 67.917 10.616 12.993 0.9559519887
23 102.226 69.745 12.294 15.367 0.9522499442
24 113.974 56.909 10.560 13.934 0.9482415915
25 158.525 57.736 8.001 9.658 0.9439147115
26 152.436 75.846 9.762 12.162 0.9409192801
27 177.486 68.986 8.788 10.760 0.9371315241
28 37.147 14.663 15.147 19.539 0.9308175445
29 189.111 63.549 7.694 10.081 0.9295364022
30 137.480 42.290 7.861 9.358 0.9154767990
31 130.164 58.632 10.023 12.294 0.9087300301
