0 47.254 88.611 25.543 36.574 0.9996117949
1 24.987 39.340 23.882 31.348 0.9991300702
2 111.558 89.160 21.959 30.116 0.9988530874
3 91.047 35.426 15.939 20.017 0.9953018427
4 115.103 52.944 15.546 21.403 0.9938702583
5 142.871 64.084 13.288 17.298 0.9929936528
6 68.225 30.185 17.155 22.836 0.9915158749
7 41.708 9.312 18.899 24.745 0.9910312891
8 95.786 60.710 17.216 21.099 0.9905242324
9 195.051 102.877 12.856 15.973 0.9892396927
10 4.543 7.905 21.376 29.203 0.9886628985
11 55.883 -0.150 20.197 21.434 0.9881104231
12 82.609 7.979 15.033 18.583 0.9869563580
13 156.740 71.155 14.486 17.969 0.9866278768
14 108.430 25.908 12.446 15.951 0.9865353703
15 136.502 47.296 11.676 14.918 0.9818972945
16 151.615 40.688 10.330 13.367 0.9760053754
17 190.235 78.177 10.566 13.820 0.9747309685
18 64.707 51.375 19.595 25.460 0.9713487029
19 121.020 21.586 11.024 14.154 0.9675589204
20 170.445 103.923 13.143 17.713 0.9616757631
21 249.604 88.923 8.312 10.666 0.9570540190
22 164.672 56.258 13.148 16.852 0.9552641511
23 259.679 101.861 17.729 24.250 0.9434395432
24 158.554 103.474 13.476 20.418 0.9431868792
25 144.579 29.311 9.382 11.420 0.9377740026
26 131.394 14.125 9.610 12.297 0.9347849488
27 178.646 81.734 10.428 13.768 0.9265353084
28 133.671 34.004 11.383 13.902 0.9165970087
29 207.346 56.638 8.179 10.152 0.9163963795
30 179.929 63.890 9.707 12.442 0.9130290747
31 220.271 60.937 7.860 9.985 0.9126436710
32 161.019 31.511 8.732 10.652 0.9112469554
33 169.310 20.091 8.533 10.937 0.9109298587
34 228.554 42.282 7.719 10.213 0.9066575766
35 209 89 30 30 0.9