0 90.024 119.469 33.959 40.230 0.9999449253
1 127.060 150.195 39.304 48.602 0.9998306036
2 242.313 121.032 26.374 32.255 0.9996562004
3 -0.132 108.830 24.096 37.908 0.9984287620
4 359.718 153.764 27.356 34.265 0.9973571897
5 419.409 192.000 28.166 43.421 0.9958838820
6 297.880 107.940 17.323 23.532 0.9928850532
7 21.691 55.219 15.360 18.753 0.9921239018
8 89.410 53.358 15.960 19.436 0.9920570254
9 159.021 41.900 10.601 13.951 0.9758329988
10 121.559 83.934 20.123 26.730 0.9696588516
11 434.682 124.967 19.180 21.468 0.9594331384
