0 264.492 96.569 60.271 65.361 0.9999860525
1 18.015 95.007 54.419 62.824 0.9999601841
2 91.274 110.881 38.514 43.915 0.9999493361
3 141.537 96.040 28.886 33.646 0.9999016523
4 228.889 136.302 29.310 35.074 0.9998520613
5 506.886 128.383 33.431 43.854 0.9998477697
6 214.315 215.762 35.676 43.172 0.9998410940
7 466.611 101.805 30.029 38.599 0.9998300076
8 273.897 181.275 24.263 31.592 0.9992973804
9 430.637 120.898 21.275 21.788 0.9942611456
10 145.524 188.859 40.397 55.538 0.9938424826
11 519.163 104.190 21.901 27.311 0.9720978141
12 410.163 115.736 10.605 12.988 0.9208665490
