0 319.420 93.846 25.241 29.196 0.9992013574
1 206.249 98.043 15.532 20.706 0.9969766140
2 226.009 98.519 23.140 29.615 0.9964620471
3 287.056 103.286 17.513 21.912 0.9959139228
4 122.868 93.698 17.400 22.081 0.9954519868
5 144.005 86.897 20.086 22.595 0.9948598146
6 352.319 107.023 19.417 23.931 0.9947640896
7 424.192 103.467 15.169 22.027 0.9933546782
8 254.431 101.182 20.122 25.439 0.9894582033
9 511.242 113.546 18.276 23.882 0.9880831838
10 458.452 103.879 20.172 24.669 0.9878974557
11 394.857 98.408 19.556 23.887 0.9793251157
12 275.504 103.858 13.178 18.208 0.9780778885
