0 862.341 378.189 25.415 35.493 0.9986144304
1 86.809 336.200 22.778 35.136 0.9983029366
2 36.496 357.495 24.576 34.300 0.9971030354
3 825.490 337.425 22.311 31.435 0.9960365891
4 712.574 291.920 14.303 20.454 0.9944047928
5 239.676 299.554 15.959 19.826 0.9942038655
6 3.470 288.664 14.664 19.069 0.9925357103
7 318.015 275.958 13.882 18.699 0.9920370579
8 296.817 289.614 16.623 20.761 0.9888437986
9 723.212 302.348 16.492 22.116 0.9876769781
10 673.162 272.432 13.855 19.029 0.9870876074
11 100.843 273.622 10.761 15.131 0.9854694605
12 805.096 307.658 16.848 26.613 0.9849942327
13 776.299 325.402 17.332 25.968 0.9835862517
14 294.293 275.101 10.430 13.772 0.9820404053
15 347.211 274.390 10.541 12.578 0.9814774394
16 169.029 313.520 19.412 27.289 0.9803251624
17 881.918 261.788 12.034 15.964 0.9705642462
18 689.793 289.883 11.779 14.648 0.9604530931
19 200.203 306.362 17.292 24.164 0.9580204487
