0 529.799 328.099 38.216 39.952 0.9999364614
1 359.969 348.573 34.502 37.819 0.9998915195
2 404.200 145.691 39.485 42.288 0.9998317957
3 300.695 291.905 34.100 36.979 0.9995319843
4 739.665 251.483 13.970 16.252 0.9949942231
5 683.370 251.746 13.585 16.124 0.9924310446
6 805.532 252.042 15.802 18.537 0.9913218617
7 781.651 252.341 15.647 17.655 0.9886463881
8 759.364 253.039 14.919 16.648 0.9882516265
9 876.062 254.177 17.034 18.693 0.9861728549
10 855.784 252.289 18.297 19.698 0.9856119156
11 828.097 253.319 16.716 17.888 0.9848917723
12 631.402 252.109 12.652 14.858 0.9821276665
13 720.915 252.501 14.083 15.697 0.9802676439
14 616.753 251.388 11.598 14.019 0.9659454226
15 664.201 252.910 11.951 13.530 0.9656820893
16 648.417 252.978 12.101 14.227 0.9601582885
17 604.461 251.515 10.735 13.491 0.9492852688
18 506.602 281.294 25.046 26.256 0.9368702769
19 703.761 254.337 12.169 13.828 0.9316703677
20 555.703 252.259 10.887 12.495 0.9188767672
