0 50.502 223.746 44.225 49.615 0.9973830581
1 134.277 188.974 23.401 36.516 0.9968012571
2 223.255 163.359 13.855 16.132 0.9940460920
3 332.012 152.435 12.233 16.214 0.9911473393
4 277.115 152.545 11.636 14.904 0.9904245734
5 416.983 157.855 14.623 20.137 0.9864847064
6 8.826 172.657 12.698 14.429 0.9847397804
7 69.130 158.298 9.531 13.024 0.9841060042
8 389.248 155.390 13.369 17.038 0.9838204384
9 346.847 143.914 9.769 12.506 0.9800543785
10 57.894 156.349 10.194 12.780 0.9751463532
11 109.598 152.246 8.837 10.940 0.9725326896
12 323.565 143.305 9.005 11.602 0.9661439657
13 94.710 155.676 9.100 11.391 0.9653285742
14 202.834 149.224 8.616 11.023 0.9639121294
15 185.654 170.433 15.199 23.742 0.9616013169
16 461.879 184.958 21.567 24.701 0.9449936152
17 248.338 145.847 8.849 10.755 0.9351940155
18 271.666 146.097 9.123 11.162 0.9278369546
19 372.013 147.080 8.626 10.988 0.9231906533
20 299.121 147.901 8.664 10.763 0.9131194353
