0 576.652 186.692 57.346 69.150 0.9999710321
1 71.750 191.009 39.494 41.740 0.9998340607
2 177.115 207.824 40.222 44.205 0.9997981191
3 507.603 159.834 34.861 37.398 0.9997960925
4 328.100 182.204 27.486 30.156 0.9996863604
5 13.664 163.182 49.487 51.783 0.9994896650
6 248.464 191.339 25.128 32.215 0.9993176460
7 442.861 195.751 27.297 29.872 0.9988937974
8 531.421 183.035 45.906 47.947 0.9987826943
9 464.322 171.480 24.121 27.203 0.9960201383
10 426.849 174.834 23.646 26.833 0.9958109856
11 406.142 189.990 18.013 21.010 0.9946420193
12 483.346 196.060 22.704 26.799 0.9833533764
13 275.652 209.340 19.096 23.487 0.9821585417
14 225.855 198.064 21.258 28.731 0.9788672924
15 138.587 198.376 22.992 25.771 0.9723930359
16 365.629 182.120 20.302 25.555 0.9705193043
17 381.240 207.776 21.786 23.459 0.9697880149
18 102.028 178.748 22.769 27.144 0.9473846555
