0 44.621 210.453 52.259 68.270 0.9999887943
1 142.860 176.121 48.496 67.815 0.9999673367
2 84.400 2.932 33.389 38.953 0.9999668598
3 81.132 108.177 50.690 57.333 0.9999638796
4 123.857 10.721 29.436 33.460 0.9999251366
5 249.879 160.902 31.407 37.299 0.9998937845
6 513.696 220.421 29.236 35.080 0.9998801947
7 14.270 0.718 35.869 43.684 0.9998439550
8 391.485 174.141 47.291 66.947 0.9997387528
9 197.142 139.334 36.922 40.386 0.9997308850
10 153.432 44.854 29.129 31.306 0.9995688796
11 214.174 194.142 27.048 51.717 0.9994421601
12 282.840 168.715 27.081 30.673 0.9991580248
13 319.484 168.656 26.003 28.683 0.9988707900
14 392.051 129.952 18.078 19.690 0.9985688925
15 254.939 224.130 25.229 42.610 0.9982708693
16 278.637 219.302 27.587 38.599 0.9977378845
17 336.988 208.035 25.764 33.586 0.9977154732
18 160.679 1.846 23.709 26.897 0.9976736903
19 288.004 134.233 24.478 25.918 0.9972459078
20 484.345 131.766 13.424 14.846 0.9971931577
21 612.028 187.082 13.119 14.362 0.9969328642
22 586.396 235.192 14.155 15.855 0.9969059825
23 221.565 47.033 23.874 26.691 0.9968535304
24 217.844 108.650 26.117 33.418 0.9960100651
25 604.060 231.729 16.373 17.176 0.9958441854
26 273.168 91.733 24.333 26.952 0.9957263470
27 372.824 87.116 17.948 20.241 0.9956501126
28 640.635 215.790 12.948 15.208 0.9953758717
29 380.988 153.024 18.427 21.467 0.9950416684
30 559.758 236.032 15.952 17.847 0.9950138927
31 716.851 196.027 12.226 13.314 0.9949237704
32 460.986 125.860 14.923 17.012 0.9933503270
33 203.956 25.657 22.682 28.278 0.9933471680
34 356.925 102.969 16.064 18.683 0.9921587706
35 359.256 208.591 22.869 31.234 0.9911070466
36 179.392 87.750 24.999 36.040 0.9910706282
37 299.736 75.787 19.968 24.130 0.9910494089
38 649.343 142.025 11.462 12.652 0.9910010695
39 581.031 147.674 11.766 12.861 0.9907480478
40 674.344 231.629 13.916 14.956 0.9907007217
41 314.377 110.924 20.599 23.156 0.9901298881
42 625.456 152.284 11.957 13.127 0.9891386628
43 269.717 63.720 22.778 25.136 0.9890028238
44 632.986 237.153 15.333 17.276 0.9888619781
45 633.648 187.055 12.648 13.172 0.9884399176
46 749.667 204.024 11.859 13.218 0.9877392650
47 680.950 137.625 11.499 12.450 0.9861596227
48 685.150 160.593 12.598 13.317 0.9852028489
49 355.125 144.107 20.957 23.963 0.9851580262
50 500.775 204.459 14.805 15.669 0.9851225615
51 602.437 207.906 13.586 15.431 0.9844048619
52 500.627 180.348 16.084 18.644 0.9843571782
53 649.831 168.587 11.750 13.592 0.9834153652
54 654.182 233.885 13.203 14.406 0.9831872582
55 342.213 64.465 20.725 22.223 0.9829880595
56 708.056 234.168 12.373 13.771 0.9827455878
57 521.659 121.892 11.998 12.809 0.9818000793
58 757.128 237.595 12.859 14.124 0.9804713726
59 617.983 213.301 13.380 14.783 0.9800839424
60 381.394 208.826 24.568 35.913 0.9792129397
61 445.191 109.445 13.706 14.796 0.9789053202
62 709.371 214.603 10.790 12.324 0.9786450863
63 412.772 110.491 15.876 16.706 0.9785808325
64 698.131 187.448 13.789 13.953 0.9764844775
65 690.714 230.048 12.764 14.235 0.9761694670
66 586.594 186.573 13.012 14.422 0.9737026691
67 508.840 142.112 12.268 13.769 0.9696443081
68 679.934 191.111 10.279 11.731 0.9687409401
69 554.063 157.199 12.561 13.760 0.9681878686
70 726.896 213.469 12.009 14.165 0.9666348696
71 679.627 210.139 11.053 13.452 0.9627858996
72 781.901 242.424 11.889 13.199 0.9570240974
73 661.906 157.415 11.711 12.556 0.9549981356
74 625.086 136.883 9.941 10.738 0.9501771927
75 599.106 138.455 11.297 12.074 0.9480939507
76 564.870 207.552 13.963 16.557 0.9472470880
77 602.498 162.449 10.034 11.406 0.9441871643
78 571.041 184.064 11.279 12.866 0.9288139939
79 530.298 146.565 11.801 13.720 0.9139656425
80 241.637 52.966 20.798 22.808 0.9084345102
81 734.810 234.105 11.753 12.471 0.9040567875
