0 167.245 244.677 21.001 22.408 0.9937602878
1 227.463 261.980 24.607 26.185 0.9913212657
2 230.363 206.856 16.327 18.821 0.9908531308
3 103.144 258.689 25.602 28.441 0.9897771478
4 19.462 198.067 15.954 20.272 0.9867401719
5 142.170 236.655 20.563 23.433 0.9851304889
6 52.158 153.655 13.680 16.245 0.9799903035
7 61.674 182.543 16.820 18.274 0.9794736505
8 301.248 250.370 20.533 22.782 0.9788531661
9 141.759 126.143 12.936 15.863 0.9786744118
10 525.904 205.245 18.622 20.005 0.9784089327
11 318.667 201.417 16.172 19.747 0.9782500863
12 407.243 246.124 21.367 25.039 0.9781389832
13 375.228 241.004 20.009 22.200 0.9778061509
14 269.824 241.697 22.544 24.235 0.9764485359
15 199.091 251.246 21.654 24.623 0.9740813971
16 555.630 255.669 22.374 24.330 0.9727126956
17 472.513 238.322 22.075 23.582 0.9719105959
18 159.691 129.960 11.695 14.037 0.9687228203
19 517.720 245.825 21.906 24.633 0.9654715657
20 260.203 213.364 17.321 19.517 0.9620000720
21 181.640 170.091 13.236 15.760 0.9594336152
22 446.174 260.098 21.032 24.105 0.9544367790
23 106.423 194.788 15.682 18.930 0.9465341568
24 342.516 235.202 17.697 21.445 0.9416204095
25 142.448 208.266 19.967 23.264 0.9385658503
26 327.736 259.478 22.020 24.008 0.9380681515
27 436.743 202.950 16.507 21.783 0.9330448508
28 0.403 264.932 21.700 25.213 0.9313187599
29 19.560 238.066 14.381 19.415 0.9221606851
30 254.154 167.257 14.855 18.457 0.9213555455
31 499.868 225.426 21.950 25.344 0.9187932611
32 164.625 165.285 12.734 15.531 0.9167020917
33 244.370 239.074 16.631 20.304 0.9129489660
