0 229.323 61.885 15.695 20.161 0.9959203005
1 135.234 66.914 14.372 17.971 0.9944169521
2 359.472 69.930 12.959 15.986 0.9918449521
3 204.859 64.045 12.368 16.186 0.9908605814
4 283.739 76.811 13.467 15.557 0.9898492098
5 155.452 59.081 12.907 16.368 0.9896027446
6 312.648 60.491 13.135 16.642 0.9876040220
7 50.204 68.626 13.439 16.266 0.9776504040
8 74.820 72.320 10.598 13.603 0.9755966067
9 0.824 64.196 11.318 17.885 0.9612360597
10 15.799 68.743 9.686 13.105 0.9410858750
11 82.383 60.107 8.203 10.074 0.9063837528
