0 189.571 48.722 10.708 13.611 0.9887371063
1 30.420 37.091 9.839 12.059 0.9835839868
2 158.590 44.958 10.925 13.913 0.9808028936
3 206.270 33.571 9.652 11.763 0.9802244306
4 89.348 32.506 9.252 11.564 0.9785727262
5 85.700 52.090 10.020 12.563 0.9766328335
6 52.748 48.386 9.812 12.251 0.9734477401
7 123.238 45.354 10.328 13.097 0.9683392644
8 120.326 32.039 9.406 11.368 0.9647567272
9 61.689 41.288 9.548 11.900 0.9642569423
10 23.002 50.820 10.419 12.329 0.9516589642
11 175.802 35.918 9.444 11.390 0.9472085834
12 147.107 36.057 9.207 11.094 0.9416350126
