0 269.016 104.199 52.863 61.501 0.9999865294
1 490.866 118.759 32.800 37.567 0.9999336004
2 405.077 137.570 33.919 42.363 0.9999122620
3 19.239 122.632 35.792 46.392 0.9997907281
4 342.326 101.730 30.582 36.009 0.9996823072
5 221.929 112.778 39.289 49.418 0.9994454980
6 101.778 147.617 38.920 70.438 0.9967814684
7 146.841 115.268 22.499 28.544 0.9929220080
8 441.545 136.541 18.217 25.172 0.9708941579
9 387.781 142.512 12.417 14.352 0.9623149037
10 535.807 140.562 18.111 26.391 0.9611783624
11 515.465 138.772 21.365 28.630 0.9421756268
