0 231.569 69.374 28.186 34.332 0.9999029636
1 142.456 112.033 25.059 28.848 0.9992032647
2 99.007 86.144 22.520 28.350 0.9986637831
3 311.874 88.416 23.163 27.732 0.9969839454
4 23.979 81.104 16.796 21.435 0.9954248071
5 61.472 81.489 17.274 23.909 0.9949873686
6 76.101 68.921 13.720 18.261 0.9942176342
7 13.660 75.410 11.366 15.266 0.9909479022
8 157.829 92.302 20.642 21.488 0.9890806675
9 1.662 88.852 14.033 17.693 0.9860497117
10 195.760 84.910 17.472 22.794 0.9768460989
11 196.366 101.923 15.361 18.984 0.9727438092
12 151.976 71.405 16.643 18.291 0.9256173372
