0 65.577 115.587 11.610 13.276 0.9926847219
1 184.903 94.852 10.359 11.995 0.9883494377
2 321.012 118.910 12.052 13.195 0.9830271602
3 223.140 100.086 10.607 11.992 0.9807716012
4 34.016 123.273 11.581 12.708 0.9793455601
5 256.030 92.484 10.881 12.279 0.9762859344
6 99.634 117.053 11.837 14.031 0.9741263390
7 195.556 116.896 10.860 13.749 0.9717186689
8 257.749 116.552 11.069 12.725 0.9690465927
9 290.476 115.075 11.261 12.442 0.9654541612
10 145.348 100.155 10.653 11.890 0.9627308249
11 161.423 120.147 10.700 12.106 0.9060498476
