0 232.014 113.797 27.106 34.202 0.9999018908
1 108.870 132.349 28.233 34.968 0.9998138547
2 37.602 55.310 24.970 32.080 0.9985747337
3 94.919 72.899 23.247 26.414 0.9955676198
4 346.537 66.383 20.120 25.627 0.9945222139
5 389.220 117.157 22.220 27.002 0.9939265847
6 320.019 61.208 20.152 24.715 0.9931966066
7 298.275 70.729 23.192 25.815 0.9922913909
8 476.926 75.426 17.702 22.677 0.9922353625
9 480.920 123.988 21.582 27.010 0.9912179112
10 344.353 125.984 21.555 27.082 0.9907631278
11 132.071 58.581 22.134 26.758 0.9876264930
12 445.064 64.119 21.086 25.053 0.9850277901
13 412.237 75.556 20.892 27.027 0.9819033146
14 393.788 48.088 20.382 25.766 0.9808604717
15 359.292 76.130 19.732 25.325 0.9785531759
16 119.884 76.788 20.747 26.750 0.9719572067
17 75.137 65.927 15.840 25.789 0.9086475968
