0 158.874 278.719 25.788 31.588 0.9993647933
1 513.338 277.385 24.579 30.438 0.9993366599
2 625.959 272.154 26.019 32.240 0.9993206263
3 280.104 279.342 25.414 30.306 0.9992675185
4 586.907 168.744 25.125 31.293 0.9989596605
5 390.413 272.299 25.426 30.657 0.9988245368
6 612.177 222.487 25.796 28.773 0.9987791181
7 763.290 225.231 23.774 27.834 0.9987127781
8 5.029 232.233 25.992 29.223 0.9986929297
9 730.037 273.039 25.252 31.110 0.9985293150
10 687.154 217.990 25.220 28.928 0.9983831644
11 539.159 240.695 23.519 27.424 0.9983311296
12 89.539 109.462 23.399 28.615 0.9981737137
13 747.758 142.299 24.563 28.103 0.9979003668
14 467.137 228.482 22.937 29.627 0.9978225231
15 717.851 173.649 23.944 27.542 0.9976387024
16 80.593 225.861 24.724 29.948 0.9975584745
17 181.400 168.922 22.759 27.086 0.9975286126
18 655.292 177.138 24.334 29.486 0.9972553849
19 109.047 182.825 24.292 27.297 0.9972320199
20 156.168 233.313 24.959 26.450 0.9970765114
21 58.020 280.958 23.425 30.141 0.9970628619
22 317.288 181.360 22.413 28.467 0.9967923760
23 387.676 180.381 22.841 28.668 0.9967814684
24 633.514 128.811 23.190 26.148 0.9965397120
25 12.856 97.937 23.822 27.937 0.9963332415
26 39.040 178.287 23.393 27.452 0.9961205125
27 237.749 224.638 22.757 29.017 0.9959557056
28 455.195 179.847 22.358 28.462 0.9959048629
29 394.976 220.480 21.993 28.202 0.9953380823
30 315.538 231.133 21.041 27.921 0.9952665567
31 281.581 155.653 22.939 27.195 0.9951053858
32 530.048 134.669 22.740 26.176 0.9950836897
33 708.610 52.663 23.124 26.104 0.9949919581
34 635.944 77.172 21.980 27.048 0.9946033359
35 473.452 145.291 22.252 26.727 0.9945899248
36 397.381 108.815 22.465 27.214 0.9939925075
37 687.417 137.654 22.700 27.730 0.9937931299
38 506.440 64.287 21.383 26.661 0.9931252003
39 166.584 74.480 22.909 26.175 0.9930648208
40 71.909 155.576 22.261 25.719 0.9930029511
41 226.883 71.771 21.053 26.704 0.9922467470
42 131.782 148.392 22.041 26.440 0.9917510152
43 1.735 145.914 22.299 27.592 0.9912711382
44 445.223 79.107 20.961 26.143 0.9907449484
45 249.664 190.929 22.375 25.472 0.9905671477
46 581.180 142.290 22.347 25.979 0.9903567433
47 520.123 174.098 21.951 25.892 0.9898036718
48 332.977 80.447 20.975 26.034 0.9897840619
49 221.731 116.271 22.233 26.800 0.9892470241
50 462.743 110.661 21.724 25.798 0.9882149696
51 600.334 109.589 21.796 25.649 0.9868358374
52 527.700 106.009 22.858 25.226 0.9856918454
53 344.605 148.623 21.306 25.893 0.9852131009
54 162.383 109.867 21.175 26.203 0.9847638011
55 278.711 112.411 21.843 24.496 0.9840180278
56 51.001 75.606 21.765 25.362 0.9835211039
57 335.433 112.768 20.329 25.595 0.9827390909
58 112.690 83.278 21.713 25.814 0.9823496938
59 402.376 149.300 21.576 25.355 0.9819213152
60 730.587 121.609 20.687 26.148 0.9810509682
61 279.280 69.834 20.624 26.724 0.9809834361
62 670.651 104.240 19.490 22.442 0.9807152748
63 393.094 75.584 20.772 27.163 0.9768788218
64 566.252 67.547 20.859 25.619 0.9768558741
65 774.447 69.433 21.518 24.859 0.9759879708
66 213.960 147.438 21.500 25.151 0.9749432802
