0 425.720 135.472 60.916 77.287 0.9999909401
1 562.473 159.760 50.191 61.499 0.9999723434
2 125.358 114.176 53.253 96.843 0.9998315573
3 296.504 173.284 30.319 39.508 0.9998229146
4 711.868 197.780 84.096 91.370 0.9997041821
5 503.883 176.340 45.313 56.061 0.9996453524
6 237.887 216.098 34.860 47.042 0.9994797111
7 353.333 176.560 39.335 54.764 0.9989497066
8 50.525 168.200 31.035 42.778 0.9974314570
9 338.773 220.343 25.757 31.888 0.9871886373
10 184.870 193.001 33.308 59.328 0.9851491451
11 203.501 206.292 29.213 42.737 0.9718576670
12 674.711 231.008 17.224 20.868 0.9684980512
