0 174.844 48.801 64.291 77.837 0.9999818802
1 642.122 37.448 48.634 62.611 0.9999797344
2 458.799 88.690 59.142 74.399 0.9999636412
3 85.482 81.337 33.381 43.812 0.9998679161
4 120.072 75.773 32.739 41.785 0.9997469783
5 0.620 87.214 32.394 38.996 0.9996304512
6 271.014 81.506 41.216 45.188 0.9995008707
7 316.569 75.335 40.712 44.726 0.9992018342
8 404.667 86.891 42.758 47.151 0.9990965128
9 564.242 82.326 40.688 53.330 0.9988389611
10 519.612 88.714 38.081 47.898 0.9986087680
11 227.855 76.518 38.600 45.150 0.9963082671
12 359.940 72.171 43.351 50.509 0.9948287606
