0 200.020 140.494 23.304 34.714 0.9983711839
1 60.722 146.917 24.517 30.891 0.9980985522
2 128.899 98.487 12.651 16.012 0.9949630499
3 151.071 101.238 16.468 19.636 0.9939999580
4 232.024 92.327 12.368 15.261 0.9900729656
5 230.082 111.059 11.676 14.926 0.9876148701
6 198.126 103.402 13.445 18.269 0.9873405099
7 164.854 90.005 12.865 15.692 0.9852613807
8 81.591 91.356 12.005 14.588 0.9846441746
9 46.682 110.856 19.226 25.406 0.9827389121
10 184.457 91.827 10.591 13.623 0.9816223383
11 68.992 80.382 9.560 12.122 0.9788915515
12 204.364 89.369 11.802 14.293 0.9783485532
13 94.773 109.506 11.128 13.342 0.9751508236
14 29.368 89.431 13.750 18.812 0.9738298059
15 154.362 80.344 8.828 10.724 0.9551255703
16 2.225 100.218 14.210 18.240 0.9288815856
17 90.895 76.201 7.797 9.793 0.9244670272
18 106.919 79.828 7.979 9.718 0.9181528687
19 125.183 76.858 8.204 10.125 0.9115441442
20 140.791 73.791 7.793 10.462 0.9113884568
