0 24.417 363.445 30.287 39.299 0.9984309077
1 303.661 212.881 15.833 20.954 0.9974657297
2 216.298 216.400 21.814 25.976 0.9968480468
3 154.699 208.775 16.829 22.267 0.9960514903
4 198.795 219.189 15.358 19.913 0.9946475625
5 129.093 200.476 14.790 18.876 0.9942469597
6 193.210 175.371 12.477 15.833 0.9932323694
7 464.518 195.112 14.059 18.377 0.9927330017
8 313.152 226.841 15.798 19.580 0.9922812581
9 494.687 218.247 15.825 19.835 0.9917164445
10 182.078 197.833 13.635 17.553 0.9908905625
11 344.031 212.983 15.127 19.137 0.9899656773
12 333.468 197.047 13.518 17.468 0.9898959398
13 35.794 271.083 20.983 43.225 0.9889622331
14 388.339 203.549 15.862 19.145 0.9860103130
15 358.739 189.218 13.901 16.646 0.9848094583
16 358.611 244.350 14.051 21.202 0.9847580194
17 168.404 196.612 11.746 15.841 0.9846377969
18 46.460 190.132 12.750 16.153 0.9845103621
19 263.918 204.718 17.553 24.239 0.9828037024
20 24.467 185.228 11.691 14.062 0.9827120304
21 110.415 177.819 11.577 14.725 0.9806814790
22 280.377 207.288 13.431 20.021 0.9797726870
23 248.838 193.437 16.536 21.655 0.9779472947
24 400.611 219.002 16.173 24.627 0.9683514833
25 418.538 197.260 13.671 16.401 0.9588115811
26 359.464 212.774 16.863 23.928 0.9519081712
27 486.218 234.125 15.673 22.197 0.9505934715
28 349.248 191.754 9.971 13.204 0.9497738481
29 379.286 226.437 14.565 25.545 0.9492467046
30 -0.962 182.359 9.803 13.289 0.9411742687
31 98.754 241.416 18.691 28.115 0.9358070493
