0 152.112 67.283 18.449 23.438 0.9976075888
1 2.516 22.792 14.244 17.058 0.9947606921
2 175.159 88.051 18.752 23.107 0.9944487810
3 129.094 78.405 17.473 22.612 0.9942844510
4 173.140 46.315 14.924 18.597 0.9935843349
5 108.169 99.207 17.778 22.107 0.9935078621
6 48.213 20.433 13.421 17.528 0.9932019114
7 72.921 71.189 15.506 18.454 0.9931316972
8 117.422 134.283 19.334 26.132 0.9930540919
9 15.665 64.578 17.074 19.590 0.9930140376
10 139.765 94.391 17.112 22.625 0.9928711057
11 129.741 0.979 12.834 17.344 0.9914757013
12 94.245 32.697 19.103 24.330 0.9911672473
13 193.179 17.989 13.946 18.291 0.9909633994
14 36.760 3.752 11.928 14.975 0.9904170036
15 68.795 0.391 11.766 14.612 0.9903954864
16 81.614 44.041 13.385 17.574 0.9895542860
17 123.938 27.286 12.420 14.578 0.9887194037
18 22.501 94.422 18.372 23.545 0.9883078933
19 198.732 45.902 13.106 19.395 0.9828595519
20 142.134 40.523 13.290 16.327 0.9807784557
21 165.740 20.517 13.176 17.841 0.9799079895
22 195.778 85.510 16.934 25.702 0.9789086580
23 48.340 63.425 12.373 13.910 0.9770972729
24 150.572 0.470 11.870 15.940 0.9758780003
25 -2.005 146.295 17.115 23.157 0.9659672379
26 123.185 46.881 9.780 12.272 0.9594833851
27 105.207 0.115 11.704 12.719 0.9574168921
28 84.768 23.777 13.817 17.571 0.9519907236
29 35.572 149.963 17.844 21.469 0.9505228996
30 52.022 81.574 14.703 24.806 0.9490680099
31 141.274 154.404 15.700 16.989 0.9474366903
32 17.775 42.612 14.105 18.698 0.9414100051
33 167.043 -0.105 10.742 13.705 0.9313319921
