0 454.974 238.433 25.365 32.484 0.9996705055
1 413.074 174.056 19.128 22.823 0.9973126054
2 504.599 183.242 18.815 22.918 0.9973077774
3 373.548 174.345 18.635 22.163 0.9964758754
4 218.626 228.797 19.747 22.510 0.9960952401
5 23.805 171.829 18.332 24.066 0.9955186844
6 157.830 177.748 18.467 22.145 0.9950956106
7 20.824 229.462 20.037 24.740 0.9943523407
8 310.578 161.681 15.706 19.929 0.9942124486
9 308.537 178.869 16.787 21.228 0.9940832257
10 438.869 249.062 18.238 23.652 0.9940821528
11 473.807 170.610 19.848 24.299 0.9939590693
12 46.484 257.803 21.594 24.710 0.9939232469
13 110.840 177.525 21.001 25.903 0.9938821793
14 228.211 182.163 18.172 19.814 0.9927258492
15 15.400 133.657 19.843 24.226 0.9926377535
16 491.681 152.265 17.863 20.666 0.9924335480
17 66.666 239.271 19.967 23.821 0.9922875166
18 196.101 146.945 16.683 22.443 0.9921311736
19 352.481 236.451 20.513 25.180 0.9895629287
20 126.583 229.842 19.392 24.815 0.9893009067
21 423.225 146.564 17.978 23.792 0.9872116446
22 162.724 224.190 19.884 25.383 0.9847043753
23 42.866 147.228 15.968 19.817 0.9842554927
24 487.576 249.482 21.208 26.333 0.9825254679
25 95.119 158.989 17.933 22.919 0.9804984927
26 297.396 160.222 13.378 18.250 0.9789999723
27 420.440 239.047 18.737 23.876 0.9775305390
28 262.618 129.611 20.296 24.570 0.9764309525
29 408.799 156.222 13.980 18.482 0.9753510356
30 168.110 159.118 14.794 20.885 0.9741498828
31 366.088 154.383 12.931 16.872 0.9714829922
32 122.671 164.091 17.952 22.146 0.9429802299
33 340.876 159.033 17.424 21.123 0.9349498749
34 152.142 157.522 17.020 20.461 0.9019004107
