0 467.994 295.736 17.323 22.013 0.9963557720
1 644.593 291.176 15.113 20.076 0.9960345626
2 773.019 281.319 12.565 16.267 0.9950072765
3 12.809 328.822 19.263 26.764 0.9939285517
4 691.652 287.939 13.678 17.045 0.9931877851
5 601.023 302.463 14.155 17.028 0.9904285669
6 541.573 300.827 16.192 20.256 0.9900302887
7 208.803 318.555 16.917 23.120 0.9897086024
8 302.954 318.074 12.571 20.512 0.9894099236
9 305.961 425.607 23.312 47.071 0.9855959415
10 739.704 288.243 12.537 15.393 0.9846916795
11 386.776 309.025 14.626 20.883 0.9844235778
12 113.760 330.643 21.456 25.251 0.9647896886
13 142.225 505.749 30.605 56.084 0.9169502854
