0 10.075 329.536 33.772 38.455 0.9999473095
1 253.391 320.485 31.091 36.272 0.9999413490
2 133.823 298.437 44.249 55.373 0.9998262525
3 215.780 295.271 30.213 36.383 0.9998100400
4 337.396 322.214 35.286 46.315 0.9997915626
5 77.188 317.248 34.063 40.856 0.9997456670
6 38.513 316.232 27.445 33.677 0.9995187521
7 315.024 334.827 25.081 34.438 0.9993749261
8 531.597 312.917 25.604 39.989 0.9980002046
9 432.547 310.571 37.959 60.560 0.9972688556
10 380.457 338.169 23.433 26.164 0.9951452613
11 283.291 319.885 21.233 29.322 0.9931453466
