0 574.548 287.889 51.801 63.336 0.9999514818
1 709.682 193.594 141.637 148.336 0.9998341799
2 57.562 196.675 40.588 47.918 0.9997941852
3 404.176 317.197 49.329 52.902 0.9997747540
4 246.760 119.671 75.388 105.638 0.9996102452
5 345.006 206.718 26.027 36.157 0.9995352030
6 423.732 219.008 36.085 45.761 0.9991458654
7 114.631 212.398 22.744 30.711 0.9912221432
8 14.309 204.474 23.792 25.733 0.9884805679
9 705.556 35.726 10.972 13.669 0.9518628120
10 294.228 210.117 17.184 22.944 0.9507164955
11 104.555 210.954 19.139 26.751 0.9426286817
12 674.677 48.879 9.203 11.886 0.9224565029
