0 277.246 134.454 35.656 48.094 0.9998703003
1 799.188 188.830 40.321 50.417 0.9997879863
2 138.140 155.312 30.250 43.760 0.9992111921
3 419.240 185.141 40.911 49.892 0.9988431931
4 44.201 201.027 40.476 51.716 0.9986348748
5 875.864 211.500 26.337 43.984 0.9984374642
6 688.939 239.767 22.993 41.630 0.9975560904
7 418.360 270.931 23.665 48.151 0.9959248304
8 615.075 217.922 20.419 40.532 0.9825972915
9 531.545 203.395 26.473 53.326 0.9737411737
10 312.159 238.637 21.685 44.615 0.9593364000
11 211.641 203.801 26.806 42.639 0.9082184434
