0 65.809 249.286 14.757 16.716 0.9912511110
1 233.408 218.479 12.363 17.723 0.9803631902
2 83.067 272.608 21.242 26.066 0.9737926126
3 41.342 275.454 16.783 18.185 0.9720271826
4 131.252 213.436 11.094 14.324 0.9649263024
5 18.776 268.523 18.223 21.399 0.9627125263
6 447.728 218.935 9.064 10.701 0.9614038467
7 181.135 245.940 10.101 12.269 0.9456910491
8 157.216 219.514 8.838 11.117 0.9412726760
9 214.579 223.619 10.732 13.682 0.9363578558
10 519.439 216.970 8.439 10.981 0.9313904643
11 468.540 213.794 7.938 10.142 0.9253333807
12 232.908 237.342 10.148 12.656 0.9204962254
13 92.834 249.087 11.252 14.838 0.9202225804
14 364.582 212.212 8.579 10.662 0.9161523581
15 270.709 240.329 10.981 16.211 0.9042463899
