0 162.981 186.963 35.412 42.779 0.9999718666
1 648.339 210.813 38.120 42.785 0.9998849630
2 533.192 226.882 36.612 40.778 0.9998826981
3 853.819 208.258 34.275 40.083 0.9998645782
4 804.922 220.629 38.067 39.839 0.9998542070
5 100.421 178.432 47.455 59.439 0.9997940660
6 136.392 213.279 33.155 45.586 0.9997504354
7 44.981 191.765 46.799 51.939 0.9997245669
8 311.592 200.587 39.704 49.326 0.9997164607
9 415.328 181.247 44.580 55.079 0.9996880293
10 572.456 207.851 43.708 46.158 0.9996870756
11 267.098 225.022 45.480 49.387 0.9995235205
12 758.923 225.731 27.893 31.661 0.9988780618
13 701.395 185.307 43.829 50.375 0.9987518787
14 199.921 217.775 40.865 51.603 0.9984211922
15 479.662 243.819 21.960 27.835 0.9933446646
16 198.506 199.290 23.149 32.261 0.9009585381
