0 64.810 0.961 29.769 36.046 0.9998059869
1 221.144 75.212 25.797 35.370 0.9997755885
2 103.716 60.008 34.406 45.865 0.9997431636
3 163.183 61.476 29.095 38.393 0.9997108579
4 159.702 109.266 32.920 48.592 0.9996428490
5 287.748 101.124 32.965 51.928 0.9977127314
6 246.387 25.762 15.015 20.977 0.9970838428
7 376.428 117.675 24.508 32.487 0.9969581366
8 39.103 64.090 33.788 40.429 0.9960055947
9 212.026 140.626 26.906 48.659 0.9955025315
10 312.322 60.730 14.929 18.681 0.9953702092
11 264.509 37.977 13.247 17.571 0.9952921867
12 82.200 99.469 36.563 65.364 0.9947039485
13 292.481 49.791 14.146 19.574 0.9917114973
14 272.528 128.722 20.886 28.698 0.9910197854
15 348.377 76.447 13.513 16.316 0.9907580614
16 251.321 89.749 21.174 29.277 0.9887868762
17 310.512 29.191 12.789 17.049 0.9880017638
18 113.026 34.460 24.626 27.661 0.9875811338
19 416.327 94.568 11.298 14.214 0.9866350293
20 270.381 64.302 17.464 24.917 0.9858684540
21 457.136 133.189 11.955 14.985 0.9837141633
22 444.530 108.806 10.687 13.999 0.9831303358
23 187.821 20.961 19.633 24.771 0.9830790758
24 409.601 65.806 9.472 11.798 0.9822130203
25 425.461 112.069 11.017 13.745 0.9811904430
26 334.502 39.566 11.724 15.243 0.9811586142
27 498.466 121.962 10.206 13.226 0.9805610776
28 421.389 138.218 18.260 26.624 0.9795141220
29 377.924 62.694 10.547 12.434 0.9790546894
30 424.078 67.013 9.009 11.363 0.9773406982
31 508.157 134.842 10.287 13.221 0.9769794941
32 452.616 71.346 9.401 11.786 0.9766547680
33 395.555 61.197 10.132 12.781 0.9762545824
34 386.970 73.208 10.872 14.355 0.9755162001
35 427.561 84.832 9.590 11.550 0.9754457474
36 430.895 97.418 10.234 13.224 0.9747444391
37 355.619 44.329 10.602 13.531 0.9740515351
38 218.802 34.935 16.937 24.654 0.9734852314
39 153.294 -0.495 22.015 23.768 0.9732912183
40 330.475 75.698 12.242 15.744 0.9729475975
41 201.440 54.849 19.192 26.581 0.9724149704
42 463.439 85.610 10.208 12.705 0.9720773101
43 263.011 23.712 13.203 15.794 0.9718181491
44 436.828 71.624 8.983 11.044 0.9705587029
45 372.289 85.206 10.888 14.613 0.9694343209
46 467.386 121.154 10.696 13.003 0.9693247080
47 446.430 94.825 9.160 11.532 0.9688069820
48 281.349 33.323 12.543 15.454 0.9683784246
49 381.319 101.484 12.209 14.726 0.9681584835
50 225.320 7.110 14.032 19.353 0.9628211260
51 482.913 122.218 9.054 12.122 0.9555587769
52 403.831 80.061 10.087 11.960 0.9485568404
53 214.764 17.478 14.194 18.146 0.9469595551
54 467.102 103.044 9.816 11.832 0.9458031654
55 502.738 107.302 8.864 11.058 0.9436817765
56 481.750 97.357 10.698 13.256 0.9417390227
57 464.220 73.506 8.868 10.804 0.9382383227
58 117.120 -1.371 21.561 22.181 0.9315077066
59 478.706 88.857 9.951 11.830 0.9297933578
60 346.111 107.415 13.160 17.158 0.9295571446
61 366.119 72.263 11.212 13.113 0.9207541347
62 246.781 61.052 15.032 19.899 0.9067867398
