0 198.156 174.267 60.186 76.156 0.9999856949
1 413.789 180.871 48.557 60.868 0.9999506474
2 93.571 169.466 49.553 68.398 0.9999346733
3 861.754 212.845 32.869 36.076 0.9998507500
4 471.453 208.618 43.807 45.075 0.9998347759
5 924.176 255.467 39.729 42.755 0.9997943044
6 521.146 219.919 30.503 36.009 0.9996283054
7 819.800 272.307 38.409 43.507 0.9994087219
8 284.890 225.539 41.774 53.006 0.9990002513
9 145.775 188.500 39.756 50.413 0.9986709356
10 684.551 251.697 25.060 27.422 0.9977733493
11 925.815 229.388 31.287 36.214 0.9968745708
12 330.220 242.692 17.085 23.520 0.9893205166
13 246.497 191.561 25.553 40.630 0.9866945744
14 616.180 249.184 13.093 17.278 0.9782260060
