0 493.592 68.354 17.190 21.938 0.9975622892
1 530.136 159.969 18.475 21.445 0.9974191189
2 109.883 265.590 23.423 26.534 0.9973217845
3 656.831 125.875 19.098 20.677 0.9972443581
4 440.249 132.015 18.439 22.102 0.9970437884
5 630.209 101.759 16.587 20.442 0.9970358610
6 296.686 164.183 18.113 20.886 0.9969046712
7 113.809 98.597 17.803 23.242 0.9965652823
8 265.924 81.106 16.848 20.220 0.9964967370
9 606.721 121.431 18.208 20.459 0.9964776635
10 542.170 76.177 17.526 22.293 0.9963065386
11 317.040 191.181 18.749 20.975 0.9961750507
12 90.250 221.936 22.309 27.689 0.9961267114
13 705.942 78.448 17.659 21.212 0.9961084723
14 297.105 102.363 17.134 20.322 0.9958972931
15 817.129 63.228 18.285 23.162 0.9957171082
16 522.710 106.272 17.665 20.488 0.9952043295
17 44.320 87.733 18.613 23.837 0.9950894713
18 714.893 127.841 18.426 21.746 0.9949982166
19 863.057 269.931 22.921 27.082 0.9949976206
20 607.347 190.277 18.848 22.057 0.9949782491
21 358.488 155.440 18.644 23.177 0.9949778914
22 677.750 223.769 19.585 23.694 0.9948596954
23 356.394 106.300 15.966 19.066 0.9947862625
24 320.368 129.096 18.503 22.332 0.9947618842
25 557.385 155.621 17.241 20.315 0.9947276711
26 386.829 70.773 16.858 20.702 0.9947193861
27 829.918 121.389 19.008 22.158 0.9946526289
28 733.767 230.680 21.680 27.174 0.9940620065
29 328.617 80.372 16.463 19.842 0.9940522313
30 856.542 100.609 19.900 23.377 0.9938615561
31 500.637 177.058 19.926 24.852 0.9938098788
32 412.155 95.936 16.810 20.463 0.9937440753
33 42.423 155.703 20.215 22.724 0.9936794639
34 504.103 127.968 19.430 23.677 0.9935973883
35 759.514 61.085 19.445 22.116 0.9934110045
36 18.541 219.374 22.981 26.578 0.9930161238
37 449.095 193.921 20.053 23.907 0.9929809570
38 572.198 107.858 15.891 19.870 0.9926826358
39 583.870 157.107 20.363 24.421 0.9925932288
40 295.294 230.016 20.041 23.851 0.9925687909
41 141.572 127.413 20.678 22.452 0.9925391078
42 32.172 262.242 22.342 26.330 0.9925104380
43 623.373 215.518 20.235 24.509 0.9921883345
44 595.839 81.831 16.919 19.932 0.9920850396
45 741.659 160.744 19.007 23.381 0.9915726185
46 690.511 161.071 18.095 23.137 0.9914271832
47 631.950 156.534 19.699 24.219 0.9913621545
48 684.241 109.446 16.462 20.023 0.9913108349
49 262.157 189.319 19.025 22.745 0.9911805987
50 360.456 283.833 19.382 23.855 0.9910349250
51 207.947 133.258 17.390 21.158 0.9909480214
52 174.417 157.937 19.131 23.831 0.9908761382
53 860.912 150.692 20.428 24.253 0.9908632636
54 468.227 104.618 17.448 21.087 0.9908464551
55 476.084 237.725 18.217 22.393 0.9907132387
56 231.047 162.886 18.854 23.372 0.9905169606
57 111.330 148.184 20.115 21.932 0.9901531339
58 787.036 100.728 18.756 21.202 0.9901012182
59 440.114 72.705 16.726 20.901 0.9897500873
60 415.163 155.504 18.738 21.761 0.9896361232
61 662.464 188.909 19.682 22.245 0.9896264076
62 790.881 224.538 21.100 25.866 0.9888611436
63 183.483 111.146 17.469 20.216 0.9887145162
64 443.895 267.396 22.014 25.939 0.9885287881
65 231.156 222.062 20.361 26.249 0.9882990122
66 879.160 70.999 17.958 20.849 0.9881957769
67 134.655 198.592 19.845 23.334 0.9880970716
68 263.283 123.596 18.037 22.013 0.9880587459
69 62.958 175.821 20.875 26.050 0.9880362749
70 762.770 137.242 20.255 24.290 0.9879282117
71 274.779 267.377 21.833 26.237 0.9875234962
72 199.229 190.854 19.213 23.177 0.9875203371
73 471.789 163.960 17.311 21.882 0.9870736599
74 618.791 271.276 21.491 25.685 0.9868293405
75 567.889 224.406 17.311 20.001 0.9860975742
76 157.138 216.580 21.856 23.088 0.9860780239
77 208.403 79.001 16.318 20.054 0.9853944778
78 557.555 190.665 20.561 24.491 0.9850193262
79 200.363 271.608 21.491 25.527 0.9847112298
80 74.301 121.728 20.248 23.537 0.9842094183
81 155.668 74.049 17.926 23.535 0.9841251373
82 86.801 67.827 19.300 23.415 0.9838312864
83 236.133 111.392 17.781 19.135 0.9835913777
84 799.087 150.188 19.189 21.959 0.9834919572
85 651.597 72.088 17.434 22.211 0.9830906391
86 781.937 269.763 21.259 24.955 0.9830733538
87 382.894 124.262 18.551 24.115 0.9830510020
88 769.399 192.737 21.997 25.302 0.9827992320
89 852.968 221.485 21.606 25.520 0.9826906323
90 714.394 190.533 20.378 25.149 0.9815427661
91 5.498 118.257 22.348 24.608 0.9813512564
92 18.772 65.682 20.098 23.794 0.9790045023
93 395.036 197.022 18.456 23.049 0.9786944985
94 -0.507 190.520 14.948 23.653 0.9779945016
95 357.628 208.618 21.965 23.331 0.9761602879
96 417.261 219.680 20.656 25.682 0.9709039330
97 694.357 268.507 20.235 25.790 0.9700747728
98 534.389 269.712 20.788 25.849 0.9696398973
99 825.447 195.566 20.914 24.601 0.9680544138
100 518.723 226.643 19.356 25.394 0.9667151570
101 888.474 138.441 13.747 20.516 0.9643027186
