0 796.089 191.124 37.760 44.255 0.9999750853
1 573.045 170.730 50.142 72.991 0.9999642372
2 4.200 208.087 39.843 42.500 0.9998320341
3 99.440 225.336 31.115 34.232 0.9997668862
4 509.941 219.920 27.588 37.210 0.9997557998
5 860.272 233.991 47.048 96.698 0.9968237877
6 357.678 201.670 23.547 29.332 0.9961814880
7 718.459 220.939 21.937 27.284 0.9881234765
8 157.644 233.783 27.307 32.639 0.9873117208
9 559.056 223.247 14.275 19.383 0.9864199758
10 477.589 216.198 19.423 24.726 0.9851329327
11 741.686 232.095 11.828 15.781 0.9850805402
12 655.994 229.651 21.222 23.947 0.9833472371
13 258.249 221.917 20.351 25.620 0.9804028273
14 131.971 225.870 20.206 28.061 0.9550356269
15 692.662 235.348 11.331 15.922 0.9462341666
16 828.907 203.860 22.754 31.036 0.9337227345
17 203.229 219.107 21.905 29.000 0.9306389093
