0 752.216 391.534 13.128 16.995 0.9938440323
1 659.651 386.958 13.293 17.569 0.9936329126
2 500.400 370.374 12.611 16.316 0.9932981133
3 283.781 367.136 12.009 15.679 0.9924207330
4 254.592 390.776 13.119 16.526 0.9923680425
5 619.013 403.843 12.982 16.638 0.9912154675
6 533.161 364.938 12.550 16.295 0.9904838800
7 603.931 368.678 12.374 15.271 0.9904294014
8 415.446 403.614 12.959 17.842 0.9893527031
9 520.698 406.459 12.049 14.880 0.9888449311
10 569.513 388.961 14.030 17.559 0.9887324572
11 319.773 371.965 11.517 14.783 0.9881366491
12 671.073 372.154 13.090 17.085 0.9874202609
13 354.306 388.543 13.774 16.989 0.9856167436
14 213.644 390.054 12.832 16.937 0.9852445126
15 465.894 387.420 13.255 16.296 0.9841774702
16 426.001 369.774 12.364 16.511 0.9803152084
17 165.848 390.991 12.645 16.564 0.9793877602
18 785.242 398.978 12.902 15.937 0.9787343740
19 729.298 390.342 10.596 14.004 0.9778528214
20 301.691 399.699 11.988 14.526 0.9765647054
21 638.936 369.161 11.772 15.472 0.9764795899
22 125.647 387.570 13.962 18.016 0.9754247665
23 701.514 396.339 11.922 15.327 0.9627015591
24 395.038 373.566 11.546 14.014 0.9588650465
25 568.307 373.550 10.887 13.735 0.9476945400
