0 3.074 104.767 57.224 81.937 0.9999397993
1 349.765 87.194 40.555 51.961 0.9991533756
2 138.653 112.177 36.714 54.242 0.9989683628
3 168.897 100.999 29.733 45.941 0.9983581901
4 277.800 129.669 15.895 18.764 0.9967408776
5 314.302 123.104 17.618 21.378 0.9967283010
6 84.023 118.358 24.578 29.546 0.9951323867
7 229.548 113.457 21.641 27.272 0.9935382009
8 265.281 112.543 13.253 16.579 0.9834457040
9 440.622 127.014 8.988 11.666 0.9430335760
10 482.875 130.438 9.122 10.936 0.9286060333
11 210.448 135.386 17.867 27.140 0.9211583734
12 246.173 124.201 13.044 18.019 0.9143830538
13 405.454 122.389 8.698 10.786 0.9091550112
