0 460.845 215.691 33.852 41.306 0.9999643564
1 250.488 232.238 31.599 37.709 0.9999670982
2 783.882 235.463 36.949 38.966 0.9999718666
3 600.287 231.962 33.446 43.742 0.9999293089
4 692.956 259.489 29.121 35.241 0.9999284744
5 348.762 238.472 28.383 38.343 0.9999139309
6 574.285 248.474 26.814 33.229 0.9997083545
7 130.680 234.446 28.375 32.270 0.9996484518
8 431.701 244.721 25.594 29.955 0.9993071556
9 530.784 252.592 24.021 28.504 0.9986494184
10 317.749 272.399 22.599 24.067 0.9858594537
11 505.944 256.092 22.296 27.458 0.9852905273
