0 252.035 97.924 15.543 19.720 0.9962904453
1 550.386 115.442 15.499 18.311 0.9953004122
2 561.121 346.543 22.786 28.975 0.9952562451
3 325.569 126.874 15.693 20.566 0.9938870072
4 196.930 86.606 14.849 18.481 0.9935867786
5 281.316 158.382 16.277 21.731 0.9935553670
6 309.111 190.088 18.815 24.837 0.9922260046
7 352.222 226.771 19.975 25.251 0.9919424057
8 487.802 240.560 19.324 22.733 0.9830701947
9 555.739 255.877 19.653 26.103 0.9802361131
10 505.853 312.341 17.795 29.120 0.9724850059
11 -0.861 197.619 11.836 21.659 0.9611217380
