0 686.762 123.298 51.263 69.054 0.9999808073
1 555.263 115.410 34.750 44.386 0.9999654293
2 404.521 91.946 46.656 62.040 0.9999436140
3 175.355 183.025 39.784 51.287 0.9997032285
4 608.133 147.867 44.964 55.604 0.9996674061
5 446.283 113.579 46.150 53.008 0.9994818568
6 723.138 59.267 38.658 53.646 0.9982416630
7 133.664 121.108 39.467 63.742 0.9981270432
8 36.586 76.485 43.528 95.624 0.9980338216
9 292.771 208.938 26.861 42.392 0.9969698787
10 590.200 215.432 21.977 48.456 0.9782074094
11 349.516 172.517 22.019 34.668 0.9716852307
