0 393.787 140.016 10.874 13.072 0.9838719964
1 152.436 134.088 10.196 12.441 0.9818003178
2 448.448 126.161 9.291 11.831 0.9804632068
3 336.588 123.176 9.308 11.682 0.9777170420
4 263.304 137.912 9.496 12.147 0.9774919152
5 343.939 138.274 9.533 12.040 0.9768849611
6 225.080 137.386 9.206 10.967 0.9762637615
7 122.717 145.243 8.695 10.681 0.9742990732
8 471.849 143.573 9.486 11.659 0.9595686793
9 410.336 126.770 8.636 10.470 0.9525297880
10 299.448 140.163 9.227 11.256 0.9481365681
11 128.652 131.165 8.767 10.633 0.9458180666
12 187.771 122.882 8.488 10.572 0.9446695447
13 255.041 127.667 8.269 10.202 0.9412170053
14 432.429 138.596 9.649 11.531 0.9287306070
15 299.801 119.333 8.886 10.754 0.9121296406
