0 523.551 172.866 23.232 29.813 0.9984385371
1 462.791 157.576 16.350 21.573 0.9948794842
2 19.945 155.343 20.730 28.992 0.9911124110
3 434.851 149.291 12.747 16.263 0.9891073108
4 152.398 147.394 12.116 15.263 0.9874474406
5 490.110 161.533 14.115 21.900 0.9853261709
6 104.858 148.678 13.876 19.556 0.9835198522
7 532.822 124.002 9.959 12.419 0.9831976295
8 56.207 159.079 16.191 22.088 0.9798513055
9 186.709 149.721 10.153 13.062 0.9763556719
10 117.981 144.605 12.244 17.236 0.9757944345
11 420.020 144.130 11.945 16.838 0.9678911567
12 398.219 144.301 10.266 14.587 0.9601204395
13 505.998 114.446 8.737 10.699 0.9256846309
