0 471.558 235.975 47.265 56.284 0.9998995066
1 589.798 215.202 52.175 63.233 0.9998723269
2 763.150 222.261 37.828 43.869 0.9998598099
3 83.313 251.114 49.167 61.438 0.9998154044
4 17.307 211.663 29.040 33.888 0.9998040795
5 742.598 181.194 30.617 38.619 0.9997845292
6 152.994 173.073 27.517 34.129 0.9996377230
7 435.378 219.964 35.973 48.179 0.9993821383
8 380.033 225.571 41.997 55.119 0.9989217520
9 408.931 196.693 28.707 37.352 0.9986283779
10 692.997 190.642 42.377 49.391 0.9985604882
11 257.805 211.975 40.848 55.476 0.9978806973
12 51.351 183.517 22.837 26.368 0.9964315891
13 334.895 218.238 39.237 49.536 0.9954363704
14 510.096 177.819 19.181 24.478 0.9926388264
15 175.336 227.781 42.804 46.908 0.9918202162
16 348.453 188.628 21.128 24.310 0.9903933406
17 257.341 162.742 20.883 24.094 0.9898485541
18 33.281 277.323 30.881 42.830 0.9881505966
19 644.404 160.438 9.971 13.905 0.9833996892
20 127.502 153.825 9.222 11.970 0.9826966524
21 42.620 151.366 9.809 13.221 0.9823435545
22 134.164 175.854 17.837 25.368 0.9807120562
23 69.640 147.914 9.524 12.390 0.9790685177
24 12.787 148.142 9.983 12.487 0.9780567884
25 295.674 227.279 21.615 34.880 0.9777092934
26 466.582 173.125 20.219 25.827 0.9772776365
27 0.920 157.450 9.129 11.841 0.9728937149
28 58.535 147.890 9.492 12.014 0.9726023674
29 81.633 151.009 9.694 12.465 0.9719844460
30 225.062 153.768 9.112 11.477 0.9694718122
31 665.625 200.000 21.714 26.016 0.9674069285
32 527.551 177.326 13.407 19.811 0.9668849707
33 545.429 171.072 9.729 12.094 0.9666551352
34 192.075 157.328 9.367 11.680 0.9655878544
35 111.945 160.320 9.894 12.458 0.9619655609
36 99.966 147.343 9.746 11.880 0.9422035813
37 256.750 300.035 34.979 49.686 0.9416024089
38 143.178 157.866 8.084 9.936 0.9376050234
39 607.403 174.104 10.959 12.711 0.9290416837
40 156.858 155.453 8.860 11.109 0.9026304483
41 171.177 158.612 9.292 11.707 0.9006922245
