0 166.277 235.367 21.805 40.470 0.9940845370
1 428.470 170.053 12.970 16.504 0.9861939549
2 170.488 155.451 9.928 12.590 0.9810900092
3 278.480 157.397 9.645 12.183 0.9804109931
4 332.271 156.877 10.047 13.731 0.9784430265
5 138.667 158.889 10.492 12.679 0.9734017849
6 97.209 157.475 10.396 13.533 0.9712590575
7 227.672 154.777 9.659 11.399 0.9653870463
8 74.203 164.794 11.148 12.866 0.9634890556
9 371.711 158.869 9.412 12.464 0.9516851902
10 55.472 165.921 10.828 11.981 0.9111246467
11 418.599 165.689 11.558 15.784 0.9006238580
