0 172.125 150.966 33.958 43.963 0.9999465942
1 126.236 36.547 30.955 36.882 0.9998847246
2 44.319 107.320 34.340 45.005 0.9998483658
3 217.047 50.211 31.622 38.013 0.9998003840
4 574.343 176.668 40.289 45.539 0.9997951388
5 21.058 55.722 29.624 32.887 0.9997575879
6 362.149 175.697 47.577 47.862 0.9995768666
7 288.893 162.138 31.286 39.394 0.9994320273
8 689.480 225.285 40.019 50.834 0.9966306090
9 45.143 154.964 41.401 51.146 0.9959939718
10 734.388 227.706 37.066 68.771 0.9941502213
11 392.706 275.756 29.633 45.132 0.9860796332
12 695.764 187.290 32.138 43.605 0.9313908219
