0 53.531 168.869 35.887 40.823 0.9998934269
1 310.111 143.146 28.414 36.294 0.9997689128
2 172.753 159.686 27.466 33.913 0.9996783733
3 416.342 151.232 27.459 31.120 0.9996513128
4 247.142 125.386 27.031 29.168 0.9993795156
5 352.946 142.016 18.407 19.882 0.9954594970
6 475.525 133.480 15.987 17.302 0.9923608899
7 508.014 140.081 19.237 22.509 0.9914491773
8 92.130 130.196 18.891 22.156 0.9882459044
9 151.405 137.786 20.058 22.266 0.9875096679
10 392.212 137.231 16.310 17.908 0.9869583249
11 452.401 138.869 17.844 23.936 0.9830009937
12 25.329 132.225 22.071 26.087 0.9648799896
