0 681.300 157.844 49.060 60.924 0.9999634027
1 651.541 124.231 34.458 43.674 0.9999605417
2 527.899 141.214 34.933 37.505 0.9999213219
3 178.661 141.236 35.142 46.205 0.9999172688
4 284.954 154.112 31.873 33.030 0.9998764992
5 374.024 140.649 31.632 34.462 0.9998434782
6 48.482 168.523 39.680 51.994 0.9995058775
7 95.837 173.446 36.824 46.633 0.9994963408
8 875.522 173.688 43.016 67.673 0.9993399978
9 508.993 137.411 25.808 36.205 0.9987963438
10 323.268 116.401 31.980 40.422 0.9983886480
11 204.678 136.506 26.441 31.533 0.9978771210
12 118.617 149.317 25.806 33.285 0.9967721105
13 0.292 217.836 29.220 54.273 0.9946579337
14 0.125 150.869 25.243 38.734 0.9934590459
15 271.757 74.368 14.131 16.718 0.9889440536
16 237.910 75.047 14.596 18.419 0.9864856005
17 93.639 92.601 21.506 26.323 0.9862928391
18 419.494 131.505 28.933 41.957 0.9844702482
19 106.944 73.622 18.903 23.609 0.9758922458
20 181.369 71.485 11.207 15.164 0.9727604985
21 100.955 145.351 28.540 36.605 0.9203086495
