0 402.814 80.675 57.305 77.028 0.9999862909
1 44.529 91.626 57.411 86.123 0.9999681711
2 71.209 50.814 28.362 34.723 0.9997783303
3 21.613 38.182 31.488 41.370 0.9995869994
4 352.823 137.951 33.315 47.855 0.9990656972
5 54.037 22.971 25.058 30.753 0.9983834028
6 328.528 149.771 24.650 31.651 0.9982311130
7 137.928 93.349 22.223 30.490 0.9971603155
8 140.501 155.377 25.106 43.139 0.9971303344
9 290.988 146.819 24.482 30.158 0.9954004884
10 236.062 114.538 12.689 15.799 0.9953621030
11 108.512 125.102 33.017 56.260 0.9924771190
12 233.661 135.002 13.718 16.883 0.9921729565
13 180.248 63.359 11.220 14.523 0.9907711744
14 69.342 4.718 18.615 23.196 0.9895953536
15 197.479 82.713 10.802 13.607 0.9881845713
16 251.320 126.004 9.417 12.926 0.9839353561
17 203.126 106.024 12.063 15.165 0.9833554626
18 99.151 46.391 21.182 25.565 0.9810335636
19 170.955 102.177 13.630 19.330 0.9808566570
20 237.050 97.830 11.100 13.902 0.9800280333
21 218.239 122.689 11.552 15.281 0.9793806672
22 210.660 79.002 11.437 15.002 0.9792171717
23 200.400 68.175 10.038 12.217 0.9777280092
24 209.735 133.011 11.169 15.528 0.9773748517
25 234.730 78.186 9.649 12.036 0.9771964550
26 223.216 100.811 10.624 14.253 0.9753742814
27 174.734 86.167 13.286 15.943 0.9746378064
28 164.239 63.361 9.902 13.041 0.9707461596
29 271.927 97.153 9.525 12.078 0.9690186977
30 186.113 103.777 12.650 17.632 0.9632008672
31 91.758 93.892 24.151 30.912 0.9616075158
32 191.377 125.653 12.400 21.488 0.9596883655
33 318.934 135.324 8.977 11.369 0.9554167986
34 136.781 62.901 15.818 19.321 0.9553588629
35 304.805 107.905 7.937 10.007 0.9471619725
36 131.402 71.741 13.291 19.520 0.9433204532
37 278.449 149.618 9.103 11.843 0.9374698997
38 262.676 89.226 8.735 11.214 0.9298135638
39 280.616 115.806 9.350 11.352 0.9296182990
40 267.028 141.772 8.926 11.943 0.9155340195
41 140.178 48.937 11.793 14.906 0.9141985178
42 291.529 93.693 8.318 10.780 0.9113573432
43 296.401 119.233 8.064 10.375 0.9098750949
44 309.516 119.266 8.457 10.677 0.9008777738
