0 652.676 152.509 57.920 62.063 0.9999912977
1 271.126 195.371 52.804 67.612 0.9999907017
2 117.058 196.503 62.284 76.004 0.9999881983
3 526.960 104.556 85.412 127.735 0.9999797344
4 485.525 178.239 55.365 64.371 0.9999508858
5 433.948 176.698 32.411 40.453 0.9999328852
6 349.211 224.464 47.562 57.055 0.9999291897
7 204.492 221.019 41.271 47.841 0.9997301698
8 728.930 186.779 39.217 45.302 0.9997207522
9 229.174 198.787 27.698 36.202 0.9996857643
10 57.531 261.260 73.175 110.225 0.9967888594
11 476.716 160.408 26.773 32.604 0.9762108326
12 302.600 182.387 26.687 40.790 0.9491246939
13 769.394 152.636 33.503 61.235 0.9216725230
