0 493.245 140.724 59.197 71.108 0.9999881983
1 724.610 108.996 65.291 85.240 0.9999873638
2 351.709 175.285 32.087 41.987 0.9999275208
3 22.426 164.637 47.088 69.017 0.9998984337
4 444.805 194.290 33.260 44.664 0.9997411370
5 658.846 177.557 41.690 47.609 0.9993408322
6 272.811 222.388 29.620 39.632 0.9991939664
7 382.913 184.606 40.984 53.491 0.9989031553
8 635.040 190.926 23.661 27.386 0.9982586503
9 604.290 187.998 17.911 19.645 0.9959755540
10 285.378 201.888 23.808 28.969 0.9945731759
11 477.189 183.060 21.983 30.504 0.9896495342
12 304.980 191.218 20.141 24.639 0.9882307053
13 104.556 225.064 25.108 31.050 0.9484304190
