0 263.094 86.424 58.954 77.634 0.9999873638
1 119.995 129.417 31.572 40.829 0.9997869134
2 330.041 115.956 28.810 32.546 0.9996144772
3 67.312 58.751 62.347 109.988 0.9983572364
4 484.520 103.087 28.692 34.222 0.9980766773
5 147.634 143.572 20.115 29.791 0.9972699285
6 437.509 137.466 22.173 25.090 0.9867964983
7 407.882 146.776 21.974 26.415 0.9849733114
8 444.383 158.004 21.022 28.101 0.9597723484
9 400.332 133.619 18.467 22.828 0.9550593495
10 385.429 154.568 19.368 27.425 0.9451374412
11 314.980 137.784 20.924 26.581 0.9209645391
12 475.155 127.439 16.038 22.667 0.9102294445
