0 381.537 98.057 59.145 70.632 0.9999971390
1 206.555 75.555 56.387 69.815 0.9999923706
2 599.844 124.317 58.116 66.750 0.9999700785
3 22.689 114.119 53.968 60.189 0.9999691248
4 732.225 126.567 44.890 56.506 0.9998906851
5 314.779 127.526 47.382 63.705 0.9998838902
6 505.232 112.562 43.426 56.348 0.9997343421
7 281.826 114.401 26.396 30.926 0.9995902181
8 743.394 81.859 47.298 53.872 0.9987615347
9 69.308 135.381 27.950 44.264 0.9879585505
10 694.805 147.592 21.883 32.769 0.9805486202
11 680.234 114.275 24.704 33.849 0.9759258628
12 846.747 126.967 32.775 60.870 0.9728389978
13 587.884 144.906 23.022 31.539 0.9331041574
