0 148.824 173.377 67.042 77.944 0.9999935627
1 432.643 128.398 68.467 87.159 0.9999758005
2 35.962 226.643 31.862 35.080 0.9999755621
3 782.225 196.036 52.991 58.735 0.9999741316
4 711.401 233.805 31.385 37.363 0.9999608994
5 375.691 179.532 37.313 46.266 0.9998056293
6 548.844 212.158 26.717 32.359 0.9996823072
7 615.067 211.318 43.766 53.247 0.9995422363
8 341.734 205.725 25.755 32.015 0.9993988276
9 236.946 218.016 20.429 26.667 0.9881747961
10 118.713 209.819 16.976 24.158 0.9738321900
11 743.749 236.156 20.696 29.292 0.9717037678
