0 533.164 97.088 35.835 38.431 0.9999607801
1 657.846 120.086 32.489 37.072 0.9999029636
2 157.898 104.949 32.093 45.496 0.9998294115
3 225.073 141.425 34.303 41.847 0.9996443987
4 62.264 66.465 44.151 54.999 0.9994592071
5 185.458 123.922 30.398 42.660 0.9992079139
6 328.783 127.379 29.619 37.363 0.9991942048
7 448.688 100.047 41.934 52.190 0.9990777969
8 -2.341 77.718 36.104 50.365 0.9986768365
9 120.516 95.752 38.453 47.139 0.9986062646
10 401.995 113.401 26.400 35.423 0.9979937077
11 354.271 132.308 25.883 36.140 0.9975989461
12 277.142 135.872 24.784 37.774 0.9975013137
13 299.628 132.649 21.956 35.170 0.9813222885
