0 67.052 19.285 15.415 18.937 0.9952085614
1 165.702 25.256 13.837 17.117 0.9932137728
2 188.964 29.178 12.609 15.172 0.9899718761
3 220.437 27.174 11.408 14.234 0.9844961166
4 206.610 30.364 10.876 13.741 0.9755502343
5 234.901 28.143 11.833 14.361 0.9746919274
6 132.017 36.949 9.310 12.460 0.9676125646
7 137.022 35.193 9.723 12.675 0.9516588449
8 179.050 33.224 9.694 12.707 0.9387413859
9 118.081 39.726 7.995 10.580 0.9344520569
10 123.964 39.434 7.995 10.692 0.9298771620
11 98.903 41.769 8.365 10.273 0.9215425253
12 104.511 41.784 8.089 10.290 0.9173164964
13 142.936 35.301 9.083 11.521 0.9155487418
14 93.200 41.847 8.128 10.000 0.9140281081
