0 945.339 219.187 22.886 29.054 0.9960505366
1 29.820 244.847 21.257 30.575 0.9952896833
2 374.269 172.262 13.809 18.195 0.9920037389
3 641.720 178.099 16.424 21.161 0.9901671410
4 824.442 171.797 16.587 20.637 0.9879940748
5 881.662 175.956 17.331 22.792 0.9862509966
6 365.695 190.956 16.977 24.790 0.9851620793
7 478.789 162.480 12.408 17.473 0.9842000008
8 534.404 175.972 20.905 25.515 0.9838189483
9 681.845 180.128 15.012 20.678 0.9790660143
10 513.060 171.960 14.725 16.490 0.9745138288
11 416.929 177.006 12.462 15.142 0.9710437655
12 919.560 217.654 18.241 24.149 0.9690422416
13 633.858 238.459 20.828 26.756 0.9666399956
14 615.837 202.760 12.548 20.944 0.9664021134
15 444.108 183.677 15.637 21.246 0.9643320441
16 816.974 227.220 19.893 30.453 0.9496593475
17 861.542 206.714 14.187 23.251 0.9177653790
18 281.829 213.245 18.255 30.360 0.9085851908
19 253.066 220.180 16.975 33.817 0.9033914208
