0 209.119 72.215 17.527 23.325 0.9956728816
1 248.071 123.087 24.132 25.434 0.9909617305
2 100.365 52.401 9.607 12.857 0.9889133573
3 131.743 56.329 13.464 18.082 0.9886123538
4 78.863 92.271 14.766 17.711 0.9847804308
5 182.680 68.774 12.790 16.857 0.9799532890
6 146.836 65.863 17.918 22.859 0.9635518193
7 44.917 68.310 15.528 17.639 0.9510811567
8 110.550 87.578 13.119 15.653 0.9499695301
9 254.021 82.822 15.323 17.089 0.9470131993
10 0.822 53.687 11.675 15.984 0.9444931149
11 106.074 53.601 9.002 11.585 0.9250977635
