0 393.649 167.506 53.992 64.358 0.9999873638
1 180.973 153.752 28.995 40.702 0.9999749660
2 1.201 78.942 35.006 42.076 0.9999744892
3 84.398 109.507 34.390 41.537 0.9999676943
4 463.656 183.894 65.882 82.108 0.9999606609
5 215.983 210.584 34.552 40.671 0.9999415874
6 254.166 127.447 33.926 42.183 0.9999406338
7 163.632 120.321 31.111 40.832 0.9999190569
8 64.835 63.118 33.241 41.949 0.9999055862
9 308.395 170.173 43.633 59.664 0.9998843670
10 442.643 124.290 49.499 57.259 0.9998794794
11 200.977 111.037 27.297 33.865 0.9997566342
12 130.179 53.134 25.783 33.351 0.9996102452
13 109.192 146.656 37.945 48.977 0.9995943904
14 321.187 125.652 29.317 35.492 0.9994549155
15 466.984 85.917 29.162 38.136 0.9993964434
16 350.469 145.324 25.629 36.934 0.9993820190
17 415.938 80.042 24.852 33.231 0.9991756082
18 296.746 147.230 35.297 47.543 0.9990583062
19 87.113 220.441 40.722 53.329 0.9990197420
20 140.325 131.000 24.972 32.162 0.9988526106
21 296.647 121.962 25.774 31.102 0.9988061190
22 326.586 64.993 22.973 27.350 0.9975796342
23 289.626 86.257 22.562 29.113 0.9975326061
24 368.469 130.240 42.152 51.172 0.9962486625
25 234.580 127.220 21.996 32.602 0.9933403134
26 259.995 99.878 22.733 26.354 0.9755858183
27 370.368 52.955 20.744 28.544 0.9739229679
