0 274.345 124.508 21.084 26.278 0.9836785197
1 534.117 113.651 26.189 40.525 0.9994245768
2 463.459 121.425 23.762 32.246 0.9986953139
3 30.266 85.638 17.184 18.096 0.9983142614
4 78.114 119.381 17.630 20.662 0.9980708957
5 174.984 112.276 15.926 19.828 0.9973715544
6 210.875 121.094 17.494 21.535 0.9971783161
7 131.020 115.843 14.553 19.537 0.9971478581
8 435.811 116.143 22.198 28.480 0.9962639213
9 334.966 76.891 16.714 21.938 0.9959497452
10 300.009 90.824 13.798 18.842 0.9959025979
11 263.800 87.750 13.802 16.316 0.9938609600
12 108.949 74.157 13.013 17.096 0.9934716225
13 237.517 76.890 14.653 17.510 0.9929375052
14 56.230 77.976 17.877 22.240 0.9927097559
15 96.421 83.015 14.756 18.556 0.9925706983
16 163.249 81.675 13.932 18.079 0.9922262430
17 289.643 86.555 11.947 15.100 0.9920516014
18 193.322 84.642 12.451 15.030 0.9903164506
19 214.080 78.034 13.929 15.436 0.9897268414
20 133.629 85.328 13.454 16.075 0.9875220656
21 527.617 76.624 28.908 41.072 0.9998453856
22 363.891 101.192 16.056 23.862 0.9807183743
23 20.183 119.404 20.721 24.269 0.9779304266
24 64.938 75.628 17.445 22.345 0.9453286529
25 408.209 87.996 15.774 25.555 0.9389672875
26 474.039 96.097 20.446 27.683 0.9124950171
27 256.925 80.909 11.673 14.622 0.9009009004
