0 569.464 360.021 10.982 13.893 0.9905838966
1 111.247 346.131 12.327 15.497 0.9903333783
2 732.959 351.853 11.796 15.565 0.9881442785
3 208.739 356.445 11.213 14.208 0.9879272580
4 300.464 348.902 12.545 15.957 0.9868240356
5 448.159 351.243 11.457 14.884 0.9844365120
6 468.468 342.457 10.898 14.253 0.9839556813
7 491.467 345.555 11.820 15.783 0.9836297631
8 240.826 340.303 11.141 14.702 0.9834951758
9 349.158 339.205 10.592 13.724 0.9828946590
10 801.571 343.141 12.503 15.650 0.9822733998
11 599.829 348.915 11.467 14.928 0.9820439816
12 616.926 343.193 10.077 12.851 0.9809720516
13 678.416 345.477 11.019 13.386 0.9809539318
14 872.976 357.641 11.187 13.862 0.9806518555
15 504.300 332.979 10.285 13.901 0.9803572297
16 396.875 336.938 10.733 13.858 0.9800020456
17 252.687 353.945 11.032 13.594 0.9799590111
18 780.859 334.804 10.385 13.380 0.9796002507
19 838.637 355.100 11.908 14.230 0.9780932665
20 765.233 350.267 11.276 14.267 0.9767771363
21 725.139 336.349 10.231 12.571 0.9746945500
22 154.158 360.529 12.849 15.700 0.9745486975
23 138.567 317.124 12.549 15.003 0.9739780426
24 555.320 307.790 10.572 13.600 0.9729936123
25 320.014 343.081 9.956 12.418 0.9722365737
26 228.917 317.768 10.432 13.482 0.9719212055
27 342.039 358.468 11.799 14.209 0.9717346430
28 411.504 352.235 11.432 14.441 0.9714307785
29 70.107 318.986 10.494 13.216 0.9688764811
30 899.182 340.575 11.020 14.349 0.9686664939
31 842.480 326.456 10.534 13.480 0.9679613709
32 339.453 314.601 9.544 12.206 0.9674042463
33 531.674 353.462 11.064 14.242 0.9662983418
34 591.412 319.564 9.363 11.680 0.9662026167
35 123.280 337.467 10.619 13.183 0.9649122953
36 654.144 330.144 10.423 13.524 0.9643917084
37 719.964 311.650 10.326 12.721 0.9630020857
38 700.992 360.270 9.926 12.062 0.9620896578
39 407.770 318.776 9.847 12.574 0.9612833261
40 877.458 317.992 10.284 12.412 0.9601675272
41 639.159 356.708 11.274 14.363 0.9599935412
42 202.583 340.264 10.077 12.611 0.9597681761
43 62.874 341.362 11.345 14.403 0.9597388506
44 102.609 314.347 12.165 14.136 0.9591083527
45 279.820 329.032 10.649 13.393 0.9575101137
46 869.457 340.495 9.820 12.240 0.9557632804
47 259.803 319.440 10.324 13.378 0.9550390244
48 194.965 325.342 10.238 12.190 0.9528926015
49 580.172 335.912 10.521 13.397 0.9528593421
50 374.529 348.297 12.532 16.433 0.9518698454
51 542.893 324.981 11.578 14.165 0.9502642751
52 658.673 318.460 9.919 12.348 0.9499999881
53 515.645 315.099 10.313 12.656 0.9380998611
54 756.589 320.868 10.061 12.662 0.9344248772
55 158.275 332.214 10.418 12.901 0.9341629744
56 375.856 315.338 9.685 12.451 0.9333887100
57 622.584 324.270 10.562 13.219 0.9288804531
58 445.406 315.694 9.074 11.583 0.9287288785
59 436.742 337.345 10.291 13.654 0.9226104021
60 691.941 319.857 9.795 12.116 0.9200505614
61 59.233 360.406 10.072 12.893 0.9101103544
62 689.299 332.614 10.363 13.172 0.9055483937
