0 425.917 255.651 30.875 37.273 0.9999175072
1 864.980 238.367 25.373 32.645 0.9997621179
2 700.018 263.460 24.868 33.329 0.9994768500
3 207.924 232.952 24.799 30.894 0.9990680814
4 758.228 203.630 24.183 28.481 0.9981535077
5 121.182 180.256 16.715 20.258 0.9968495965
6 210.305 169.908 15.773 20.448 0.9964665174
7 188.199 184.810 19.041 22.500 0.9958863854
8 119.496 207.132 15.616 19.887 0.9958724380
9 53.492 258.417 23.497 27.360 0.9957795143
10 29.056 167.795 17.985 20.376 0.9956470132
11 500.765 202.120 20.608 25.342 0.9948611856
12 626.408 197.757 16.364 22.250 0.9946821332
13 355.624 203.147 17.070 22.904 0.9946442842
14 9.038 179.191 15.380 19.173 0.9945729375
15 469.595 199.712 18.743 24.715 0.9942106009
16 124.297 149.540 13.747 18.486 0.9938831329
17 417.983 193.116 18.669 22.556 0.9936420321
18 366.286 189.398 19.414 23.625 0.9922640324
19 24.260 192.361 16.216 21.845 0.9917757511
20 10.524 202.657 18.178 22.809 0.9915305376
21 910.927 166.039 14.052 17.513 0.9905613065
22 280.498 185.467 14.015 23.102 0.9905158281
23 81.902 188.729 16.602 19.086 0.9904003739
24 79.961 208.580 17.773 20.341 0.9903962612
25 67.947 183.889 15.174 19.378 0.9901896119
26 459.137 187.723 18.862 22.916 0.9880371094
27 649.740 204.808 22.298 25.890 0.9864526391
28 430.188 217.024 20.920 26.381 0.9861132503
29 180.337 199.094 21.582 26.055 0.9846514463
30 698.843 198.646 19.197 25.007 0.9845505357
31 251.982 193.923 22.147 23.313 0.9838866591
32 150.872 183.395 17.610 21.453 0.9837085605
33 148.463 222.183 14.844 16.765 0.9835548997
34 87.695 171.610 17.047 19.565 0.9828997254
35 35.144 150.068 11.492 14.215 0.9826523066
36 394.210 191.197 19.958 26.320 0.9822834134
37 316.409 191.566 12.563 16.748 0.9806683064
38 93.638 112.823 8.545 11.749 0.9795630574
39 570.917 211.426 20.508 26.695 0.9783914685
40 226.244 152.060 11.194 13.960 0.9780705571
41 198.818 158.414 12.898 16.678 0.9779360294
42 829.891 150.030 12.070 13.419 0.9768455029
43 329.427 205.780 21.885 23.521 0.9744111300
44 42.338 134.676 9.757 12.101 0.9699956775
45 848.011 124.102 10.138 13.546 0.9683766365
46 868.649 216.409 20.426 25.009 0.9627761841
47 158.770 148.173 10.439 15.222 0.9505661130
48 232.832 158.036 11.441 15.797 0.9431695938
49 166.828 140.937 12.100 15.135 0.9417249560
50 237.834 186.970 11.836 15.027 0.9392458797
51 355.430 161.887 9.489 11.507 0.9333800077
52 399.623 138.074 9.579 11.108 0.9220294952
53 451.265 106.627 8.772 10.498 0.9220123887
54 149.264 198.437 16.095 21.090 0.9033367038
