0 214.262 88.503 11.267 14.570 0.9822031260
1 191.728 83.017 9.803 12.155 0.9740262032
2 338.795 98.701 10.723 14.861 0.9721960425
3 94.887 80.499 9.843 13.317 0.9674714208
4 202.551 50.418 8.522 10.589 0.9585229754
5 159.164 51.083 8.034 10.352 0.9521485567
6 120.653 24.056 7.753 9.993 0.9480703473
7 4.300 178.918 10.745 13.866 0.9452850819
8 98.977 210.470 14.721 20.023 0.9287785292
9 289.212 70.640 8.595 10.561 0.9284841418
10 165.978 83.508 11.098 12.687 0.9244249463
11 282.750 90.221 10.319 15.474 0.9242232442
12 214.143 64.983 9.035 11.200 0.9114652276
13 216.298 47.115 7.798 9.785 0.9078800082
14 21.986 195.273 10.086 13.720 0.9036652446
