0 256.926 59.107 11.983 14.537 0.9940775633
1 218.912 57.680 12.504 16.406 0.9898378849
2 175.796 73.380 13.311 16.121 0.9886779189
3 287.132 59.284 14.795 21.443 0.9855504036
4 11.420 90.555 18.942 25.609 0.9809546471
5 4.062 51.735 10.163 12.833 0.9775929451
6 73.447 77.493 18.459 30.703 0.9683889151
7 148.628 54.149 8.872 11.172 0.9671339989
8 191.008 82.770 16.983 24.958 0.9634774327
9 128.279 52.381 9.374 11.878 0.9399555326
10 184.507 47.051 8.001 9.453 0.9249823689
11 160.229 53.366 8.348 11.317 0.9165834785
