0 77.469 48.414 17.818 20.606 0.9976828098
1 310.152 50.332 16.684 21.228 0.9967537522
2 358.087 6.908 15.752 20.096 0.9964416623
3 255.592 47.287 17.514 19.954 0.9961661100
4 130.635 5.214 17.192 22.169 0.9958615899
5 24.782 4.005 16.254 19.964 0.9952813983
6 196.312 13.266 15.155 18.530 0.9950063229
7 78.620 3.868 18.376 20.717 0.9946601987
8 241.570 11.406 15.599 21.230 0.9946000576
9 25.429 38.357 17.477 21.991 0.9936866164
10 191.589 42.996 18.395 22.136 0.9929718375
11 144.661 49.420 15.838 20.772 0.9913063645
12 365.233 58.944 15.898 18.654 0.9891732931
13 84.310 97.099 19.950 26.299 0.9848373532
14 300.703 4.375 16.827 22.942 0.9718267322
