0 514.630 100.808 50.163 64.474 0.9999674559
1 322.135 31.869 37.157 45.515 0.9999519587
2 689.657 97.202 39.072 44.675 0.9998974800
3 409.930 24.873 34.186 46.517 0.9998620749
4 656.848 55.313 39.358 44.302 0.9997768998
5 379.069 33.031 34.388 45.532 0.9995290041
6 589.271 24.703 35.218 45.405 0.9995223284
7 620.797 22.937 39.846 47.538 0.9992200136
8 438.281 49.707 42.042 48.355 0.9991607666
9 552.261 24.698 38.570 47.863 0.9988812804
10 355.293 38.135 27.834 38.837 0.9988564253
11 726.415 26.021 32.565 38.889 0.9953951240
12 482.279 46.840 45.501 45.641 0.9934673905
13 754.975 25.492 31.713 41.394 0.9318889380
