0 372.627 188.764 12.692 16.614 0.9956333041
1 32.423 236.865 18.245 25.929 0.9940667152
2 780.647 167.974 12.043 15.891 0.9937083721
3 496.793 261.417 21.644 29.463 0.9919959903
4 194.959 212.406 14.511 21.566 0.9902492166
5 739.139 181.835 10.913 16.833 0.9901902676
6 198.757 174.462 11.478 15.465 0.9879578948
7 414.519 183.575 12.676 16.980 0.9868981838
8 238.680 171.663 10.910 13.487 0.9848822951
9 129.900 219.322 19.411 25.927 0.9841250181
10 467.463 180.094 11.368 14.467 0.9833480716
11 216.467 176.331 10.470 13.252 0.9819563031
12 310.048 199.154 14.703 20.062 0.9807126522
13 171.091 180.354 12.130 13.866 0.9768480062
14 670.489 206.368 12.974 20.000 0.9664677978
15 381.920 305.831 23.658 24.934 0.9645889997
16 515.830 174.210 9.895 14.707 0.9526662230
