0 157.688 58.833 31.521 37.302 0.9999676943
1 327.971 81.509 25.292 32.750 0.9995027781
2 387.271 94.194 23.237 29.603 0.9989008904
3 27.325 138.742 15.644 16.697 0.9949128628
4 245.687 74.144 21.795 28.719 0.9943429232
5 419.201 96.359 20.549 25.150 0.9926663041
6 59.909 108.291 15.087 17.870 0.9922842383
7 111.496 135.530 18.055 19.250 0.9743713140
8 458.324 105.740 10.362 12.661 0.9708840251
9 62.453 134.472 19.812 20.495 0.9677707553
10 218.296 103.963 11.864 15.457 0.9661774635
11 297.006 117.287 12.028 14.007 0.9613875151
12 18.109 111.544 15.477 16.154 0.9528777599
