0 157.717 86.099 30.389 35.915 0.9998923540
1 314.746 71.647 29.165 33.692 0.9996523857
2 523.509 69.170 24.715 33.824 0.9979941845
3 366.279 102.177 23.159 27.481 0.9972609282
4 75.756 124.946 22.011 24.245 0.9939159751
5 398.810 102.854 22.722 25.944 0.9913377762
6 443.885 95.420 20.859 28.117 0.9824719429
7 243.273 106.155 22.280 24.598 0.9810748696
8 212.136 107.979 21.632 25.833 0.9763091207
9 189.602 113.749 19.506 22.222 0.9762854576
10 271.956 102.920 20.690 25.170 0.9664290547
11 474.463 95.534 20.769 25.621 0.9501945376
12 336.194 96.503 19.612 26.000 0.9498799443
13 507.691 101.879 12.091 16.813 0.9436079860
