0 692.260 319.068 15.190 18.366 0.9951004386
1 852.652 305.694 18.370 21.574 0.9950431585
2 775.386 310.108 12.501 15.467 0.9943935871
3 91.704 316.344 17.573 20.420 0.9927566648
4 519.673 311.369 12.198 14.990 0.9918882251
5 435.617 296.447 21.530 25.083 0.9902547002
6 276.403 316.700 12.160 15.140 0.9892342091
7 236.397 310.826 13.019 15.387 0.9891448617
8 11.024 304.656 20.018 23.307 0.9889489412
9 362.574 318.262 12.372 15.156 0.9886420369
10 561.290 301.383 21.912 27.093 0.9884860516
11 77.171 324.225 12.033 14.819 0.9874643087
12 506.648 307.845 9.524 11.711 0.9870124459
13 160.643 314.413 10.891 14.173 0.9851585031
14 754.852 308.732 10.458 13.472 0.9832809567
15 733.949 294.608 21.208 25.565 0.9831305742
16 172.764 317.245 9.896 12.803 0.9820585847
17 124.656 305.714 20.791 25.486 0.9810879230
18 381.295 313.166 9.841 12.445 0.9810318351
19 342.217 307.805 11.889 15.240 0.9797050357
20 790.424 306.911 10.340 12.850 0.9788357615
21 542.112 310.253 9.871 12.214 0.9774775505
22 309.602 305.485 20.407 26.220 0.9768971205
23 210.241 300.134 22.370 25.819 0.9760236740
24 628.927 302.853 8.629 11.464 0.9745883942
25 606.595 314.084 11.846 14.866 0.9734420776
26 718.249 306.235 11.199 13.669 0.9705345035
27 74.719 309.356 8.902 12.437 0.9692102671
28 652.925 299.005 22.314 25.398 0.9676724076
29 684.851 309.466 10.513 14.148 0.9674266577
30 810.579 303.207 20.595 23.784 0.9650942683
31 42.445 305.335 20.865 24.391 0.9639549851
32 180.849 307.330 9.414 12.414 0.9618322253
33 151.255 309.521 9.162 11.991 0.9588272572
34 0.760 307.710 11.833 17.614 0.9544044137
35 767.910 302.062 8.524 11.545 0.9531801939
36 590.111 308.471 9.092 11.395 0.9529767036
37 391.108 305.229 8.478 10.517 0.9495528340
38 166.090 302.873 9.031 10.717 0.9485180974
39 702.750 300.021 9.054 11.254 0.9459738731
40 887.570 307.161 9.212 11.594 0.9405921698
41 293.345 308.927 8.354 10.629 0.9383348227
42 289.409 309.466 8.297 10.395 0.9356025457
43 616.198 307.374 9.679 12.227 0.9339931607
44 676.511 303.331 10.482 12.888 0.9300437570
45 299.972 308.774 8.402 10.885 0.9239544272
46 116.210 319.161 10.078 13.042 0.9110457897
47 611.070 298.865 7.600 9.449 0.9098675251
48 197.670 302.254 7.724 10.109 0.9045176506
49 783.890 296.753 9.337 12.101 0.9013975859
