0 29.636 157.911 76.829 91.446 0.9999765158
1 469.120 195.564 32.465 42.213 0.9999279976
2 301.189 181.969 34.944 47.569 0.9998590946
3 223.447 171.890 42.623 61.709 0.9997918010
4 885.130 259.454 48.282 67.096 0.9997742772
5 339.975 206.266 27.041 32.540 0.9996359348
6 390.540 212.412 25.789 30.527 0.9992145300
7 178.524 204.900 16.900 21.060 0.9978285432
8 557.623 210.850 12.079 15.727 0.9950507283
9 394.837 169.062 13.704 17.015 0.9939126372
10 579.014 206.097 17.901 23.018 0.9920897484
11 440.073 212.633 17.099 21.656 0.9917293191
12 529.050 218.319 14.592 17.670 0.9879348278
13 454.309 219.835 12.150 17.567 0.9741662741
14 627.467 209.566 13.407 20.713 0.9731358290
15 415.488 221.219 11.688 15.319 0.9728682637
16 564.832 212.308 11.809 15.937 0.9632128477
17 852.804 180.996 25.327 36.705 0.9582819939
18 674.119 221.900 13.182 17.127 0.9172681570
19 927.868 225.318 34.117 51.974 0.9088127613
