0 222.994 102.106 15.078 18.662 0.9980201721
1 498.285 103.285 16.290 20.430 0.9977892637
2 50.251 93.290 15.894 19.746 0.9975534081
3 316.151 109.048 15.931 19.576 0.9974059463
4 202.227 107.309 15.618 20.742 0.9973264933
5 337.787 101.244 15.225 19.034 0.9963992834
6 518.343 101.466 21.925 27.800 0.9927147031
7 105.732 94.267 20.867 28.225 0.9887610078
8 416.435 115.470 16.472 19.442 0.9869062304
9 383.784 117.497 13.609 16.907 0.9851033092
10 26.078 96.552 20.436 27.241 0.9843530059
11 158.726 102.442 18.722 23.366 0.9835144281
12 265.040 94.076 19.593 27.529 0.9831370711
13 145.199 109.615 12.354 15.321 0.9821340442
14 438.272 106.972 11.871 17.297 0.9798421264
15 304.650 107.887 12.025 16.935 0.9790043831
16 461.817 111.576 19.918 24.739 0.9778060913
17 85.159 112.267 12.056 15.969 0.9757835269
18 361.775 108.784 20.274 27.139 0.9740676284
19 402.290 106.155 12.829 16.379 0.9731608033
20 69.629 102.843 9.668 12.228 0.9369574189
