0 25.275 131.179 25.791 30.714 0.9996166229
1 261.765 143.794 15.901 19.627 0.9979561567
2 318.804 122.314 16.445 22.038 0.9976211190
3 269.599 119.181 16.703 21.505 0.9966548681
4 418.893 133.931 17.131 22.446 0.9959552288
5 301.729 145.296 14.789 18.622 0.9958677292
6 380.962 124.436 15.409 20.370 0.9955132604
7 80.571 159.728 22.617 26.345 0.9953611493
8 501.565 146.659 18.404 20.849 0.9951983094
9 457.044 129.354 19.282 24.383 0.9941959381
10 340.994 142.086 16.053 21.195 0.9929332733
11 141.851 165.783 21.273 27.119 0.9927108288
12 538.116 133.059 16.827 23.310 0.9852037430
13 232.778 128.584 15.855 21.494 0.9776600599
14 99.826 118.376 20.738 25.316 0.9742470384
15 166.004 126.644 19.124 26.773 0.9373672009
16 211.482 129.853 19.828 24.314 0.9064257741
