0 478.959 58.767 61.787 70.805 0.9999817610
1 386.583 110.259 33.492 38.736 0.9999612570
2 16.195 67.497 46.859 65.682 0.9998527765
3 436.426 79.590 28.709 32.568 0.9997453094
4 159.043 120.857 26.725 33.297 0.9992733598
5 66.397 98.440 35.229 44.755 0.9984791875
6 364.396 90.190 24.040 29.354 0.9972869158
7 257.158 64.394 35.698 51.707 0.9949750900
8 227.744 98.529 19.048 23.201 0.9858497977
9 88.895 102.385 25.049 35.516 0.9797176719
10 398.362 73.849 18.766 26.913 0.9513773322
11 410.816 91.250 17.365 21.495 0.9109222293
