0 209.496 492.763 71.388 77.110 0.9999964237
1 328.074 331.748 60.439 82.010 0.9999960661
2 4.734 366.222 68.873 84.826 0.9999951124
3 584.621 341.089 55.991 73.564 0.9999943972
4 492.004 390.742 54.269 64.082 0.9999929667
5 296.401 60.001 54.444 67.904 0.9999899864
6 212.519 354.802 57.489 69.675 0.9999897480
7 128.860 364.585 64.295 75.081 0.9999890327
8 700.482 386.480 54.558 62.115 0.9999879599
9 569.056 49.982 59.032 66.173 0.9999840260
10 420.629 339.147 52.270 66.813 0.9999822378
11 734.682 519.399 62.709 80.815 0.9999558926
12 159.348 101.638 32.286 35.914 0.9999166727
13 238.111 96.149 27.106 31.168 0.9997902513
14 95.773 90.944 34.298 44.179 0.9996709824
15 629.563 67.768 41.448 46.767 0.9996628761
16 9.038 80.263 44.750 84.134 0.9987202883
17 556.364 297.860 44.511 45.148 0.9980785847
18 715.587 129.050 37.505 54.781 0.9976342916
19 201.831 112.412 21.029 24.515 0.9845527411
20 266.420 115.482 20.879 23.657 0.9834586382
21 51.679 112.090 40.804 52.163 0.9750794172
