0 234.828 46.406 13.522 16.514 0.9947066903
1 130.978 71.829 12.915 14.564 0.9945892096
2 204.915 47.023 13.082 17.415 0.9930522442
3 135.566 36.305 12.982 16.034 0.9902830124
4 71.507 32.393 12.532 15.828 0.9900544882
5 0.800 47.451 13.273 18.193 0.9900475144
6 112.436 51.240 12.568 15.278 0.9897496104
7 221.142 44.622 13.015 16.659 0.9894796014
8 272.410 38.192 13.252 15.287 0.9887853861
9 54.655 50.556 13.166 15.630 0.9862456322
10 157.853 39.805 12.749 16.684 0.9854771495
11 146.226 50.828 13.122 16.404 0.9844197631
12 92.585 37.984 13.169 15.916 0.9843745828
13 81.429 56.031 15.449 21.241 0.9803366065
14 15.869 49.003 12.085 15.947 0.9795687795
15 246.141 71.710 14.158 16.572 0.9787711501
16 30.173 55.607 10.487 12.544 0.9751425385
17 177.393 47.188 17.146 23.338 0.9735151529
18 261.966 56.041 12.415 16.802 0.9614694118
19 104.771 38.741 12.497 15.525 0.9319052100
