0 753.840 296.547 116.116 139.557 0.9999994040
1 351.812 341.558 57.254 70.324 0.9999953508
2 104.679 103.573 53.981 69.001 0.9999932051
3 136.347 182.166 55.404 65.244 0.9999897480
4 415.341 211.353 53.343 67.455 0.9999896288
5 0.849 131.803 55.485 66.545 0.9999845028
6 641.024 274.532 89.933 105.010 0.9999823570
7 176.944 243.469 63.085 77.758 0.9999748468
8 141.466 359.398 67.690 88.238 0.9999736547
9 723.830 197.772 77.011 95.933 0.9999508858
10 267.808 200.379 50.303 63.829 0.9999293089
11 295.002 252.033 48.086 66.618 0.9999204874
12 502.798 277.971 74.597 95.615 0.9999065399
13 524.101 206.394 51.880 61.644 0.9998751879
14 600.643 209.269 72.592 95.140 0.9998593330
15 423.583 163.460 37.098 43.040 0.9998242259
16 483.493 246.706 51.542 71.123 0.9998192191
17 471.025 140.997 39.119 51.358 0.9996848106
18 484.996 202.003 40.739 47.313 0.9996837378
19 212.597 87.299 40.639 57.249 0.9996526241
20 534.732 106.237 36.223 47.277 0.9996122718
21 326.561 184.692 43.953 54.109 0.9995489717
22 604.916 85.414 35.525 51.905 0.9988087416
23 228.514 216.346 40.761 51.914 0.9987090826
24 763.437 142.033 48.091 62.318 0.9986465573
25 384.598 210.148 36.846 54.593 0.9963201284
26 679.736 132.279 40.913 50.692 0.9941306710
27 575.902 241.293 34.773 52.412 0.9743649364
28 370.518 189.543 26.409 35.298 0.9634325504
