0 684.548 165.553 31.091 39.031 0.9999505281
1 385.164 169.028 37.286 45.792 0.9999448061
2 198.878 182.187 35.857 45.179 0.9999163151
3 492.892 155.110 28.139 34.753 0.9998711348
4 59.884 212.611 29.908 35.882 0.9998468161
5 357.777 157.635 30.365 39.219 0.9998273253
6 564.807 151.421 33.405 45.527 0.9998218417
7 747.063 118.670 23.971 30.079 0.9993845224
8 721.453 157.900 34.163 49.771 0.9992831349
9 618.528 130.378 24.284 30.718 0.9986749291
10 412.007 145.441 27.392 36.453 0.9963790774
11 153.211 81.951 20.065 23.459 0.9938655496
12 613.339 48.535 20.520 27.533 0.9892478585
13 195.876 89.240 20.359 26.947 0.9875100851
14 289.620 108.876 18.799 25.422 0.9843569398
15 235.173 86.996 19.119 24.390 0.9788864851
16 21.900 107.010 21.314 26.392 0.9738916755
17 449.702 57.762 16.555 25.619 0.9644160867
18 114.163 73.406 18.551 30.356 0.9395560026
