0 356.355 185.050 37.244 47.468 0.9998058677
1 352.507 68.318 27.052 37.426 0.9996953011
2 218.285 72.173 28.057 33.369 0.9996435642
3 452.018 104.278 22.628 31.780 0.9975228906
4 287.072 98.868 22.010 29.326 0.9967635870
5 21.936 181.146 35.649 57.007 0.9954401255
6 119.128 91.872 22.327 28.054 0.9953885078
7 263.447 65.776 22.308 27.970 0.9916297793
8 150.913 75.726 21.469 27.773 0.9902396202
9 183.572 96.606 19.228 23.214 0.9897674918
10 299.428 76.630 20.651 23.346 0.9897609353
11 242.231 70.486 17.630 25.258 0.9848811626
12 530.138 189.710 22.873 52.831 0.9159246087
