0 513.908 284.721 52.882 65.265 0.9999212027
1 133.866 173.315 27.488 34.359 0.9996157885
2 402.649 214.831 28.628 37.401 0.9993330836
3 357.290 177.660 25.728 34.603 0.9990761280
4 180.304 187.902 39.380 47.349 0.9990398288
5 430.608 210.618 38.216 51.033 0.9987921119
6 484.252 217.982 31.418 37.205 0.9980981946
7 489.403 175.061 27.570 31.669 0.9965665340
8 563.970 240.849 40.516 49.545 0.9959695339
9 252.405 163.405 19.448 24.623 0.9944533706
10 365.030 149.688 12.693 15.872 0.9913460612
11 379.825 152.410 17.882 21.827 0.9896345735
12 75.957 168.797 16.706 19.283 0.9892950654
13 182.436 152.715 23.421 26.390 0.9887187481
14 394.877 181.742 21.109 23.199 0.9885413647
15 339.362 151.916 13.170 16.741 0.9868640304
16 99.305 146.068 13.164 15.295 0.9861539602
17 307.918 182.014 18.014 20.261 0.9859878421
18 69.687 150.818 11.669 14.292 0.9859585166
19 472.929 157.132 11.470 14.537 0.9829488993
20 574.387 201.262 26.336 31.728 0.9825758934
21 565.928 159.101 13.336 15.542 0.9766703248
22 138.597 150.458 13.663 15.749 0.9761007428
23 419.765 147.104 11.458 14.420 0.9742174149
24 213.678 145.398 13.079 15.644 0.9741547108
25 116.987 156.660 19.062 25.404 0.9740393162
26 432.085 157.744 21.196 25.226 0.9703767300
27 81.532 148.345 13.501 15.603 0.9672641754
28 338.984 185.894 20.798 28.755 0.9603166580
29 409.901 156.952 13.336 15.711 0.9603164196
30 327.633 150.021 12.436 16.173 0.9446669817
