0 288.288 142.086 26.103 32.798 0.9995822310
1 121.593 125.552 25.700 32.150 0.9994594455
2 238.556 118.990 16.851 23.371 0.9960314631
3 288.073 104.214 15.105 18.646 0.9958403111
4 123.289 100.940 15.842 18.652 0.9938750863
5 263.895 121.764 13.581 15.034 0.9931015968
6 169.067 109.418 13.261 17.116 0.9929694533
7 346.426 190.070 33.622 43.191 0.9919807911
8 89.414 116.000 19.141 24.083 0.9911926389
9 327.757 117.358 18.715 23.213 0.9903088212
10 227.043 101.875 9.327 12.362 0.9878966808
11 269.217 143.918 19.058 25.069 0.9870553017
12 253.996 102.209 10.891 13.732 0.9851743579
13 51.036 113.684 10.737 12.246 0.9811129570
14 273.114 104.533 10.024 11.818 0.9798121452
15 207.073 121.629 11.761 13.489 0.9692330360
16 226.580 122.985 14.003 20.782 0.9630208611
17 46.049 100.678 8.617 10.400 0.9571771622
18 78.112 104.645 12.883 16.733 0.9479044080
19 315.963 105.518 7.803 9.694 0.9470460415
20 65.760 97.351 9.181 10.680 0.9460358620
21 379.024 106.968 8.554 10.269 0.9451501966
22 142.231 97.158 9.197 11.166 0.9443572164
23 277.279 100.305 9.517 11.673 0.9324828386
24 92.597 100.597 9.216 10.860 0.9040872455
