0 263.931 44.941 15.940 20.283 0.9970650077
1 78.846 52.223 14.656 18.841 0.9968624115
2 183.233 52.811 14.220 17.653 0.9967541099
3 138.895 38.293 21.917 27.148 0.9960344434
4 7.356 50.294 15.503 18.953 0.9941091537
5 207.727 51.710 13.572 16.504 0.9941031337
6 279.641 52.355 19.238 21.184 0.9912211895
7 223.082 44.747 18.393 24.029 0.9836784601
8 198.141 46.506 10.425 13.056 0.9808208942
9 31.112 38.017 19.949 25.960 0.9728815556
10 119.698 56.823 13.776 15.529 0.9593151808
11 159.334 45.597 15.196 20.876 0.9563875198
12 89.176 47.060 13.813 18.532 0.9125825167
