0 638.441 206.632 54.886 71.353 0.9999941587
1 465.420 191.529 54.657 71.941 0.9999839067
2 790.374 230.509 52.556 79.426 0.9998831749
3 591.780 233.012 38.144 45.235 0.9998748302
4 442.536 245.304 28.845 31.774 0.9995992780
5 379.974 255.521 33.240 37.092 0.9995614886
6 720.969 215.644 41.872 52.481 0.9992486835
7 70.104 242.526 71.123 116.739 0.9986728430
8 151.703 260.340 45.389 53.210 0.9986573458
9 339.237 225.708 34.613 45.238 0.9984474778
10 182.597 249.282 27.632 40.714 0.9981926084
11 526.522 247.086 29.654 32.841 0.9980800152
12 323.602 190.385 38.064 88.050 0.9954943657
13 770.017 243.011 17.909 21.690 0.9927694798
14 239.018 266.790 34.421 48.227 0.9836411476
15 936.305 240.689 11.537 14.544 0.9633262157
16 907.871 235.462 14.265 16.839 0.9515423775
