0 208.590 204.149 47.736 69.629 0.9999169111
1 709.724 177.481 17.359 20.086 0.9973522425
2 452.098 167.755 14.332 19.606 0.9972762465
3 760.303 179.569 18.501 21.000 0.9947943091
4 503.292 173.259 14.160 18.312 0.9936130643
5 816.801 180.404 21.053 24.343 0.9883837104
6 366.172 166.736 10.954 14.135 0.9862705469
7 337.511 165.585 14.485 19.604 0.9861866236
8 395.148 176.132 11.453 13.273 0.9792852998
9 600.350 164.932 12.096 14.954 0.9755767584
10 439.932 164.011 10.253 12.860 0.9738075733
11 698.144 164.105 11.237 13.552 0.9721865654
12 392.571 159.025 12.961 15.778 0.9681214690
13 806.100 165.929 13.427 17.069 0.9652391672
14 643.646 178.787 11.059 13.166 0.9585894942
15 86.186 308.281 42.181 96.096 0.9554666281
16 554.004 165.219 11.759 15.243 0.9541720152
17 479.935 161.574 8.872 11.216 0.9539763927
18 568.844 175.658 14.969 17.221 0.9480572939
19 522.267 162.773 9.662 12.209 0.9440453649
20 671.543 178.001 13.636 17.758 0.9068364501
