0 364.563 168.541 52.831 81.044 0.9999673367
1 562.277 154.565 56.160 90.324 0.9999612570
2 809.806 226.912 31.436 40.978 0.9997044206
3 906.505 246.053 30.598 35.831 0.9996907711
4 184.272 288.257 35.875 43.111 0.9996452332
5 746.600 210.648 31.075 42.099 0.9996416569
6 517.291 257.101 36.439 53.449 0.9994962215
7 58.816 314.177 37.021 46.690 0.9994549155
8 101.906 291.002 27.083 34.647 0.9991067052
9 679.396 205.710 45.563 55.536 0.9978753328
10 12.709 248.794 24.486 28.021 0.9947353005
11 862.454 233.605 24.264 33.312 0.9922957420
12 235.724 231.372 14.623 17.590 0.9914030433
13 887.780 241.048 21.101 31.100 0.9908769727
14 254.606 225.095 13.165 17.257 0.9836064577
15 54.884 253.035 19.835 23.883 0.9823406935
16 171.452 217.888 18.276 22.314 0.9777928591
17 408.311 269.342 16.630 20.866 0.9746021032
18 558.922 248.091 10.479 12.881 0.9734999537
19 25.826 199.400 19.063 22.606 0.9672530890
20 206.891 228.519 13.109 16.860 0.9655811787
21 125.131 283.556 19.691 28.143 0.9580206275
22 244.696 215.692 10.996 12.681 0.9418260455
23 114.686 287.582 22.028 30.117 0.9344210625
24 112.699 210.849 14.688 21.364 0.9187282324
