0 345.889 336.219 64.483 76.156 0.9999964237
1 542.409 304.436 63.829 78.131 0.9999899864
2 713.232 359.212 55.556 71.875 0.9999865294
3 193.072 343.308 59.847 73.506 0.9999742508
4 883.202 365.123 60.391 65.746 0.9999635220
5 65.470 225.823 34.588 40.190 0.9998908043
6 749.463 254.669 35.761 39.351 0.9998639822
7 414.682 251.069 33.953 38.517 0.9998363256
8 642.612 266.052 33.330 39.021 0.9998307228
9 916.766 254.760 33.851 39.010 0.9997856021
10 464.988 264.058 32.497 35.534 0.9997645020
11 573.065 253.285 33.778 36.319 0.9997575879
12 942.872 270.615 29.291 36.024 0.9997170568
13 4.261 224.791 28.987 38.012 0.9996342659
14 128.054 235.004 34.099 39.251 0.9995998740
15 320.841 254.101 33.072 37.844 0.9995958209
16 238.537 241.491 37.211 42.872 0.9995636344
17 158.924 290.827 37.253 45.170 0.9995069504
18 509.550 313.387 29.194 37.697 0.9994909763
19 838.081 265.812 34.705 38.186 0.9994256496
20 686.823 310.704 36.709 41.196 0.9990195036
21 855.908 308.517 33.372 37.490 0.9989041090
