0 184.663 217.657 9.854 14.728 0.9901106954
1 61.454 209.552 10.443 12.984 0.9743441343
2 211.548 209.754 9.917 14.278 0.9709922671
3 98.122 88.415 9.195 11.751 0.9666550159
4 116.863 87.284 9.162 11.770 0.9634904861
5 32.237 74.629 8.911 11.287 0.9347143769
6 293.768 78.728 8.781 10.626 0.9226447940
7 312.389 84.277 8.666 10.872 0.9189870954
8 55.564 78.325 9.063 11.136 0.9176419377
9 334.886 84.148 9.207 10.764 0.9146516919
10 136.339 90.851 8.590 10.765 0.9022933841
11 266.808 82.409 8.602 11.243 0.9022772908
