0 195.910 107.217 46.694 66.312 0.9999127388
1 427.383 73.205 13.980 18.455 0.9962620139
2 476.199 78.911 13.542 17.062 0.9914005399
3 346.014 72.350 10.556 13.752 0.9856289029
4 319.128 71.185 14.058 19.022 0.9852896333
5 523.814 71.294 10.863 14.039 0.9749906659
6 80.368 205.918 41.907 95.438 0.9696899056
7 373.044 80.555 11.128 13.519 0.9664723873
8 537.469 81.059 13.864 16.137 0.9559665322
9 493.139 68.509 9.629 11.964 0.9548918009
10 415.880 70.177 9.447 11.882 0.9542137980
11 568.302 70.235 12.088 14.267 0.9412867427
12 607.889 81.876 10.562 12.569 0.9403058887
13 392.069 74.875 11.416 13.081 0.9394539595
14 453.933 67.413 8.236 10.164 0.9237529635
