0 244.478 18.702 28.353 37.347 0.9997054935
1 314.870 11.374 29.607 37.340 0.9981147051
2 26.622 112.333 13.865 17.228 0.9835813046
3 264.781 107.482 12.920 17.562 0.9801490903
4 283.482 113.903 10.749 13.415 0.9749032855
5 314.816 113.829 10.918 14.067 0.9627196789
6 98.177 105.248 9.798 13.370 0.9622616172
7 193.260 111.324 10.359 13.100 0.9566842914
8 419.311 120.382 9.586 11.900 0.9504214525
9 302.891 112.416 9.531 12.162 0.9314293265
10 406.395 121.206 9.338 11.426 0.9233705401
11 376.185 117.206 8.343 10.955 0.9141925573
12 114.638 114.371 13.770 18.847 0.9136309624
