0 211.081 97.373 36.498 46.087 0.9999544621
1 405.728 138.494 29.197 34.197 0.9998648167
2 103.556 121.786 32.359 40.462 0.9997925162
3 497.837 85.506 28.333 30.813 0.9996714592
4 355.118 102.863 26.344 36.848 0.9994614720
5 25.464 133.037 40.781 51.320 0.9994159937
6 171.414 126.253 26.332 31.835 0.9991938472
7 461.254 129.345 41.827 52.864 0.9986775517
8 314.516 119.830 39.345 43.438 0.9982973933
9 172.717 75.521 24.617 28.169 0.9972701669
10 390.492 83.944 22.916 28.629 0.9970330000
11 122.675 83.857 23.165 27.324 0.9966254234
12 250.062 131.549 23.257 28.957 0.9947941899
13 452.071 91.757 24.069 24.922 0.9896267653
14 521.166 128.655 36.466 60.139 0.9846014977
15 267.242 106.241 19.579 22.095 0.9835152626
