0 530.163 108.699 34.416 50.749 0.9997475743
1 406.952 100.868 41.079 66.374 0.9996349812
2 88.896 260.231 17.342 19.827 0.9951045513
3 -0.954 327.797 22.550 30.147 0.9943306446
4 299.631 221.100 15.352 19.757 0.9929583073
5 208.746 246.270 17.803 21.891 0.9926861525
6 320.886 274.222 21.076 36.005 0.9901016951
7 347.693 123.593 19.259 24.521 0.9885735512
8 44.256 293.202 24.055 28.182 0.9875509143
9 108.498 249.585 12.904 16.184 0.9872631431
10 604.012 130.154 15.147 22.824 0.9839459062
11 257.523 160.419 12.558 15.417 0.9839209318
12 69.704 278.313 20.499 24.573 0.9837327600
13 236.235 156.388 10.992 14.450 0.9736171961
14 36.527 279.733 15.361 20.155 0.9733729362
15 189.746 223.076 11.813 17.121 0.9679732323
16 493.929 120.426 15.041 19.500 0.9669140577
17 42.442 230.393 12.110 14.517 0.9659364223
18 133.382 228.375 10.387 13.661 0.9228740931
19 149.409 210.974 8.488 10.524 0.9147471189
