0 159.188 18.211 48.708 63.980 0.9999793768
1 302.118 162.895 34.144 43.065 0.9998816252
2 28.125 104.163 27.433 36.545 0.9997735620
3 369.420 140.925 29.126 33.314 0.9993135929
4 46.725 117.973 42.863 53.435 0.9991443157
5 92.186 107.713 24.546 30.750 0.9989664555
6 268.010 122.025 23.802 28.993 0.9975913763
7 300.615 71.944 16.148 20.573 0.9936888218
8 376.982 82.627 16.923 18.975 0.9863595366
9 209.153 64.381 14.834 18.159 0.9849287868
10 317.889 96.964 21.477 26.184 0.9789663553
11 322.492 80.481 11.682 14.441 0.9764333367
12 292.347 81.360 10.188 13.133 0.9290896058
