0 11.498 65.469 47.423 72.337 0.9998884201
1 38.021 -0.280 31.967 34.411 0.9997915626
2 65.952 70.900 46.189 69.740 0.9997354150
3 113.429 90.526 33.396 53.066 0.9995813966
4 334.727 64.291 45.147 67.794 0.9991922975
5 99.399 -0.258 23.077 35.680 0.9991469383
6 166.752 95.374 21.802 43.380 0.9987310767
7 142.686 10.113 22.664 30.360 0.9969287515
8 124.554 53.138 23.702 37.781 0.9959475398
9 228.028 114.719 20.536 34.241 0.9947722554
10 286.608 105.845 14.449 18.077 0.9937892556
11 167.247 0.403 15.812 16.434 0.9930128455
12 243.601 87.330 18.122 23.034 0.9925122261
13 295.373 135.592 17.377 20.841 0.9923507571
14 305.111 82.771 12.957 16.858 0.9922218919
15 320.345 105.279 13.442 17.665 0.9897706509
16 453.584 124.680 12.576 17.730 0.9873718023
17 281.528 71.851 14.392 19.140 0.9867945313
18 225.407 63.242 15.253 19.963 0.9863244891
19 301.733 103.475 13.372 18.209 0.9839733243
20 214.949 24.894 13.343 17.384 0.9839615822
21 234.703 28.883 12.317 16.268 0.9833056331
22 186.790 16.143 16.568 25.909 0.9832646251
23 281.438 38.909 10.902 15.050 0.9809616208
24 319.245 81.707 12.618 16.284 0.9807898402
25 265.391 93.831 14.254 19.002 0.9807332754
26 272.691 57.723 11.793 14.967 0.9799590111
27 277.349 126.627 15.046 22.533 0.9789381623
28 313.389 52.389 10.828 13.757 0.9783882499
29 299.539 42.794 11.566 15.234 0.9778779745
30 210.685 76.838 19.702 25.312 0.9750653505
31 255.994 34.750 12.690 15.497 0.9719179273
32 200.809 105.044 19.290 32.889 0.9662942290
33 286.871 30.129 9.618 11.895 0.9636042714
34 295.968 62.252 13.153 16.122 0.9597590566
35 469.484 131.875 12.264 18.454 0.9544090033
36 258.466 68.910 13.305 17.249 0.9534864426
37 435.698 98.153 9.575 11.661 0.9511180520
38 320.793 35.945 9.785 12.181 0.9477632642
39 198.180 48.010 17.808 24.033 0.9427219629
40 206.163 8.893 11.862 16.156 0.9395703673
41 411.864 82.206 9.642 12.100 0.9390520453
42 233.066 11.806 11.272 13.945 0.9342297912
43 268.198 29.867 11.161 14.116 0.9245852232
44 162.339 65.843 19.544 28.991 0.9183619022
45 406.600 80.111 10.181 12.639 0.9134263396
