0 0.933 271.165 33.471 44.753 0.9998661280
1 144.663 252.616 23.406 36.229 0.9988666773
2 652.434 257.152 13.635 17.251 0.9978474379
3 846.134 262.059 22.070 33.172 0.9970042109
4 821.191 252.167 22.302 29.557 0.9953521490
5 290.804 256.028 15.056 19.859 0.9949370623
6 678.693 257.776 13.870 18.505 0.9948490262
7 265.641 256.418 15.532 21.043 0.9938038588
8 740.031 255.551 14.529 20.708 0.9933069348
9 708.658 254.599 18.278 25.591 0.9928962588
10 337.123 254.037 11.686 15.159 0.9926036000
11 625.655 255.274 12.153 14.903 0.9901335239
12 306.621 255.870 13.098 16.694 0.9895462394
13 234.672 257.485 20.624 25.880 0.9819058180
14 638.063 252.418 10.082 14.521 0.9319112897
