0 291.509 146.553 67.363 89.016 0.9999926090
1 650.383 405.382 80.994 71.802 0.9999262094
2 77.259 273.548 58.650 92.227 0.9999099970
3 403.570 180.972 79.985 104.165 0.9998397827
4 61.151 203.456 63.597 70.340 0.9998310804
5 168.305 180.879 64.014 86.841 0.9996955395
6 638.702 196.768 67.459 103.692 0.9996398687
7 246.373 201.701 43.097 57.917 0.9984473586
8 713.375 298.063 51.528 99.745 0.9962807298
9 198.052 258.610 44.485 97.479 0.9911517501
10 703.510 100.805 50.781 102.042 0.9909427762
11 770.072 309.241 52.583 125.522 0.9107324481
