0 1267.154 181.848 72.626 84.079 0.9999864101
1 407.142 160.001 74.858 92.954 0.9999506474
2 932.278 219.899 34.931 38.854 0.9998948574
3 1085.377 236.911 36.900 42.363 0.9998613596
4 642.171 229.145 31.761 35.748 0.9998279810
5 1797.664 215.512 46.319 54.912 0.9997968078
6 487.231 222.490 28.980 31.582 0.9997826219
7 866.126 229.155 31.408 38.762 0.9997131228
8 1015.329 223.415 35.739 42.575 0.9996719360
9 720.421 232.194 28.639 33.774 0.9996478558
10 1171.314 226.871 38.299 44.826 0.9996141195
11 791.877 166.586 79.176 99.926 0.9995346069
12 1682.516 220.538 44.666 50.387 0.9994819760
13 1443.594 232.261 41.871 48.189 0.9991946816
14 247.664 231.859 26.593 26.777 0.9983695149
15 302.885 228.821 26.069 28.831 0.9981655478
16 1355.254 226.778 42.323 49.555 0.9977467656
17 1592.611 227.494 43.315 49.304 0.9976658821
18 178.232 226.174 25.022 27.289 0.9975323677
19 599.472 221.928 23.375 27.724 0.9963730574
20 549.465 233.281 24.454 27.858 0.9960169196
21 95.055 223.734 21.998 27.324 0.9957492352
22 1642.732 222.386 33.088 44.001 0.9951815009
23 129.229 225.735 22.405 26.512 0.9946388602
24 905.520 226.713 22.782 29.524 0.9942103624
25 53.439 229.372 23.349 24.545 0.9738348126
26 1.105 223.764 22.845 24.988 0.9492143989
