0 320.846 192.621 50.979 72.818 0.9999828339
1 415.138 142.733 53.450 77.754 0.9999744892
2 532.223 120.180 47.160 61.377 0.9999606609
3 599.241 390.156 44.040 65.376 0.9998903275
4 147.897 209.070 51.446 73.875 0.9998370409
5 426.125 370.557 47.432 64.975 0.9998269677
6 637.645 128.985 44.761 62.504 0.9998038411
7 795.154 166.976 46.236 61.888 0.9997335076
8 521.168 378.844 46.266 62.839 0.9997311234
9 711.695 360.770 52.479 79.281 0.9992545247
10 353.896 383.415 52.781 72.013 0.9987461567
11 800.362 353.282 41.018 55.378 0.9987097979
12 254.259 355.777 50.991 67.082 0.9940337539
