0 6.564 49.847 35.718 38.453 0.9999446869
1 397.747 48.272 29.553 37.465 0.9999294281
2 295.190 60.256 30.581 31.630 0.9999195337
3 310.045 3.929 29.381 38.180 0.9999179840
4 194.449 97.117 31.357 38.382 0.9998947382
5 87.626 9.665 28.563 32.098 0.9998865128
6 339.095 89.693 32.579 36.271 0.9998812675
7 460.952 39.647 32.637 40.130 0.9998786449
8 257.869 215.826 39.828 46.617 0.9998759031
9 397.237 1.447 28.757 34.486 0.9998718500
10 173.473 152.381 39.302 43.209 0.9998707771
11 360.614 1.979 27.234 33.653 0.9998506308
12 115.232 45.514 31.297 38.490 0.9998382330
13 113.790 134.355 36.655 36.669 0.9998320341
14 35.909 143.111 41.333 40.391 0.9998186231
15 41.834 93.475 33.144 37.680 0.9998186231
16 433.011 157.362 38.934 40.122 0.9998120666
17 462.170 -0.397 29.606 31.044 0.9997832179
18 415.840 101.773 34.120 41.752 0.9997590184
19 224.011 73.546 44.895 54.028 0.9997444749
20 120.004 92.385 33.606 34.275 0.9997348189
21 56.592 206.365 40.614 49.032 0.9996994734
22 309.458 170.132 39.259 51.188 0.9995036125
23 163.818 0.475 27.013 32.569 0.9994645715
24 475.620 101.447 27.981 40.855 0.9994540811
25 468.160 186.234 35.313 51.327 0.9993959665
26 335.865 333.673 39.807 36.840 0.9993603826
27 84.138 328.302 42.068 43.657 0.9993003607
28 418.371 191.566 41.829 48.794 0.9992043376
29 334.195 204.768 39.187 50.145 0.9991950393
30 202.728 55.182 30.065 36.082 0.9991712570
31 250.967 -0.143 27.617 31.779 0.9991093278
32 282.004 292.560 42.981 55.254 0.9988607168
33 291.345 106.315 25.872 31.772 0.9985519052
34 365.529 148.063 43.157 51.049 0.9981043339
35 409.297 161.331 25.710 32.873 0.9971722960
36 127.662 178.422 30.400 48.914 0.9963679314
37 0.212 318.048 32.745 51.847 0.9958296418
38 163.104 330.524 39.254 41.499 0.9834449887
39 464.065 336.959 40.877 33.052 0.9445186257
