0 305.579 267.492 55.749 82.473 0.9999568462
1 608.962 243.244 63.223 81.759 0.9999480247
2 213.598 121.465 49.220 70.055 0.9999307394
3 304.625 166.202 43.008 62.637 0.9998930693
4 128.153 40.625 45.075 72.550 0.9997627139
5 358.879 57.682 29.513 41.677 0.9997206330
6 392.425 41.489 27.235 33.252 0.9996954203
7 467.968 163.163 27.198 39.215 0.9996680021
8 7.194 0.037 58.663 61.982 0.9996544123
9 560.647 201.612 26.766 34.654 0.9996539354
10 345.875 18.756 29.465 34.661 0.9996322393
11 447.583 117.064 27.862 36.596 0.9996109605
12 716.699 267.951 43.294 58.057 0.9994753003
13 561.146 263.520 28.776 33.183 0.9994662404
14 403.122 80.918 28.705 37.504 0.9994124174
15 179.131 30.454 43.467 57.715 0.9993884563
16 303.157 59.042 25.654 34.235 0.9993262291
17 492.826 146.084 24.503 34.420 0.9990642667
18 521.798 271.901 24.703 47.006 0.9990468621
19 495.912 224.984 25.789 34.241 0.9989871383
20 798.218 297.829 27.311 38.448 0.9989830852
21 424.229 45.789 26.817 34.117 0.9989240766
22 536.384 162.568 23.861 32.507 0.9988075495
23 333.033 103.460 34.652 49.002 0.9986892343
24 164.872 216.302 57.953 94.371 0.9986377358
25 749.384 185.684 17.823 19.674 0.9983298182
26 510.449 191.748 27.524 37.319 0.9983041286
27 599.389 199.179 22.785 32.282 0.9982880950
28 485.300 112.576 26.487 32.223 0.9980875850
29 265.035 59.924 38.975 48.858 0.9977806211
30 385.946 129.816 27.863 48.932 0.9973412156
31 512.217 125.610 23.464 28.834 0.9969040751
32 778.305 187.912 17.850 22.127 0.9963298440
33 383.961 105.097 27.329 34.089 0.9962448478
34 867.260 316.422 23.046 27.085 0.9957405329
35 811.622 182.800 17.219 21.248 0.9956342578
36 535.443 90.402 23.818 27.391 0.9954071045
37 499.102 61.263 19.937 31.451 0.9951672554
38 851.863 174.098 14.765 17.777 0.9949015379
39 629.507 107.482 22.791 26.499 0.9946350455
40 823.466 240.843 19.665 22.577 0.9942237735
41 457.773 283.028 34.536 63.989 0.9941467047
42 759.843 150.368 18.285 22.885 0.9932869077
43 880.129 175.679 14.563 19.015 0.9925987720
44 689.390 158.859 20.298 24.183 0.9923664927
45 263.389 12.359 23.476 35.061 0.9922541380
46 720.885 172.736 20.203 24.272 0.9922310710
47 819.981 274.306 19.975 23.552 0.9921787977
48 748.583 238.608 22.527 28.143 0.9920633435
49 80.562 0.984 54.664 47.085 0.9917255640
50 794.457 239.733 17.842 23.420 0.9909261465
51 788.372 159.935 17.204 20.247 0.9908056855
52 587.808 113.784 21.853 26.110 0.9905783534
53 843.877 194.455 17.644 20.775 0.9903079867
54 560.336 105.038 20.881 26.511 0.9894968271
55 867.026 266.476 20.570 25.514 0.9894542694
56 711.735 147.203 17.841 20.581 0.9890889525
57 582.783 144.230 20.603 31.174 0.9887952805
58 728.783 137.405 17.499 23.538 0.9884904623
59 851.198 250.039 18.863 23.267 0.9881874919
60 666.725 135.287 18.832 23.161 0.9880824089
61 651.657 155.375 21.489 25.989 0.9870733023
62 871.936 203.641 16.466 21.165 0.9854736328
63 783.277 264.344 20.881 27.978 0.9850967526
64 723.592 225.887 21.046 26.522 0.9843116403
65 842.020 311.839 19.967 28.426 0.9835789204
66 352.458 305.955 34.864 65.093 0.9826611876
67 37.520 163.297 62.172 127.290 0.9822378755
68 256.708 93.175 37.745 63.100 0.9810782075
69 695.060 220.678 19.809 27.832 0.9805071354
70 770.685 233.011 17.323 24.124 0.9804915190
71 874.875 251.607 19.219 24.231 0.9800810814
72 698.582 268.232 19.014 22.783 0.9778388739
73 584.458 254.697 25.346 31.609 0.9758510590
74 410.177 225.082 38.212 53.171 0.9751689434
75 842.185 274.630 20.828 26.424 0.9632537365
76 441.404 290.050 32.621 66.501 0.9585863352
77 108.138 153.373 52.954 66.680 0.9507067800
78 610.419 182.190 17.893 26.356 0.9440195560
79 620.179 164.124 16.574 26.989 0.9424501061
80 602.819 164.326 20.812 22.216 0.9372922182
