0 105.230 188.547 51.164 66.354 0.9999617338
1 306.919 213.628 32.571 45.281 0.9999426603
2 246.017 74.967 34.773 38.911 0.9999202490
3 259.225 138.803 35.696 42.772 0.9999104738
4 172.541 62.091 39.204 45.014 0.9998778105
5 350.026 221.307 35.423 39.409 0.9998663664
6 412.835 165.075 48.065 78.809 0.9998561144
7 23.306 73.372 54.328 79.479 0.9997890592
8 273.348 12.695 29.292 32.556 0.9997629523
9 327.023 135.675 34.669 38.354 0.9997606874
10 290.843 55.050 29.342 34.221 0.9997108579
11 378.161 161.822 28.826 33.289 0.9996924400
12 126.859 107.148 39.397 56.908 0.9995451570
13 355.186 110.112 30.165 33.989 0.9994895458
14 205.151 125.918 30.163 39.755 0.9993153811
15 236.753 -0.851 29.574 27.448 0.9988756776
16 277.999 200.211 31.859 49.615 0.9988493919
17 401.259 221.849 28.096 33.782 0.9988288283
18 322.562 28.982 25.392 28.699 0.9986201525
19 357.443 39.898 24.882 27.749 0.9981453419
20 619.054 176.294 23.431 25.974 0.9964602590
21 499.413 134.898 23.900 27.042 0.9961524606
22 653.184 187.013 20.317 22.743 0.9960888624
23 713.587 163.533 19.619 21.942 0.9960842133
24 90.684 35.898 42.636 50.199 0.9957829714
25 631.889 106.087 16.353 18.573 0.9950944185
26 400.096 36.994 22.949 27.062 0.9949243069
27 236.578 43.643 28.104 30.875 0.9949042797
28 553.223 58.329 18.711 21.944 0.9946501851
29 428.820 38.081 20.784 23.714 0.9943540096
30 422.356 88.073 22.917 25.424 0.9941054583
31 335.357 64.371 24.765 26.550 0.9937579632
32 529.392 210.864 34.512 42.476 0.9936534166
33 678.359 121.976 17.582 20.315 0.9934537411
34 766.435 227.658 19.008 20.777 0.9932554960
35 741.795 217.924 22.427 23.322 0.9924271107
36 189.016 171.907 35.642 54.619 0.9912948012
37 603.444 144.212 20.691 23.837 0.9909908772
38 695.393 186.768 20.007 22.160 0.9907299876
39 681.071 163.941 17.511 19.913 0.9907290339
40 399.331 123.819 24.557 27.408 0.9906065464
41 635.455 226.093 21.315 23.382 0.9896926284
42 593.154 185.013 19.297 21.658 0.9884917736
43 169.846 21.738 31.255 34.208 0.9882246256
44 519.155 99.217 21.007 23.881 0.9882044792
45 536.994 136.258 21.706 24.671 0.9871434569
46 642.348 120.462 19.108 20.359 0.9859888554
47 648.648 76.326 16.237 18.979 0.9858304858
48 705.534 221.059 22.196 24.932 0.9847586155
49 570.221 147.265 20.360 23.214 0.9837824702
50 620.308 70.235 15.632 17.281 0.9829588532
51 669.965 219.820 21.853 25.149 0.9823434353
52 489.400 102.526 22.948 22.643 0.9819846749
53 512.719 71.492 21.883 25.479 0.9809485674
54 604.264 219.191 22.246 24.999 0.9799981713
55 471.589 49.827 21.882 24.228 0.9789676070
56 647.604 154.430 18.489 21.179 0.9785595536
57 575.430 223.262 20.894 26.557 0.9772615433
58 590.530 85.656 18.860 21.961 0.9758043885
59 562.761 113.559 19.520 23.487 0.9641029835
60 454.890 87.989 23.095 23.706 0.9625898004
61 441.837 63.022 21.153 22.610 0.9597002864
62 474.604 134.645 21.979 28.275 0.9355093837
63 -0.179 42.621 32.017 39.561 0.9344358444
64 384.038 89.106 20.777 23.342 0.9240614772
65 515.098 172.018 22.163 26.696 0.9211792350
