0 724.127 156.594 33.549 41.462 0.9999638796
1 604.202 206.441 32.627 40.233 0.9999634027
2 436.912 112.806 66.648 91.322 0.9999617338
3 341.393 215.785 34.158 43.850 0.9998924732
4 228.088 172.006 29.576 41.525 0.9998658895
5 683.711 187.392 38.844 49.589 0.9998176694
6 397.354 146.472 45.869 60.114 0.9998126626
7 180.797 153.738 47.943 85.387 0.9997360110
8 269.975 197.507 27.522 41.294 0.9992458820
9 91.313 177.761 50.338 81.863 0.9982094765
10 168.375 105.746 52.453 101.468 0.9924299121
11 640.931 209.669 17.761 23.148 0.9791329503
