0 668.000 162.112 30.764 37.025 0.9999557734
1 275.650 165.203 28.940 37.543 0.9999054670
2 448.609 161.565 28.577 33.906 0.9999048710
3 402.691 160.444 30.871 38.490 0.9998791218
4 760.639 150.806 29.603 38.272 0.9996352196
5 144.550 173.680 28.149 36.880 0.9996005893
6 400.463 88.067 25.741 34.000 0.9995768666
7 322.773 90.692 25.363 30.927 0.9993985891
8 531.023 165.315 23.971 33.660 0.9991872907
9 170.692 162.307 23.325 32.506 0.9984984398
10 358.343 180.201 23.976 27.861 0.9973000884
11 31.095 179.122 23.321 29.367 0.9964963794
12 503.495 91.891 22.679 28.052 0.9948522449
13 670.714 94.471 21.098 28.577 0.9944950938
14 63.307 187.906 25.121 26.971 0.9925981760
