0 170.053 59.572 35.174 41.848 0.9999603033
1 341.709 77.816 30.643 40.921 0.9997735620
2 418.799 80.877 24.616 28.270 0.9975010753
3 451.946 81.115 23.925 28.326 0.9956302643
4 370.165 86.478 22.188 26.937 0.9943442345
5 243.059 102.790 17.797 21.765 0.9913277030
6 507.324 74.276 23.773 27.943 0.9912155867
7 265.980 101.729 17.284 23.402 0.9911001325
8 393.993 84.780 22.067 27.745 0.9862793684
9 478.516 73.983 23.405 28.228 0.9807695150
10 282.288 97.895 20.026 24.390 0.9767350554
11 114.901 121.426 11.537 14.422 0.9628380537
12 302.807 96.277 19.862 24.589 0.9592841268
13 70.836 124.471 10.417 14.182 0.9454259872
