0 610.221 90.749 25.583 29.753 0.9996380806
1 93.499 396.765 25.482 37.390 0.9993696809
2 725.181 85.843 25.024 29.896 0.9993366599
3 620.518 425.028 24.280 36.342 0.9985063672
4 247.190 38.828 24.908 29.093 0.9974639416
5 46.636 158.486 22.088 28.725 0.9962084293
6 29.707 8.231 18.030 25.063 0.9931184053
7 88.920 9.012 19.811 26.175 0.9912222624
8 907.868 111.885 19.663 25.364 0.9869526625
9 863.054 149.650 20.942 26.123 0.9843460917
10 288.074 253.494 19.820 29.980 0.9828017354
11 496.983 532.166 23.095 37.398 0.9634584188
12 930.869 172.557 21.036 34.767 0.9625928998
13 642.387 388.361 20.739 33.547 0.9540798664
14 146.502 58.911 20.121 24.825 0.9518010616
15 479.788 86.270 23.528 28.205 0.9403352141
16 158.392 332.406 18.835 35.406 0.9337565303
17 388.468 87.892 21.642 25.131 0.9244580269
