0 491.198 231.749 30.869 34.552 0.9999390841
1 345.909 229.528 34.169 41.437 0.9999388456
2 558.078 253.762 15.452 16.847 0.9981091022
3 450.526 253.049 16.038 16.811 0.9979723096
4 398.481 254.106 15.115 15.980 0.9963356256
5 680.006 292.260 22.823 27.429 0.9960958362
6 184.505 255.016 14.261 15.794 0.9958537817
7 236.413 255.362 14.400 15.360 0.9952932000
8 291.760 255.937 14.478 15.857 0.9949561954
9 165.954 259.492 13.801 15.423 0.9940246940
10 148.022 257.705 12.964 14.350 0.9938296676
11 45.985 256.971 14.709 15.709 0.9938068986
12 216.964 258.321 14.940 16.681 0.9929474592
13 200.938 257.057 14.533 16.740 0.9926111102
14 266.702 258.068 13.056 14.483 0.9920672178
15 20.448 256.780 15.474 16.695 0.9909845591
16 128.992 256.586 15.018 16.054 0.9907283783
17 596.359 259.001 15.187 19.600 0.9904772043
18 73.714 256.603 16.729 17.500 0.9901733398
19 637.829 285.011 20.532 26.460 0.9878600240
20 117.237 257.930 13.165 15.330 0.9869017005
21 97.164 257.327 14.558 15.480 0.9855228662
22 251.447 255.513 13.385 17.061 0.9853231907
23 306.334 256.574 11.846 14.983 0.9635462761
24 421.974 256.013 14.001 15.962 0.9445381761
