0 385.260 173.551 33.612 40.991 0.9999138117
1 716.449 222.972 30.412 39.392 0.9999121428
2 814.323 233.823 32.001 40.585 0.9998791218
3 493.508 198.469 24.397 27.713 0.9991067052
4 45.230 276.510 72.329 98.148 0.9985427856
5 617.573 233.171 24.823 32.356 0.9981625676
6 449.966 219.218 25.066 26.805 0.9979950190
7 160.413 207.134 37.150 48.178 0.9973776340
8 306.457 194.235 22.392 36.429 0.9957183003
9 533.392 193.363 21.155 25.459 0.9921206236
10 138.417 267.543 34.116 56.549 0.9848485589
11 809.159 347.822 62.298 120.496 0.9646262527
