0 22.612 152.413 63.848 73.401 0.9999889135
1 348.065 154.833 63.644 78.551 0.9999784231
2 191.145 178.963 52.737 60.831 0.9999611378
3 503.922 170.757 51.459 59.348 0.9999442101
4 811.690 221.578 32.088 35.472 0.9998867512
5 767.176 216.078 36.862 42.256 0.9998815060
6 590.168 196.086 48.990 51.658 0.9997288585
7 722.341 210.383 42.078 44.100 0.9996932745
8 847.536 223.734 28.504 34.637 0.9992859960
9 884.161 229.811 29.133 32.223 0.9992426634
10 662.141 200.653 44.539 49.856 0.9986377358
11 552.022 233.231 28.854 35.663 0.9944017529
12 406.023 213.077 36.198 44.189 0.9798851013
13 915.678 237.108 18.147 25.048 0.9780950546
14 578.626 295.609 21.160 23.213 0.9291023612
