0 173.950 48.012 10.561 13.135 0.9852163792
1 17.382 36.058 9.339 11.517 0.9827379584
2 190.043 32.739 9.740 11.889 0.9797106385
3 108.783 44.667 10.610 13.491 0.9791365862
4 142.798 43.684 11.089 14.052 0.9751959443
5 75.537 31.781 9.107 11.137 0.9626904130
6 71.608 50.339 9.891 12.699 0.9597827792
7 160.727 35.749 9.164 10.942 0.9587658644
8 106.005 31.142 9.340 11.476 0.9533177614
9 40.004 47.716 9.588 11.587 0.9498649836
10 132.208 35.172 8.743 10.533 0.9445525408
11 48.327 40.714 8.838 10.907 0.9369421601
12 10.811 49.233 11.054 12.675 0.9328474402
