0 331.903 88.288 23.066 27.125 0.9988120794
1 520.949 98.589 18.812 23.672 0.9951139092
2 108.426 102.394 15.150 18.321 0.9950061440
3 225.267 83.237 19.014 22.513 0.9946455956
4 195.597 95.101 21.310 25.000 0.9941728711
5 71.486 97.070 21.517 24.302 0.9934465289
6 295.692 89.807 18.528 23.102 0.9930226803
7 411.112 108.831 20.101 21.811 0.9927716851
8 100.863 146.209 27.066 45.293 0.9865510464
9 452.269 84.885 20.334 24.987 0.9864730835
10 22.904 96.264 13.381 17.404 0.9849414229
11 0.392 91.178 15.916 23.927 0.9747120738
12 118.229 83.717 12.117 15.241 0.9711902142
