0 198.976 79.485 27.220 32.526 0.9993816614
1 47.213 62.858 27.577 29.890 0.9993533492
2 334.605 83.297 25.658 34.101 0.9992836118
3 480.222 71.731 26.277 31.137 0.9980542660
4 396.082 76.434 23.826 28.089 0.9972448349
5 299.419 88.997 16.073 18.602 0.9955605268
6 314.686 91.868 15.828 18.625 0.9913787842
7 281.032 87.561 16.186 19.413 0.9900327921
8 425.031 76.100 20.939 24.861 0.9838377833
9 359.856 80.440 20.931 25.903 0.9785557985
10 449.490 72.970 21.451 26.023 0.9644966125
11 510.933 91.054 10.309 13.720 0.9068238139
