0 10.517 15.169 18.611 22.279 0.9889468551
1 111.935 37.015 11.609 12.920 0.9716371298
2 102.706 47.797 10.001 12.752 0.9712914228
3 103.954 86.349 15.077 20.347 0.9702924490
4 344.902 95.099 8.713 10.523 0.9659332633
5 170.482 53.138 11.051 12.419 0.9607704878
6 186.663 73.365 18.837 25.475 0.9543799162
7 362.402 90.779 9.677 11.632 0.9508013129
8 42.035 22.021 15.224 17.759 0.9469918609
9 241.747 88.412 17.147 19.905 0.9468272328
10 105.253 22.009 11.356 13.267 0.9395746589
11 84.776 10.608 15.280 17.558 0.9309430718
12 76.904 36.848 15.677 18.032 0.9065932035
