0 516.693 144.399 10.363 13.098 0.9824601412
1 306.565 161.558 10.104 12.879 0.9815717340
2 153.035 155.368 9.476 11.843 0.9812761545
3 390.171 142.967 10.190 12.743 0.9807074666
4 181.059 158.865 10.819 13.039 0.9792386889
5 398.632 159.664 10.753 13.503 0.9778724909
6 543.785 163.917 10.592 13.068 0.9725970626
7 146.754 171.744 9.603 11.889 0.9711320996
8 296.491 149.890 9.208 10.898 0.9620475173
9 116.055 163.945 10.823 12.861 0.9601979256
10 267.522 150.698 9.170 10.763 0.9546849132
11 473.050 145.852 9.542 11.650 0.9524447918
12 347.383 162.676 10.114 12.610 0.9519472718
13 262.949 160.091 10.859 12.850 0.9504523873
14 454.921 161.601 11.836 14.719 0.9479315281
15 348.060 139.402 10.202 12.451 0.9427635074
16 219.696 145.901 9.165 11.172 0.9372689724
17 498.539 158.946 10.953 12.936 0.9272589684
