0 15.766 167.548 38.128 41.818 0.9999655485
1 401.959 118.086 36.657 49.339 0.9999126196
2 8.646 114.730 32.329 38.134 0.9998977184
3 124.716 163.847 29.407 34.480 0.9998385906
4 91.180 167.434 29.535 35.827 0.9997610450
5 295.207 137.768 27.367 32.178 0.9997120500
6 179.022 107.485 28.035 29.873 0.9995984435
7 229.981 100.060 43.556 51.638 0.9988750815
8 97.037 117.455 24.284 27.987 0.9973689318
9 347.874 76.834 15.332 20.972 0.9946951270
10 31.760 101.142 22.887 27.022 0.9944110513
11 374.654 73.512 13.894 17.058 0.9941129088
12 335.061 95.667 16.354 18.443 0.9932805896
13 131.630 97.479 18.889 22.782 0.9931208491
14 313.521 83.204 13.566 17.435 0.9926203489
15 395.316 77.357 12.476 16.225 0.9926141500
16 286.139 115.233 23.519 26.385 0.9903698564
17 161.297 89.022 13.864 17.442 0.9892170429
18 423.320 85.477 19.259 23.973 0.9867247343
19 324.180 127.553 31.256 60.156 0.9840154648
20 177.244 87.865 13.108 14.511 0.9836006761
21 195.385 87.492 15.091 19.110 0.9786083102
22 117.926 94.047 16.246 21.845 0.9782425761
23 214.391 89.648 11.845 14.944 0.9697074890
24 257.673 75.211 11.263 14.260 0.9660767913
25 408.026 77.745 9.790 12.594 0.9556143284
26 40.947 81.850 11.797 17.477 0.9487967491
27 472.073 73.870 16.049 22.072 0.9420346022
28 273.637 91.441 13.622 19.874 0.9376826286
29 331.740 80.128 11.127 12.844 0.9145336151
