0 99.415 64.816 38.782 45.323 0.9996274710
1 278.770 91.770 25.778 36.538 0.9995430708
2 394.560 79.212 28.500 45.997 0.9986875653
3 75.896 90.104 24.532 29.102 0.9977632761
4 166.359 98.058 15.611 19.061 0.9918376803
5 39.751 105.320 16.842 20.577 0.9889222383
6 211.070 87.141 18.511 23.873 0.9826638103
7 324.617 105.601 10.183 13.646 0.9748669267
8 251.884 100.824 11.026 15.786 0.9741709232
9 451.321 91.357 12.508 17.034 0.9733191729
10 56.691 107.111 18.489 21.618 0.9573932886
11 142.400 103.717 12.217 15.097 0.9445922971
12 425.753 103.513 12.836 22.439 0.9141423702
