0 489.469 129.345 28.753 32.407 0.9997099042
1 625.825 147.839 24.922 31.208 0.9995647073
2 90.920 190.750 30.072 36.012 0.9994773269
3 681.607 120.416 23.953 29.361 0.9987363219
4 734.290 76.511 15.715 20.263 0.9985003471
5 303.969 211.154 31.383 37.041 0.9976394176
6 709.843 83.538 17.194 21.323 0.9975347519
7 780.487 111.471 18.857 23.747 0.9967026114
8 361.694 86.558 16.099 21.998 0.9966585636
9 786.924 73.709 13.951 19.541 0.9946467280
10 203.341 76.490 17.896 21.937 0.9938556552
11 535.569 102.168 20.691 28.114 0.9930669069
12 19.094 137.663 22.965 27.144 0.9906610847
13 604.748 98.685 21.740 26.440 0.9895063043
14 664.782 92.434 18.852 23.628 0.9877414703
15 560.456 58.828 10.683 14.654 0.9860808849
16 501.236 64.705 12.104 16.425 0.9856057763
17 409.952 84.117 15.018 19.597 0.9854267836
18 250.697 67.136 16.586 20.421 0.9837317467
19 700.057 54.758 10.894 14.359 0.9837095737
20 649.010 51.973 10.741 14.300 0.9811247587
21 661.826 54.335 9.776 12.933 0.9806488752
22 134.354 107.960 18.499 27.100 0.9780519605
23 758.422 120.374 19.567 25.496 0.9774360061
24 635.730 55.161 11.148 14.933 0.9749038815
25 307.495 82.658 13.165 16.641 0.9747360945
26 717.821 138.645 19.981 25.075 0.9743072391
27 585.108 59.438 10.573 14.557 0.9680368900
28 367.915 77.779 13.524 18.300 0.9639374614
29 449.037 52.661 13.547 17.687 0.9601297975
30 342.040 85.021 13.137 18.872 0.9483553767
31 455.660 79.622 11.855 15.879 0.9463919401
32 490.076 70.992 12.078 16.976 0.9351961017
33 554.434 64.218 9.898 13.501 0.9248930812
34 523.830 66.031 13.291 16.712 0.9190040231
