0 47.858 118.144 26.660 35.026 0.9990144968
1 253.675 74.432 23.613 30.744 0.9975857735
2 183.256 99.187 15.565 20.171 0.9970664382
3 351.315 83.369 16.461 19.866 0.9934070110
4 56.801 84.156 21.458 27.276 0.9882979989
5 167.198 105.393 11.826 15.608 0.9840887785
6 101.364 116.760 20.401 26.553 0.9754702449
7 -0.982 81.780 21.451 33.900 0.9671425819
8 134.733 95.258 13.518 15.413 0.9618155360
9 336.825 97.806 11.172 13.849 0.9599842429
10 242.575 94.071 9.422 11.911 0.9586479664
11 142.014 113.999 15.853 18.434 0.9566965103
12 291.456 94.544 9.538 12.032 0.9443976283
