0 845.448 244.676 26.598 42.929 0.9995121956
1 759.246 228.384 23.036 34.204 0.9990468621
2 141.357 229.751 24.390 42.031 0.9982119799
3 563.417 209.486 13.946 16.371 0.9936001301
4 177.718 237.293 21.465 33.510 0.9907138348
5 511.609 204.364 15.958 20.192 0.9904336929
6 199.379 227.035 21.622 31.100 0.9828328490
7 1.290 261.595 35.514 60.441 0.9820636511
8 213.520 214.259 20.507 30.405 0.9705967903
9 676.341 222.396 15.590 25.328 0.9648866653
10 704.386 216.317 19.098 30.229 0.9634519815
11 363.764 208.028 17.095 23.177 0.9595999718
