0 296.508 133.015 25.285 34.271 0.9995611310
1 148.179 122.133 25.723 31.894 0.9992401600
2 417.254 139.520 19.418 24.075 0.9960110188
3 171.246 59.876 15.374 18.979 0.9958190918
4 188.222 60.815 15.965 19.854 0.9951002002
5 295.923 109.317 15.884 19.393 0.9949723482
6 147.168 71.844 15.045 18.266 0.9940149188
7 471.657 97.039 17.704 22.787 0.9907439351
8 336.930 10.534 13.331 15.454 0.9831137657
9 454.068 140.910 21.059 26.259 0.9829720855
10 291.980 8.507 14.953 16.818 0.9808494449
11 332.303 114.403 17.947 24.284 0.9798792601
12 224.497 5.439 14.327 18.132 0.9768744111
13 280.010 82.929 16.706 22.196 0.9765434861
14 135.608 3.498 14.987 17.701 0.9762828350
15 463.408 7.219 14.876 17.040 0.9761884809
16 394.312 128.187 19.805 25.059 0.9609656334
17 259.953 7.010 12.320 14.885 0.9552337527
18 205.265 8.896 15.469 19.254 0.9548152685
19 102.138 0.994 12.030 15.763 0.9404901862
20 284.443 109.461 12.611 17.820 0.9251545072
