0 27.699 178.753 52.736 68.904 0.9999917746
1 323.317 164.289 56.421 72.120 0.9999912977
2 390.855 151.694 74.857 88.490 0.9999849796
3 588.232 203.155 51.282 61.127 0.9999808073
4 710.938 171.800 49.362 57.681 0.9999613762
5 145.375 204.049 54.619 94.499 0.9998859167
6 751.072 202.370 30.948 41.789 0.9998372793
7 641.272 200.703 27.526 35.477 0.9998009801
8 211.633 167.189 33.237 43.903 0.9997161031
9 497.869 149.717 42.388 50.762 0.9978225231
10 779.257 204.905 22.239 38.639 0.9906406403
11 563.671 210.476 18.533 19.832 0.9825670123
12 536.387 199.497 16.373 18.975 0.9673538208
