0 713.822 246.767 36.782 39.827 0.9999858141
1 628.986 269.210 33.092 41.126 0.9999790192
2 4.504 223.198 55.501 69.805 0.9999785423
3 800.402 233.889 39.768 43.972 0.9999613762
4 893.565 271.255 41.180 45.298 0.9999558926
5 586.551 303.479 33.126 40.047 0.9999527931
6 240.360 269.297 34.273 38.912 0.9999350309
7 98.650 224.908 48.083 54.110 0.9999179840
8 457.012 254.400 35.654 45.837 0.9999163151
9 305.213 267.859 40.603 45.044 0.9999064207
10 530.143 306.821 30.658 38.256 0.9998799562
11 855.661 245.116 37.911 41.883 0.9998655319
12 404.395 281.795 29.040 36.181 0.9998538494
13 370.048 274.415 37.025 45.613 0.9998134971
14 669.534 267.569 37.322 44.746 0.9997861981
15 502.047 281.172 26.474 33.178 0.9993366599
16 135.894 263.738 38.311 49.160 0.9990234375
17 202.026 265.471 41.334 50.237 0.9987185001
18 768.561 264.045 21.991 29.298 0.9981214404
19 269.850 296.204 21.211 27.038 0.9832126498
20 171.116 287.710 21.631 26.821 0.9830414057
21 437.127 281.508 20.902 26.046 0.9674913883
22 896.563 238.104 22.656 25.974 0.9485375285
