0 257.461 98.336 49.704 62.258 0.9999703169
1 168.649 125.759 39.455 43.900 0.9999557734
2 102.362 95.802 50.381 54.161 0.9999376535
3 350.412 138.647 37.811 41.770 0.9999316931
4 436.018 91.603 53.636 69.550 0.9999022484
5 400.390 100.330 38.703 51.307 0.9998449087
6 504.054 103.182 26.293 31.692 0.9994675517
7 84.684 118.876 29.699 41.453 0.9985999465
8 42.600 114.902 24.887 26.760 0.9974989295
9 -1.693 82.036 44.113 61.150 0.9947066903
10 374.282 92.623 23.173 25.482 0.9918932915
11 227.298 109.937 23.462 25.240 0.9918898940
12 203.873 95.944 22.110 23.186 0.9911214113
13 232.509 72.460 17.690 20.178 0.9885603786
14 328.480 89.074 20.500 22.992 0.9873244762
15 343.562 8.521 11.219 13.907 0.9872426987
16 320.325 56.998 11.113 13.734 0.9838040471
17 45.666 83.057 20.559 20.546 0.9832246304
18 330.984 32.643 11.054 14.117 0.9830784202
19 362.918 74.681 18.098 23.665 0.9782128930
20 307.157 38.799 9.572 12.003 0.9731596708
21 330.062 18.142 9.672 11.612 0.9710642099
22 319.922 25.371 8.951 10.963 0.9604505897
23 256.826 26.382 9.153 11.454 0.9394401908
24 364.614 19.903 9.166 11.434 0.9233934283
