0 15.075 208.505 103.629 121.720 0.9999992847
1 351.286 217.421 108.914 138.023 0.9999985695
2 559.746 307.664 79.286 89.508 0.9999818802
3 285.101 246.304 52.425 51.797 0.9998518229
4 293.327 160.650 42.391 46.037 0.9998481274
5 160.435 276.268 83.003 99.275 0.9998244643
6 507.910 198.518 46.380 51.652 0.9993178844
7 541.622 22.741 25.952 28.641 0.9990662932
8 489.569 129.201 25.201 29.076 0.9988406301
9 608.951 209.442 30.733 48.602 0.9987655878
10 581.640 163.817 44.761 53.077 0.9987628460
11 513.070 75.680 24.698 27.374 0.9978610873
12 234.727 216.949 44.311 48.937 0.9972438812
13 489.015 59.033 19.840 22.673 0.9925923347
14 586.620 48.686 20.424 23.968 0.9871293902
15 510.222 41.426 23.304 24.465 0.9857191443
16 460.404 88.452 21.433 24.692 0.9854490161
17 406.271 57.995 19.743 23.611 0.9831802845
18 151.402 229.144 36.340 41.931 0.9770576954
19 169.215 179.030 35.985 39.665 0.9700214863
20 350.391 61.536 21.002 23.503 0.9633529782
21 519.505 152.694 40.582 41.503 0.9254450798
