0 107.971 22.837 29.956 35.590 0.9998767376
1 230.070 37.830 35.386 42.838 0.9998534918
2 376.232 65.173 30.581 41.113 0.9998146892
3 292.205 59.483 29.709 36.196 0.9997523427
4 531.675 72.441 30.025 31.014 0.9997376800
5 130.751 69.011 29.833 32.069 0.9996154308
6 347.488 76.333 26.050 32.085 0.9990586638
7 412.349 85.138 26.392 30.964 0.9987194538
8 59.589 48.907 16.993 22.179 0.9834991097
9 33.662 49.896 16.608 21.210 0.9785284996
10 436.812 54.291 9.769 12.208 0.9753891230
11 558.271 37.145 8.183 11.552 0.9396333694
12 80.363 43.757 15.988 21.769 0.9366224408
13 12.970 51.394 18.436 23.185 0.9243496656
14 276.554 62.491 8.856 11.161 0.9120098948
15 553.659 36.054 8.961 12.317 0.9094673991
16 410.572 60.887 9.240 10.631 0.9016633630
