0 491.096 66.165 33.775 36.577 0.9999669790
1 31.898 79.739 32.503 34.782 0.9998576641
2 263.726 59.211 35.945 43.663 0.9997659326
3 72.446 102.567 19.168 21.155 0.9954189062
4 202.968 102.785 17.326 19.537 0.9943441153
5 151.672 102.772 16.018 20.949 0.9941068888
6 119.412 107.593 16.547 18.019 0.9931855202
7 376.195 91.627 22.675 24.700 0.9879162312
8 3.184 107.060 20.329 21.592 0.9872423410
9 170.020 94.274 22.990 25.213 0.9869049191
10 453.742 95.618 14.457 16.379 0.9859725237
11 304.360 87.168 21.396 24.063 0.9858719707
12 349.927 97.837 12.917 13.718 0.9485440850
13 238.009 94.360 15.597 19.020 0.9421318173
14 252.335 85.239 14.638 21.270 0.9001174569
