0 447.478 250.059 32.476 39.581 0.9999430180
1 362.923 256.954 28.351 36.046 0.9998216033
2 423.410 70.885 37.254 48.689 0.9995043278
3 225.134 73.422 38.456 39.222 0.9994290471
4 339.508 55.437 35.130 48.542 0.9992709756
5 507.731 47.375 32.441 43.335 0.9992375374
6 -0.710 31.022 28.799 48.478 0.9979485869
7 514.998 118.470 25.738 39.765 0.9978410006
8 483.109 252.923 25.572 34.616 0.9977890253
9 488.460 126.827 25.079 39.981 0.9967021346
10 437.079 159.190 29.051 36.286 0.9964936376
11 86.434 96.386 24.114 38.344 0.9946761131
12 321.551 67.618 24.665 39.300 0.9857792854
