0 463.199 202.380 50.084 61.572 0.9999855757
1 111.365 200.953 54.391 64.945 0.9999839067
2 783.904 205.567 48.532 57.579 0.9999656677
3 49.902 213.649 50.992 58.231 0.9999582767
4 299.248 251.526 51.690 54.858 0.9999341965
5 223.499 243.721 45.611 57.516 0.9998146892
6 348.262 225.109 43.003 52.685 0.9997566342
7 181.929 208.921 39.128 48.244 0.9997196794
8 847.565 253.180 31.385 35.052 0.9995003939
9 595.918 253.048 40.151 46.027 0.9994283319
10 640.029 234.538 47.107 48.196 0.9992567897
11 150.660 237.266 39.306 53.811 0.9989802241
12 535.219 272.035 25.184 32.257 0.9989381433
13 723.781 235.596 43.352 47.806 0.9987302423
14 220.459 221.919 26.128 37.836 0.9407446980
