0 216.485 113.655 64.375 81.219 0.9999976158
1 543.154 164.373 62.010 74.287 0.9999947548
2 717.927 144.981 48.172 51.762 0.9998501539
3 886.327 127.595 47.604 58.684 0.9998165965
4 74.290 266.194 29.705 37.969 0.9996159077
5 793.675 129.513 43.691 54.708 0.9995384216
6 105.365 260.442 31.612 37.884 0.9995369911
7 634.611 158.128 46.205 48.575 0.9995203018
8 375.335 206.316 40.455 50.179 0.9995193481
9 11.613 273.733 26.477 34.069 0.9995037317
10 487.759 182.062 38.683 47.407 0.9992571473
11 862.861 163.475 40.905 50.303 0.9992430210
12 38.311 271.487 27.357 33.193 0.9991683960
13 434.930 194.732 37.792 46.418 0.9989985824
14 318.542 219.762 31.494 38.490 0.9935198426
15 783.842 181.471 34.019 41.169 0.9829254150
