0 31.932 230.212 42.183 62.993 0.9998451471
1 84.423 175.987 25.748 37.364 0.9994852543
2 394.057 179.150 25.942 35.863 0.9991911054
3 403.581 109.824 15.023 19.881 0.9951915741
4 272.578 114.171 13.169 17.945 0.9946156144
5 427.448 215.206 24.325 37.569 0.9935989380
6 129.829 172.304 20.556 29.056 0.9924365878
7 473.044 239.381 37.673 58.260 0.9915779829
8 120.556 113.821 15.413 19.670 0.9861891866
9 406.701 56.786 11.451 15.486 0.9805818200
10 153.753 103.689 13.755 18.542 0.9801213741
11 146.547 65.658 10.051 13.040 0.9728055000
12 18.382 104.054 16.277 30.152 0.9659210443
13 279.188 9.415 11.563 14.503 0.9639543295
14 193.867 164.520 14.229 17.499 0.9632844925
15 368.794 164.096 15.197 25.445 0.9121162295
