0 169.764 172.125 65.443 84.436 0.9999849796
1 17.112 122.605 58.828 76.068 0.9999842644
2 249.501 168.360 55.104 70.996 0.9999842644
3 654.431 188.620 34.506 37.689 0.9999246597
4 715.513 184.425 52.825 51.948 0.9999049902
5 447.185 106.693 73.025 101.663 0.9996935129
6 355.551 197.596 31.935 35.708 0.9994177818
7 774.594 211.828 27.440 32.068 0.9992111921
8 340.014 131.230 31.088 49.388 0.9991543293
9 95.975 115.614 41.793 52.569 0.9985040426
10 310.207 174.857 41.019 55.729 0.9978144169
11 580.667 184.487 26.846 32.615 0.9974671602
12 377.875 185.816 24.757 34.028 0.9835545421
13 436.997 188.273 22.969 28.479 0.9191860557
