0 476.108 176.653 36.665 49.977 0.9994743466
1 13.004 156.130 14.408 16.003 0.9901151657
2 120.002 151.791 10.976 13.806 0.9841996431
3 70.318 155.462 12.194 15.037 0.9641143680
4 355.452 154.712 9.605 11.544 0.9616324306
5 320.144 152.852 8.336 10.849 0.9615426660
6 165.579 158.599 9.677 11.500 0.9590699673
7 52.032 146.387 8.974 11.082 0.9542562366
8 462.775 152.694 9.822 12.029 0.9360441566
9 409.124 160.024 9.521 11.360 0.9294479489
10 393.507 150.407 7.497 9.541 0.9282582998
11 26.870 147.233 9.119 10.855 0.9282549024
12 45.622 146.644 8.157 10.265 0.9178452492
13 212.166 155.694 8.754 11.190 0.9110739827
14 283.233 155.422 8.592 10.546 0.9096445441
15 314.050 150.123 7.661 9.668 0.9087369442
