0 382.857 188.960 15.481 20.237 0.9972570539
1 117.085 192.388 14.594 18.685 0.9968025684
2 274.765 189.742 17.314 20.597 0.9967991114
3 472.974 158.708 14.243 17.887 0.9958315492
4 519.570 183.709 17.021 20.982 0.9951358438
5 338.561 189.613 14.961 18.867 0.9950115681
6 44.865 194.100 18.688 21.055 0.9946950078
7 331.356 156.396 13.180 16.922 0.9940564632
8 216.525 188.597 14.698 17.962 0.9940515161
9 165.136 192.853 14.900 18.475 0.9938811064
10 423.979 160.475 13.849 17.486 0.9936484694
11 275.561 163.076 13.617 16.463 0.9927975535
12 685.192 189.873 14.531 19.186 0.9923406839
13 215.054 154.874 13.496 16.275 0.9921172261
14 581.232 191.042 14.667 19.023 0.9920011759
15 551.014 170.100 13.334 16.655 0.9919652939
16 453.041 184.221 15.539 19.114 0.9907534122
17 636.613 182.628 16.233 20.208 0.9894356728
18 509.576 172.511 12.666 16.012 0.9859845638
19 733.217 192.865 15.763 19.024 0.9828308821
