0 487.786 177.170 49.093 48.766 0.9997512698
1 610.978 194.632 27.355 32.686 0.9996970892
2 526.497 190.503 27.697 35.867 0.9978331923
3 141.186 196.177 15.263 19.083 0.9926753640
4 418.755 172.934 21.832 27.094 0.9904124141
5 212.067 188.473 17.133 22.162 0.9878960848
6 253.345 184.060 17.131 21.962 0.9873276353
7 355.852 193.905 20.521 26.434 0.9873225093
8 742.049 176.329 19.975 29.265 0.9870232344
9 4.204 202.438 9.882 12.129 0.9740163684
10 318.221 198.975 12.600 19.679 0.9732339382
11 158.413 196.486 11.407 15.695 0.9715007544
12 259.838 202.479 16.371 22.074 0.9693365097
13 113.295 201.380 9.819 12.460 0.9537561536
14 99.028 210.193 12.731 14.270 0.9471700788
15 77.642 199.013 9.059 11.253 0.9303273559
