0 530.613 187.557 15.089 19.061 0.9957139492
1 509.983 197.978 17.782 19.594 0.9939623475
2 356.804 197.224 18.024 20.594 0.9936360121
3 379.837 198.832 15.658 18.827 0.9924578667
4 458.150 182.167 18.800 20.236 0.9921075702
5 394.526 195.218 19.563 22.496 0.9916024804
6 302.233 191.146 23.037 25.282 0.9911431074
7 79.710 204.226 19.335 22.882 0.9903343320
8 266.938 182.025 19.416 21.931 0.9788903594
9 215.378 200.300 21.276 24.899 0.9725655317
10 164.674 181.051 21.964 25.231 0.9498313069
11 330.942 200.788 19.745 21.998 0.9215429425
12 429.478 191.815 21.097 24.427 0.9171627164
