0 556.913 280.902 61.152 89.830 0.9999846220
1 16.793 228.420 60.772 77.112 0.9999814034
2 685.031 246.507 51.796 58.591 0.9999778271
3 354.282 222.742 67.365 92.439 0.9999709129
4 112.670 271.721 31.326 40.376 0.9999307394
5 446.766 275.175 31.367 41.906 0.9998997450
6 229.349 301.560 35.859 46.068 0.9998291731
7 781.619 299.868 36.142 44.836 0.9998124242
8 5.165 267.998 32.792 42.415 0.9994606376
9 499.100 306.288 38.518 46.579 0.9993627667
10 76.649 263.760 32.039 43.259 0.9983964562
11 764.950 318.693 22.816 26.231 0.9908147454
12 824.652 287.017 43.323 42.937 0.9769107103
13 317.026 266.885 43.054 57.264 0.9628109932
