0 36.028 64.921 13.658 17.352 0.9918227792
1 232.897 80.045 19.918 22.344 0.9902026653
2 56.553 43.207 11.294 14.418 0.9876112342
3 97.849 72.146 9.990 12.769 0.9836058617
4 4.323 33.106 16.418 20.560 0.9807664156
5 110.128 107.956 11.859 15.545 0.9693254232
6 76.070 84.109 17.669 23.490 0.9678204656
7 74.546 37.979 8.392 10.551 0.9657991529
8 67.656 53.038 9.947 13.054 0.9577605724
9 56.396 25.941 9.903 11.889 0.9426457286
10 13.091 66.387 16.200 21.179 0.9385432005
11 88.357 33.723 7.712 9.461 0.9378038049
12 35.062 11.280 11.401 12.319 0.9371346235
13 177.963 54.921 16.785 24.922 0.9142174721
