0 294.526 74.267 28.649 32.418 0.9998284578
1 63.847 85.473 26.742 30.145 0.9996671677
2 263.250 61.086 25.419 27.743 0.9996165037
3 146.505 62.799 28.351 36.404 0.9994183779
4 38.242 54.381 25.042 32.742 0.9992892742
5 213.337 79.188 25.458 29.513 0.9984773993
6 171.877 69.229 21.063 29.299 0.9880163074
7 195.780 69.887 21.417 27.960 0.9858576059
8 15.192 96.339 25.242 30.055 0.9849321246
9 220.629 58.103 23.234 27.707 0.9791885018
10 90.246 70.596 19.486 25.363 0.9755256176
11 129.977 52.574 21.728 26.188 0.9068152905
