0 20.416 35.087 26.008 34.764 0.9988093376
1 144.936 26.727 24.073 33.004 0.9972749352
2 87.608 13.558 13.728 18.597 0.9944562912
3 37.291 4.834 20.156 25.087 0.9879963994
4 102.250 19.915 12.185 16.294 0.9857106805
5 61.979 18.945 13.688 18.522 0.9843084216
6 121.950 53.288 13.172 17.072 0.9826530218
7 119.497 26.970 10.124 13.168 0.9771521688
8 119.153 5.477 8.789 11.456 0.9628672004
9 135.394 54.306 10.862 14.386 0.9622940421
10 67.455 0.094 12.284 12.839 0.9622678161
11 135.863 28.332 9.783 11.835 0.9394538403
12 107.013 8.938 10.021 12.153 0.9254313707
