0 426.882 234.495 46.366 57.174 0.9999284744
1 481.836 285.749 32.783 39.710 0.9998044372
2 698.687 235.061 28.299 30.235 0.9993327260
3 270.424 217.874 24.618 30.171 0.9988677502
4 269.820 283.661 36.016 47.531 0.9983622432
5 843.282 307.198 40.615 50.546 0.9967156649
6 462.411 109.846 17.957 22.186 0.9925439358
7 379.578 199.235 17.556 22.782 0.9897129536
8 489.888 228.693 20.577 24.262 0.9790781140
9 138.355 132.223 39.706 56.240 0.9787119031
10 247.723 226.637 21.292 26.074 0.9772148728
11 619.111 214.068 19.816 22.008 0.9599119425
