0 383.386 46.930 29.295 35.972 0.9999488592
1 150.368 53.269 32.022 40.384 0.9999301434
2 238.130 53.099 29.484 36.332 0.9998883009
3 72.752 69.602 32.247 38.194 0.9997945428
4 428.697 43.818 35.865 46.151 0.9997742772
5 310.070 53.250 25.917 36.506 0.9996738434
6 1.714 47.863 42.319 44.610 0.9995297194
7 361.535 60.623 24.774 30.598 0.9991051555
8 478.066 77.691 24.573 31.131 0.9970425963
9 184.945 70.256 21.635 28.675 0.9952343106
10 276.595 67.398 22.700 28.005 0.9944941401
11 216.280 54.166 21.391 28.090 0.9930306077
12 465.589 64.606 14.060 19.132 0.9676878452
13 100.215 80.133 13.432 19.429 0.9127650857
