0 387.064 349.148 52.829 69.996 0.9999557734
1 399.978 216.284 35.413 48.842 0.9995717406
2 626.428 312.403 27.954 37.786 0.9995428324
3 303.769 211.051 39.462 54.354 0.9994623065
4 656.048 217.389 25.305 30.268 0.9993427396
5 499.166 364.693 37.984 65.945 0.9980264306
6 64.356 348.905 32.119 41.480 0.9979392886
7 458.962 231.881 17.990 20.508 0.9948659539
8 623.331 219.250 24.041 27.032 0.9942520857
9 545.626 209.684 18.748 23.922 0.9923129678
10 484.139 244.354 16.866 19.691 0.9921404719
11 256.085 314.832 23.026 34.425 0.9901959300
12 559.775 325.472 41.224 44.849 0.9890507460
13 111.765 309.562 22.967 31.920 0.9812355042
14 232.365 298.146 20.656 25.082 0.9802164435
15 687.329 235.978 18.748 22.709 0.9633249640
16 1.445 346.626 36.392 29.729 0.9531264901
