0 252.356 80.466 32.759 39.093 0.9997927547
1 79.882 104.933 30.627 49.377 0.9994428754
2 126.598 69.558 16.376 21.113 0.9987193346
3 17.185 36.797 18.616 22.038 0.9972108006
4 42.031 6.605 17.244 22.065 0.9971100688
5 107.851 30.885 13.750 18.106 0.9963247180
6 125.956 102.123 19.649 25.302 0.9950464964
7 83.440 42.729 16.978 20.559 0.9945523143
8 60.184 37.263 17.020 21.880 0.9943857193
9 43.388 92.662 32.610 54.650 0.9942899942
10 112.773 12.285 12.309 14.983 0.9938154221
11 150.256 29.397 12.932 15.527 0.9936669469
12 93.738 85.565 16.550 19.907 0.9924961329
13 68.741 2.097 13.253 16.472 0.9922919869
14 172.085 78.166 13.726 17.627 0.9918007255
15 164.512 20.953 11.677 15.002 0.9917218089
16 143.795 100.508 19.389 25.867 0.9915669560
17 176.846 90.534 22.122 29.296 0.9915156364
18 30.102 64.678 20.799 23.922 0.9911110997
19 93.798 16.246 12.115 15.581 0.9898422360
20 183.700 15.701 11.676 14.659 0.9894852042
21 152.744 76.271 15.242 18.487 0.9888184667
22 125.333 36.063 12.868 16.478 0.9881815314
23 297.164 53.047 10.210 12.934 0.9868970513
24 260.059 44.347 10.776 13.139 0.9861071110
25 133.590 19.801 12.422 15.243 0.9859969020
26 136.675 55.315 12.316 15.360 0.9856154919
27 0.912 89.241 21.030 33.503 0.9828725457
28 73.380 27.985 14.002 18.238 0.9822090268
29 3.091 1.634 18.657 23.772 0.9814009666
30 109.982 61.304 11.927 14.689 0.9801386595
31 292.640 38.768 9.473 11.794 0.9784020782
32 62.255 72.184 19.734 25.249 0.9781820774
33 322.466 105.790 10.491 13.571 0.9768105745
34 308.004 37.942 9.367 11.660 0.9753760695
35 323.620 40.711 9.332 12.051 0.9749631286
36 336.531 71.140 9.786 11.761 0.9744840264
37 299.746 66.583 10.205 13.139 0.9732210636
38 312.073 57.814 9.519 11.873 0.9730796218
39 204.780 30.060 9.972 12.512 0.9726288915
40 170.868 42.403 10.736 13.267 0.9714621902
41 340.765 87.876 10.208 12.876 0.9678846598
42 329.246 56.686 9.429 11.090 0.9661303163
43 335.850 109.518 10.314 12.930 0.9577831626
44 347.186 45.655 9.479 10.906 0.9567257762
45 197.255 67.426 37.848 54.976 0.9525511265
46 351.867 71.088 8.606 10.822 0.9474197626
47 272.298 35.129 8.964 11.216 0.9444611669
48 249.225 38.597 8.922 11.650 0.9295093417
49 351.814 55.036 9.488 12.130 0.9289718270
50 273.900 55.390 10.372 11.765 0.9229530096
51 324.345 92.834 9.416 11.430 0.9211953878
