0 5.373 114.531 30.780 37.118 0.9996168613
1 281.233 127.849 30.830 37.841 0.9994741082
2 68.362 165.559 45.480 53.975 0.9994410872
3 224.289 146.139 41.157 56.386 0.9990047812
4 371.542 121.524 28.274 37.486 0.9989995360
5 349.628 151.819 39.870 51.752 0.9988439083
6 84.770 131.607 28.176 37.967 0.9972213507
7 110.409 135.793 21.917 32.508 0.9906185269
8 192.417 142.624 24.778 32.725 0.9900466800
9 226.021 107.678 16.452 23.120 0.9894144535
10 57.213 104.622 19.422 23.002 0.9809790850
11 317.642 100.403 12.388 15.217 0.9697806239
12 46.397 136.607 22.071 27.759 0.9688170552
13 34.590 114.782 15.722 20.215 0.9657925963
14 171.712 97.724 10.323 13.799 0.9638220668
15 122.464 104.636 19.295 23.482 0.9635484815
16 144.085 102.089 10.734 13.406 0.9468058348
17 262.132 103.715 10.700 13.843 0.9027351141
