0 10.130 20.597 28.611 35.854 0.9996585846
1 67.717 85.298 25.851 38.446 0.9995531440
2 185.026 70.059 25.510 36.993 0.9977315068
3 61.841 23.815 17.808 22.946 0.9951139092
4 95.780 37.665 14.413 19.811 0.9934396148
5 106.990 58.823 14.444 21.032 0.9920722842
6 79.439 50.785 18.979 24.372 0.9919107556
7 53.532 4.918 15.934 20.084 0.9913824201
8 134.855 55.009 13.264 17.469 0.9900110364
9 81.205 20.881 12.591 15.699 0.9885882139
10 113.999 26.005 11.956 14.913 0.9878223538
11 155.547 74.575 12.264 15.247 0.9819198251
12 157.131 87.714 17.599 24.693 0.9804892540
13 118.531 48.482 12.103 15.417 0.9801803827
14 128.172 29.928 9.925 12.902 0.9795745015
15 74.080 0.825 12.108 12.875 0.9692636132
16 172.705 74.021 9.913 13.218 0.9668940306
17 94.694 10.445 9.841 12.364 0.9609903693
18 254.585 88.208 19.474 26.515 0.9557569623
19 121.027 83.441 17.181 30.512 0.9441775680
20 171.593 54.209 8.363 10.284 0.9279522896
21 140.656 22.708 7.985 10.038 0.9183120728
22 106.164 11.630 8.697 11.145 0.9182467461
23 144.592 53.541 12.457 16.185 0.9173671603
