0 430.937 168.988 36.043 43.100 0.9999155998
1 307.535 209.585 29.863 35.240 0.9998991489
2 774.331 170.680 33.474 43.386 0.9998798370
3 111.374 161.182 35.296 46.123 0.9997894168
4 255.658 214.582 31.742 40.823 0.9997654557
5 177.666 198.283 26.726 34.159 0.9997319579
6 536.834 201.842 27.422 36.537 0.9997172952
7 381.032 174.770 28.164 35.739 0.9996749163
8 647.172 179.838 33.953 40.575 0.9996494055
9 57.065 200.566 26.895 38.594 0.9994373918
10 825.125 183.524 22.624 30.276 0.9970598817
11 28.157 218.557 22.708 27.124 0.9942438006
12 637.970 166.972 25.765 32.393 0.9933479428
13 568.904 204.455 22.665 30.675 0.9837713838
14 691.452 205.569 22.778 24.779 0.9801982045
15 352.929 197.401 20.380 25.941 0.9743602276
16 202.559 211.635 20.645 27.065 0.9685830474
17 509.603 196.140 20.455 25.815 0.9619148374
18 287.239 221.004 18.591 24.057 0.9517349601
19 -3.925 226.647 16.253 24.265 0.9139912724
