0 79.759 198.431 58.003 67.380 0.9999932051
1 536.641 189.546 67.988 88.194 0.9999905825
2 750.393 240.151 50.679 73.456 0.9999455214
3 433.513 254.323 46.664 58.229 0.9999314547
4 302.535 252.962 36.825 47.495 0.9998872280
5 241.623 227.168 46.850 92.326 0.9998532534
6 340.093 255.064 29.472 35.842 0.9998059869
7 149.340 259.756 26.502 32.361 0.9996473789
8 16.179 9.062 105.328 188.220 0.9987745881
9 364.732 269.749 22.583 30.713 0.9985765219
10 387.157 291.331 15.809 19.678 0.9935534000
11 35.669 209.127 30.806 42.387 0.9135352969
12 472.695 258.494 18.426 26.181 0.9134410620
