0 574.623 216.480 52.229 61.424 0.9999786615
1 767.515 217.878 39.017 44.007 0.9999164343
2 60.520 264.544 28.937 35.526 0.9999133348
3 552.606 243.442 33.671 45.649 0.9997290969
4 28.996 286.623 44.292 43.729 0.9994068146
5 667.915 247.874 28.030 32.846 0.9988364577
6 103.127 282.787 14.201 16.729 0.9942370653
7 455.108 267.300 19.072 22.781 0.9938892126
8 236.093 281.798 13.440 16.308 0.9936032891
9 415.451 282.475 16.592 20.653 0.9932391644
10 388.939 273.789 15.191 17.550 0.9915925264
11 537.118 273.406 13.516 16.452 0.9910214543
12 200.147 284.793 11.992 14.963 0.9896327257
13 498.579 258.422 19.597 25.567 0.9843373895
14 721.201 268.018 11.208 13.363 0.9781961441
15 478.022 274.935 10.624 13.361 0.9749198556
16 157.425 285.012 13.017 14.845 0.9697392583
