0 199.758 41.267 25.281 32.290 0.9991101623
1 135.210 43.069 19.415 23.112 0.9971641898
2 344.857 57.607 24.012 29.402 0.9962543249
3 113.450 32.936 19.069 24.746 0.9934210181
4 257.281 65.262 21.585 28.230 0.9925355911
5 407.040 37.207 22.239 27.082 0.9916377664
6 159.163 35.844 22.346 26.937 0.9878247976
7 274.110 34.085 20.843 25.946 0.9865754247
8 183.486 43.125 13.591 16.864 0.9858005643
9 255.848 36.884 19.766 24.531 0.9817642570
10 77.390 47.048 17.380 18.618 0.9764128923
11 227.279 35.237 15.574 25.113 0.9472789764
12 367.352 50.668 17.648 22.470 0.9375681877
