0 396.062 176.921 53.266 66.990 0.9999787807
1 353.698 211.009 34.241 40.980 0.9999691248
2 507.077 205.572 38.122 47.544 0.9999594688
3 45.743 14.899 46.094 57.401 0.9999237061
4 213.018 93.355 33.072 42.324 0.9999177456
5 48.753 89.430 47.011 67.298 0.9999121428
6 340.832 168.003 30.796 37.130 0.9998772144
7 240.937 142.409 36.850 46.790 0.9998719692
8 287.300 144.744 35.080 44.031 0.9998575449
9 198.583 55.681 29.605 37.518 0.9997999072
10 166.608 35.913 28.886 40.340 0.9997964501
11 175.441 0.824 30.783 38.466 0.9997960925
12 244.914 56.237 28.435 34.724 0.9997858405
13 242.816 3.865 25.826 32.174 0.9997565150
14 331.695 129.906 28.280 34.499 0.9997320771
15 134.449 164.296 49.772 74.374 0.9997013211
16 34.916 208.565 49.561 80.978 0.9997003078
17 204.147 144.718 36.627 47.641 0.9996737242
18 277.646 79.535 27.117 32.295 0.9996670485
19 244.580 93.308 28.864 40.179 0.9995812774
20 88.373 1.043 34.053 45.118 0.9995769858
21 163.603 93.032 32.776 44.299 0.9995762706
22 269.092 111.239 28.753 35.901 0.9995505214
23 214.383 36.040 26.953 32.353 0.9995480180
24 333.122 89.520 26.090 32.612 0.9995239973
25 265.852 36.682 26.478 33.801 0.9994922876
26 495.994 175.873 25.388 30.768 0.9994377494
27 175.073 204.796 38.652 62.011 0.9993742108
28 280.859 210.254 33.848 47.805 0.9993681312
29 361.031 141.240 26.631 34.434 0.9993396401
30 291.327 14.138 23.579 29.726 0.9990136623
31 389.116 125.497 24.385 29.262 0.9989529848
32 148.239 119.444 38.661 50.735 0.9987955093
33 300.853 119.632 26.939 34.726 0.9987868667
34 377.414 175.079 24.164 33.554 0.9985827208
35 468.049 146.965 24.133 29.854 0.9977781177
36 351.098 63.489 22.698 28.962 0.9972639084
37 459.425 176.319 22.754 32.873 0.9970362186
38 443.133 101.358 22.393 28.618 0.9970098734
39 92.048 114.272 40.888 56.265 0.9969936609
40 325.428 26.543 23.697 29.022 0.9968625307
41 577.212 68.273 17.430 21.738 0.9968206882
42 377.216 95.408 23.009 28.483 0.9967064261
43 386.499 61.536 22.745 28.257 0.9966924191
44 318.523 222.297 23.333 43.056 0.9965093732
45 464.519 213.712 25.203 31.380 0.9964594245
46 555.270 181.301 22.291 29.161 0.9962527752
47 739.667 203.535 18.369 22.331 0.9962376356
48 725.640 108.770 16.577 21.323 0.9961494207
49 811.070 159.751 16.308 21.399 0.9961404204
50 572.036 226.398 23.546 28.835 0.9958385229
51 583.796 148.363 15.000 19.507 0.9957354069
52 595.689 211.782 22.621 28.222 0.9957304597
53 416.995 92.326 23.263 28.505 0.9956458211
54 803.566 88.649 16.186 19.129 0.9955339432
55 123.433 0.306 33.141 27.477 0.9954867959
56 647.025 80.237 17.184 22.235 0.9952404499
57 592.107 97.378 17.957 21.603 0.9949104190
58 702.874 133.697 16.730 21.491 0.9947683811
59 0.821 15.991 37.779 63.777 0.9941574335
60 815.874 108.354 17.667 21.483 0.9937363863
61 777.456 158.029 16.463 20.741 0.9937171936
62 619.309 75.166 16.250 20.179 0.9932535291
63 765.670 198.393 19.560 23.574 0.9929064512
64 532.316 154.111 22.317 27.824 0.9927898049
65 721.108 174.481 18.453 22.040 0.9926407933
66 688.963 108.299 17.334 23.567 0.9926005006
67 756.878 236.717 18.702 24.284 0.9924310446
68 133.282 34.075 34.655 46.956 0.9923890233
69 312.090 57.580 23.589 29.331 0.9923369288
70 552.127 125.969 18.262 23.160 0.9922985435
71 495.972 142.997 21.199 26.922 0.9921908975
72 838.471 93.577 14.211 19.071 0.9919147491
73 827.373 138.296 18.292 21.286 0.9918981791
74 550.040 69.437 17.566 23.212 0.9916016459
75 785.161 108.518 17.685 21.578 0.9912589192
76 656.439 108.525 17.044 21.287 0.9911239147
77 711.437 89.736 16.758 21.188 0.9910638332
78 781.016 92.348 15.627 19.711 0.9905878305
79 667.472 130.143 17.963 22.593 0.9904242158
80 522.950 66.268 17.715 22.843 0.9902293086
81 636.213 130.027 18.014 23.757 0.9899888039
82 388.263 217.584 25.909 39.818 0.9899027348
83 662.502 159.097 18.495 23.527 0.9898241162
84 365.655 29.313 21.650 26.234 0.9896361232
85 754.946 99.605 18.931 23.652 0.9896178842
86 796.137 182.924 20.200 22.803 0.9891644120
87 601.782 157.354 20.498 25.561 0.9890268445
88 744.373 75.800 17.083 21.776 0.9889954329
89 679.700 82.117 16.555 20.689 0.9887897968
90 206.433 -0.656 25.267 25.890 0.9886936545
91 735.436 136.810 17.429 22.065 0.9881541729
92 2.364 94.346 40.261 66.468 0.9880526066
93 767.260 133.760 17.743 22.176 0.9875659347
94 559.911 102.687 16.301 21.651 0.9874597788
95 404.156 39.277 20.565 25.676 0.9870806336
96 627.272 193.682 20.848 25.573 0.9867118597
97 623.868 159.708 19.953 25.527 0.9864994287
98 562.990 153.068 20.877 25.785 0.9862239361
99 491.642 82.256 20.184 25.404 0.9856333137
100 606.556 124.533 18.635 24.746 0.9852710962
101 511.557 115.304 20.920 25.423 0.9851823449
102 483.147 61.006 20.439 24.999 0.9849495888
103 747.598 161.394 18.184 23.963 0.9847287536
104 665.045 228.623 17.047 26.109 0.9847116470
105 799.816 133.389 17.834 23.378 0.9843868613
106 535.634 93.105 19.529 24.868 0.9838592410
107 594.307 185.177 21.064 25.272 0.9838246107
108 838.284 165.677 14.198 21.072 0.9837247133
109 827.006 194.537 18.948 21.178 0.9829665422
110 716.747 202.498 17.065 20.514 0.9826574922
111 619.204 105.668 16.948 21.914 0.9825849533
112 694.461 219.256 21.381 27.056 0.9817292094
113 724.189 226.325 20.330 25.299 0.9817183018
114 791.175 224.855 20.527 25.935 0.9799450636
115 651.595 181.012 21.031 26.530 0.9769123793
116 439.132 52.456 20.442 25.851 0.9753089547
117 818.462 221.358 19.717 24.982 0.9749320745
118 458.335 84.256 20.597 25.903 0.9744375944
119 684.238 175.874 20.636 27.267 0.9727954865
120 429.052 80.849 15.346 20.642 0.9432524443
121 476.534 113.279 18.817 26.749 0.9380137324
122 638.521 227.411 15.764 26.726 0.9325289726
123 127.619 54.262 36.348 53.991 0.9224985838
124 699.375 171.707 16.740 21.417 0.9022517204
