0 366.957 83.488 26.304 32.626 0.9997003078
1 470.635 90.093 23.599 36.985 0.9973061085
2 284.558 74.840 18.503 20.876 0.9962692261
3 202.615 74.396 16.605 17.756 0.9950364232
4 350.285 65.246 19.366 24.602 0.9913896918
5 154.138 81.856 15.061 17.219 0.9871446490
6 96.261 74.498 18.678 25.339 0.9867999554
7 51.010 90.371 21.761 27.792 0.9805914760
8 25.767 89.996 21.133 26.875 0.9778468609
9 57.557 37.448 10.829 13.640 0.9580923319
10 50.751 48.322 12.453 15.919 0.9448744655
11 308.913 121.766 16.889 22.402 0.9414649606
