0 38.575 69.688 9.581 12.174 0.9815720320
1 130.604 94.033 10.396 13.145 0.9804016948
2 84.766 91.226 10.791 13.465 0.9787483215
3 37.046 94.490 10.754 13.174 0.9760348797
4 265.868 99.165 9.865 12.040 0.9746035933
5 298.851 70.208 9.673 12.407 0.9714463353
6 129.795 36.129 9.049 11.182 0.9713555574
7 482.530 98.276 9.966 12.726 0.9669315815
8 119.172 49.737 9.186 11.416 0.9664990902
9 258.983 31.945 8.667 10.899 0.9654653668
10 356.409 97.960 10.339 12.924 0.9644563794
11 140.304 73.049 10.150 12.090 0.9629316330
12 32.114 47.576 9.625 12.019 0.9590932131
13 148.696 47.299 9.572 11.924 0.9589043260
14 174.587 52.262 8.906 11.403 0.9583971500
15 484.707 54.916 9.506 11.920 0.9582601190
16 383.454 38.645 8.781 10.877 0.9581393600
17 391.318 57.367 8.275 10.647 0.9563202858
18 439.837 53.552 8.829 11.262 0.9526974559
19 284.036 29.485 8.808 11.077 0.9499360919
20 78.702 34.622 8.912 11.298 0.9496334791
21 309.061 32.331 8.747 10.897 0.9478221536
22 280.077 46.609 9.354 11.421 0.9476144314
23 252.227 46.226 9.258 11.735 0.9472874403
24 104.795 34.895 8.967 11.048 0.9467390776
25 210.436 33.914 8.725 10.629 0.9447688460
26 223.470 50.172 8.432 10.504 0.9447079301
27 92.142 49.447 9.605 11.977 0.9439457655
28 504.420 75.849 8.902 11.164 0.9438110590
29 51.547 30.184 9.499 12.163 0.9429504871
30 305.186 52.049 9.490 11.748 0.9412234426
31 176.499 95.476 10.380 12.987 0.9402512908
32 235.724 67.895 9.264 12.023 0.9397822022
33 309.224 102.677 8.904 11.474 0.9396842122
34 183.158 33.297 8.359 10.342 0.9384022951
35 358.037 38.585 8.350 10.576 0.9383822680
36 328.509 75.830 8.466 11.232 0.9370580912
37 156.354 34.816 8.573 10.770 0.9351323843
38 365.663 56.228 9.228 11.534 0.9327332973
39 355.848 72.489 8.980 11.412 0.9324180484
40 439.811 97.568 9.956 12.347 0.9321302176
41 171.552 66.389 10.022 12.402 0.9315169454
42 200.430 51.544 8.814 10.778 0.9256350994
43 408.458 38.746 8.395 10.427 0.9254426956
44 67.941 66.962 10.116 12.252 0.9237305522
45 223.058 97.409 10.906 13.147 0.9227619171
46 472.086 47.139 8.242 10.199 0.9141052961
47 232.045 33.702 8.489 10.961 0.9130647779
48 206.181 69.604 9.684 12.149 0.9109479189
