0 227.907 236.707 27.713 32.088 0.9997362494
1 105.119 251.677 31.629 40.876 0.9996185303
2 297.384 234.434 17.753 22.415 0.9972532392
3 368.300 237.156 25.601 28.443 0.9971128702
4 254.572 252.440 13.919 19.808 0.9933472872
5 318.943 289.441 20.903 26.475 0.9917867780
6 201.520 245.005 15.409 18.744 0.9908988476
7 328.107 260.585 22.326 25.755 0.9906557202
8 328.556 242.042 16.990 20.620 0.9897177219
9 269.710 256.085 21.119 25.944 0.9848019481
10 161.231 284.470 21.020 26.685 0.9840223193
11 157.107 251.695 21.337 26.644 0.9836539626
12 271.701 240.356 13.532 15.711 0.9617658257
