0 211.652 97.888 32.362 37.262 0.9999825954
1 386.956 68.656 34.817 46.415 0.9999676943
2 485.726 98.090 30.219 40.565 0.9999427795
3 327.477 91.879 30.630 39.965 0.9999417067
4 281.691 76.460 37.249 49.917 0.9998123050
5 561.419 85.585 30.103 40.522 0.9997749925
6 614.758 93.530 30.506 48.039 0.9997312427
7 132.539 95.251 34.714 46.771 0.9997186065
8 708.970 91.987 26.784 36.227 0.9996764660
9 733.357 78.589 36.716 48.616 0.9994981289
10 82.992 111.738 24.877 46.226 0.9989994168
11 833.431 67.115 21.160 27.810 0.9849054217
12 686.962 88.682 12.823 21.594 0.9594183564
13 774.816 78.317 21.536 29.842 0.9529244304
