0 95.692 91.427 34.842 47.598 0.9996362925
1 858.557 328.613 21.681 32.542 0.9950933456
2 535.173 243.371 14.167 19.898 0.9945072532
3 327.073 240.987 14.113 18.045 0.9944521785
4 359.312 241.230 15.813 19.743 0.9931833148
5 744.785 309.404 20.572 30.415 0.9928547740
6 566.712 251.754 14.168 18.218 0.9921007752
7 428.816 259.979 15.766 19.075 0.9918037653
8 373.454 354.733 21.085 41.616 0.9903117418
9 468.969 264.681 17.739 22.884 0.9895338416
10 520.688 274.099 16.866 23.996 0.9872180820
11 397.554 254.487 14.761 18.788 0.9861415029
12 589.841 278.872 20.685 25.945 0.9860688448
13 664.900 294.180 20.733 26.428 0.9654575586
14 211.667 293.636 17.813 31.354 0.9493849874
15 267.802 325.710 19.408 30.048 0.9304934740
16 515.933 259.836 12.280 13.100 0.9276303649
17 314.926 334.891 17.755 32.808 0.9152310491
18 85.713 251.778 13.478 19.490 0.9145849347
