0 381.877 178.830 52.187 63.345 0.9999929667
1 550.790 204.305 54.631 75.525 0.9999862909
2 499.507 198.492 31.725 36.045 0.9999601841
3 256.469 194.592 44.297 53.904 0.9998229146
4 799.980 174.656 46.481 71.332 0.9997928739
5 48.677 178.599 45.745 51.318 0.9997921586
6 693.354 203.641 35.859 37.966 0.9997674823
7 144.796 196.508 26.872 42.271 0.9997000694
8 660.771 204.582 31.840 41.199 0.9996615648
9 683.353 247.581 45.587 52.763 0.9995630383
10 230.199 184.162 26.815 39.701 0.9993782043
11 430.651 204.348 27.781 33.097 0.9990624785
12 601.773 229.663 24.902 36.079 0.9985357523
13 476.274 219.268 20.919 27.361 0.9773250818
