0 71.244 292.209 103.051 121.722 0.9999986887
1 473.428 235.496 54.828 66.034 0.9999910593
2 440.559 263.049 33.143 40.361 0.9999033213
3 561.923 280.048 35.974 41.576 0.9998911619
4 177.236 231.613 53.191 100.192 0.9998874664
5 687.480 233.825 41.429 47.244 0.9998821020
6 671.743 268.810 29.382 37.983 0.9998750687
7 356.480 213.936 42.837 56.068 0.9997369647
8 224.623 280.305 41.044 60.737 0.9983475208
9 596.944 296.065 20.822 29.534 0.9953526258
10 95.412 139.164 33.814 48.012 0.9905754328
11 297.431 222.475 39.350 49.864 0.9808685780
12 2.390 183.362 38.018 84.007 0.9562985897
