0 112.877 41.323 19.553 25.233 0.9938272834
1 183.361 46.075 18.091 21.479 0.9919297695
2 225.771 34.557 12.322 13.903 0.9907538891
3 67.995 37.425 12.125 13.215 0.9905969501
4 85.494 39.011 11.603 12.842 0.9872226119
5 50.043 43.529 11.161 13.030 0.9848842621
6 172.353 37.215 11.689 12.796 0.9834801555
7 36.824 38.587 11.333 12.101 0.9830213785
8 196.431 36.355 11.200 12.555 0.9787917137
9 14.692 39.156 12.391 12.601 0.9702554941
10 135.076 37.501 11.326 12.682 0.9593148828
11 211.140 43.564 10.798 12.826 0.9532463551
12 239.622 36.418 11.683 13.514 0.9436472654
13 158.422 43.244 10.445 12.422 0.9432738423
14 147.788 37.670 10.357 12.290 0.9313864112
