0 401.192 187.214 36.662 43.893 0.9997978806
1 265.803 178.369 38.925 50.276 0.9996558428
2 768.242 148.701 42.601 50.717 0.9994807839
3 572.845 182.462 40.161 51.698 0.9987781644
4 443.800 199.494 37.908 49.780 0.9983910322
5 152.255 138.275 12.005 15.209 0.9906721115
6 667.786 101.397 12.004 15.531 0.9844862223
7 664.846 141.461 13.163 21.122 0.9841497540
8 813.330 133.563 14.557 23.166 0.9793419242
9 619.140 146.862 11.807 22.874 0.9411944151
10 231.812 146.929 8.435 13.801 0.9395393133
11 745.946 132.870 14.766 18.317 0.9321147799
