0 521.888 174.317 57.611 75.981 0.9999971390
1 403.213 200.462 38.216 48.335 0.9999252558
2 328.426 180.059 33.744 44.849 0.9999103546
3 452.092 209.613 31.678 37.136 0.9999067783
4 59.281 177.556 30.543 37.661 0.9998419285
5 125.424 191.197 34.737 46.217 0.9995126724
6 100.668 211.270 28.318 31.024 0.9993538260
7 229.272 165.971 60.683 102.297 0.9990645051
8 20.361 188.912 42.781 48.443 0.9982475042
9 662.279 239.300 66.375 106.036 0.9978669882
10 488.513 217.786 42.547 48.773 0.9976742864
11 14.769 121.912 24.310 30.610 0.9932578802
