0 356.850 123.490 9.198 11.949 0.9803543687
1 62.736 119.571 8.307 11.021 0.9766578674
2 118.685 106.384 9.037 11.657 0.9765753150
3 47.465 112.589 8.868 11.371 0.9760933518
4 102.108 120.355 8.899 11.102 0.9738578796
5 245.283 130.417 9.439 11.662 0.9711397290
6 154.068 112.246 8.266 10.578 0.9709572792
7 383.476 134.568 9.037 11.417 0.9706922770
8 15.155 125.740 9.895 12.677 0.9706765413
9 30.414 123.367 8.553 10.695 0.9673168063
10 375.823 116.166 8.647 10.979 0.9652145505
11 332.493 129.583 8.123 10.194 0.9612167478
12 177.809 132.590 9.197 11.539 0.9604238272
13 307.736 114.875 8.389 10.266 0.9602695107
14 183.260 112.670 8.731 10.687 0.9596005082
15 449.434 131.303 9.010 11.379 0.9557957053
16 415.796 130.833 9.133 10.908 0.9540273547
17 148.482 134.718 9.337 11.343 0.9518441558
18 315.470 130.665 9.378 11.719 0.9510919452
19 281.262 138.378 8.853 10.737 0.9488400817
20 47.265 130.691 10.107 12.355 0.9469234347
21 393.728 123.996 8.375 10.427 0.9454711676
22 228.104 125.358 8.026 9.966 0.9445192814
23 403.278 107.964 8.385 10.521 0.9435856938
24 481.453 132.431 9.509 11.527 0.9416775703
25 279.164 115.421 8.390 10.423 0.9405421615
26 432.251 123.397 8.209 10.363 0.9395870566
27 168.543 122.107 8.052 10.018 0.9373818636
28 135.590 117.834 7.659 9.739 0.9352079630
29 438.058 110.756 8.519 10.832 0.9347652793
30 243.990 111.401 8.382 10.613 0.9318278432
31 199.717 120.120 7.616 9.903 0.9250440001
32 260.575 124.658 7.904 9.751 0.9243321419
33 212.035 135.447 8.717 10.644 0.9231124520
34 348.514 141.479 7.847 9.790 0.9208183289
35 84.486 108.750 8.548 10.548 0.9198321700
