0 138.250 176.094 69.520 90.541 0.9999774694
1 632.422 150.701 62.264 99.274 0.9999485016
2 803.615 233.626 31.559 35.390 0.9998961687
3 263.554 221.258 31.216 39.111 0.9998960495
4 351.696 242.014 49.788 85.399 0.9998821020
5 861.902 222.130 36.221 42.600 0.9998451471
6 44.108 204.485 47.190 53.140 0.9998018146
7 443.985 262.296 15.335 18.669 0.9974078536
8 409.439 243.496 18.264 22.456 0.9968544841
9 646.780 256.933 11.311 15.838 0.9871783257
10 434.177 254.507 10.023 12.668 0.9834680557
11 631.728 257.611 11.241 14.041 0.9763686657
12 657.906 260.916 11.104 15.133 0.9589834213
13 453.426 250.142 13.722 17.117 0.9522055387
14 848.457 255.522 16.392 20.459 0.9461869597
15 217.681 259.618 9.178 11.125 0.9402106404
16 652.072 259.162 11.493 15.683 0.9358830452
