0 188.655 99.842 14.413 17.956 0.9931970835
1 247.435 107.329 12.239 16.321 0.9921916127
2 70.891 96.671 10.353 13.742 0.9895511270
3 267.745 120.606 18.282 21.899 0.9895417690
4 133.231 95.996 10.848 13.673 0.9884849787
5 145.398 95.526 9.742 12.985 0.9845768809
6 105.619 105.055 13.906 15.690 0.9814341068
7 232.159 107.740 10.873 13.812 0.9810504317
8 59.352 92.656 9.835 12.953 0.9754399657
9 47.967 98.488 8.856 11.405 0.9636356235
10 36.063 91.920 8.417 11.076 0.9622400999
11 155.208 93.959 9.930 12.979 0.9605428576
12 121.310 100.734 8.686 10.680 0.9459130168
13 83.379 96.621 8.055 10.331 0.9406036139
14 24.372 97.229 8.500 10.348 0.9341912866
15 78.228 97.099 8.980 11.775 0.9079598188
16 81.816 101.157 7.913 10.125 0.9046463370
