0 501.118 189.315 34.422 40.828 0.9999756813
1 561.097 192.279 33.112 44.381 0.9999380112
2 746.283 166.444 47.280 62.551 0.9998844862
3 462.352 207.146 28.274 33.109 0.9998400211
4 651.858 158.297 42.776 59.890 0.9997753501
5 210.958 201.370 26.804 33.821 0.9997729659
6 322.277 166.571 40.557 50.957 0.9992704988
7 251.691 192.250 22.948 28.723 0.9987668991
8 714.722 196.730 29.255 36.969 0.9987218976
9 276.096 209.383 24.345 31.087 0.9984709620
10 2.981 198.102 22.088 29.235 0.9982320666
11 114.026 210.794 23.467 29.725 0.9976601601
12 466.148 185.666 24.331 27.051 0.9924513698
13 92.074 205.093 21.249 25.852 0.9896711707
