0 132.013 232.061 28.836 38.850 0.9998934269
1 650.417 217.765 28.726 36.978 0.9996360540
2 99.608 262.556 30.752 47.402 0.9995384216
3 680.868 218.119 26.207 37.997 0.9992807508
4 610.307 215.956 24.878 31.945 0.9992402792
5 710.350 244.829 24.331 39.109 0.9991040826
6 731.842 246.555 28.768 48.707 0.9983375072
7 168.469 240.052 21.823 25.769 0.9958235025
8 114.645 241.471 28.538 43.985 0.9950625300
9 577.458 200.106 21.552 28.896 0.9946581721
10 209.956 220.145 23.012 25.050 0.9938222170
11 26.486 292.989 30.880 56.821 0.9934365749
12 811.208 316.739 32.780 58.939 0.9902113080
13 826.766 387.872 37.468 88.257 0.9759106636
14 800.007 303.206 28.966 53.516 0.9504039288
