0 244.632 152.038 63.304 80.727 0.9999955893
1 348.961 186.075 47.280 59.059 0.9999642372
2 606.751 140.932 54.588 88.244 0.9999556541
3 49.434 144.092 67.550 99.826 0.9998812675
4 516.287 203.500 26.662 29.988 0.9994594455
5 547.315 196.462 23.822 28.030 0.9982599616
6 153.297 186.847 23.897 28.414 0.9978548884
7 674.046 194.078 70.280 116.215 0.9977878332
8 300.237 214.125 23.746 30.275 0.9975916147
9 395.374 218.484 14.811 19.393 0.9970904589
10 107.691 201.917 40.908 52.932 0.9964047670
11 450.442 211.424 18.827 21.843 0.9944074154
12 206.618 203.049 16.157 21.650 0.9916875958
13 421.400 218.973 11.652 15.954 0.9863942266
14 405.618 209.152 8.991 10.631 0.9146659374
