0 615.197 103.871 33.052 39.191 0.9999706745
1 595.636 13.235 32.441 42.263 0.9999674559
2 154.887 9.335 32.832 39.701 0.9999665022
3 505.690 99.545 32.829 38.218 0.9999654293
4 152.489 98.132 34.358 41.015 0.9999551773
5 711.255 16.465 31.217 39.377 0.9999548197
6 285.084 101.080 30.359 38.570 0.9999542236
7 379.280 87.127 35.121 43.389 0.9999376535
8 388.142 28.529 29.520 36.410 0.9999343157
9 723.227 117.396 31.871 39.053 0.9999151230
10 480.658 25.611 30.529 41.390 0.9999108315
11 256.775 13.570 33.168 41.606 0.9999023676
12 48.753 78.568 33.155 41.450 0.9998768568
13 47.979 8.310 32.554 39.751 0.9998681545
14 165.042 194.506 37.748 51.083 0.9985753298
