0 240.684 294.171 23.098 26.223 0.9943074584
1 87.314 218.386 12.876 15.995 0.9931662679
2 792.587 266.007 19.133 25.818 0.9912418127
3 441.860 218.337 13.312 16.269 0.9904615283
4 717.117 253.651 17.532 23.175 0.9894329906
5 364.677 210.050 10.811 14.784 0.9892945290
6 497.659 224.917 14.094 18.761 0.9890103936
7 215.100 212.572 11.638 13.522 0.9887187481
8 65.312 240.828 13.773 21.647 0.9863559008
9 37.276 239.440 12.298 15.383 0.9844830632
10 151.274 214.970 11.778 14.349 0.9811477065
11 573.905 242.754 16.265 15.773 0.9810990691
12 118.259 265.717 14.697 21.266 0.9801430106
13 92.400 245.747 13.252 23.837 0.9711285233
14 182.295 277.657 11.010 23.133 0.9707658291
15 386.239 216.727 10.824 13.519 0.9634839892
16 17.099 234.074 10.286 14.700 0.9619535208
17 316.294 322.576 18.674 35.272 0.9552066922
