0 263.934 248.446 48.063 62.745 0.9999588728
1 463.345 344.464 38.205 40.414 0.9999561310
2 196.152 335.283 47.715 74.758 0.9999263287
3 875.021 348.068 37.671 42.068 0.9997820258
4 336.238 215.527 29.162 37.895 0.9997418523
5 356.138 292.990 34.274 47.134 0.9996523857
6 402.750 247.346 30.965 39.347 0.9995872378
7 29.009 388.800 75.824 101.707 0.9995629191
8 264.359 357.412 43.230 55.093 0.9993871450
9 200.455 197.451 41.074 49.465 0.9993564487
10 741.497 276.837 44.721 76.173 0.9992612004
11 305.834 229.068 28.747 42.315 0.9991173148
12 475.210 246.877 23.143 31.829 0.9987467527
13 643.706 293.050 77.387 115.308 0.9977745414
14 379.148 261.122 21.469 28.518 0.9890656471
15 328.627 297.054 28.435 50.027 0.9679338336
16 604.931 261.578 14.674 20.597 0.9414402246
