0 194.504 52.779 27.339 28.799 0.9982581735
1 414.914 36.426 23.402 29.087 0.9976639748
2 349.589 59.411 23.452 29.188 0.9968017340
3 256.440 65.852 22.315 29.380 0.9948185086
4 156.143 34.648 23.260 27.993 0.9944401979
5 66.346 45.969 20.489 21.922 0.9903714061
6 105.112 32.062 20.460 26.436 0.9877486825
7 275.910 33.769 20.837 27.015 0.9862748384
8 129.948 42.213 20.781 25.252 0.9823931456
9 312.947 50.767 16.104 20.088 0.9819538593
10 256.587 36.572 20.360 26.165 0.9811493158
11 182.249 42.837 13.592 17.826 0.9692391753
12 236.936 36.603 14.162 21.542 0.9623098373
13 404.025 36.111 14.192 24.669 0.9602356553
14 372.033 50.942 17.594 24.727 0.9419551492
15 221.251 35.695 17.733 25.943 0.9371075034
16 331.486 54.928 18.641 25.081 0.9010090828
