0 686.926 369.079 15.806 17.753 0.9976561069
1 761.345 359.500 16.462 17.856 0.9966681600
2 52.245 362.508 15.946 19.536 0.9964601398
3 135.636 363.299 15.765 19.554 0.9948289990
4 839.720 367.268 15.768 18.300 0.9944325089
5 445.913 365.613 15.239 18.917 0.9941222072
6 212.929 372.539 14.804 18.970 0.9937695861
7 811.815 354.882 12.956 14.358 0.9936804771
8 616.603 359.338 14.861 18.130 0.9930424690
9 537.409 371.039 13.817 17.194 0.9930262566
10 115.383 353.781 12.791 15.569 0.9913790226
11 360.494 379.208 14.628 19.129 0.9907615781
12 285.502 365.206 14.828 17.385 0.9892431498
13 865.279 352.642 11.899 13.520 0.9836704731
14 524.289 349.357 10.081 11.983 0.9806710482
15 712.820 346.648 8.973 11.549 0.9761999249
16 739.799 365.538 11.416 14.313 0.9759562016
17 163.049 354.036 10.831 13.927 0.9750451446
18 257.853 361.924 11.360 14.271 0.9703500271
19 794.744 354.025 9.316 11.962 0.9682762623
20 638.723 354.947 10.620 13.673 0.9660409689
21 362.149 354.683 10.510 12.773 0.9655417204
22 890.999 351.991 7.998 10.438 0.9651083350
23 601.152 350.775 9.544 11.275 0.9647267461
24 310.314 359.640 11.467 14.599 0.9538354874
25 564.933 350.366 9.373 11.751 0.9372555614
26 391.726 350.777 8.091 10.163 0.9334361553
27 750.893 341.862 10.989 13.720 0.9310593009
28 327.864 356.146 10.036 11.916 0.9226764441
29 72.303 357.202 11.199 15.771 0.9216892123
30 268.399 348.174 8.277 10.334 0.9114677906
31 420.745 234.779 7.880 9.854 0.9091762900
32 536.613 348.320 10.199 13.121 0.9053769708
33 278.174 354.753 9.511 12.082 0.9051394463
