0 688.723 109.628 37.914 40.035 0.9998816252
1 850.662 96.038 31.491 41.541 0.9998538494
2 588.729 118.453 29.847 32.853 0.9997083545
3 93.360 122.344 41.788 45.074 0.9996341467
4 544.125 133.883 28.665 32.208 0.9996303320
5 448.374 137.675 26.616 31.528 0.9996291399
6 582.613 152.866 38.924 51.321 0.9996140599
7 646.054 114.417 30.188 36.142 0.9993836880
8 737.541 102.827 32.007 40.091 0.9993053675
9 517.004 137.628 26.838 30.123 0.9990685582
10 797.157 100.584 35.209 41.055 0.9990388155
11 421.802 128.148 25.796 30.273 0.9989864230
12 358.249 126.736 43.294 50.273 0.9989159107
13 616.147 120.339 25.273 32.199 0.9980604053
14 485.836 138.077 23.840 29.374 0.9970864654
15 205.203 142.629 22.042 24.370 0.9732004404
16 277.449 135.241 20.724 25.584 0.9725965261
17 229.375 149.295 22.123 24.661 0.9650381804
18 396.007 127.873 23.697 31.655 0.9477353096
19 330.182 136.014 20.239 26.236 0.9437056184
20 254.950 139.886 14.840 20.991 0.9268100858
