0 1276.832 314.412 97.815 128.878 0.9999321699
1 519.129 378.500 51.556 76.991 0.9991561174
2 979.664 355.361 48.200 86.315 0.9988774657
3 727.421 340.878 58.094 91.494 0.9985744953
4 1025.927 343.656 57.547 97.313 0.9980872273
5 1240.549 398.914 42.904 53.611 0.9980481863
6 350.931 373.077 63.235 112.401 0.9975700974
7 1172.290 373.379 49.085 54.212 0.9974365830
8 607.994 379.520 30.985 39.811 0.9952769279
9 5.434 331.052 73.075 140.545 0.9931433201
10 276.776 352.626 48.369 59.913 0.9586279392
