0 366.242 193.162 52.293 67.020 0.9999936819
1 223.597 185.911 48.851 69.187 0.9999773502
2 123.690 198.044 35.785 44.159 0.9999486208
3 68.560 188.084 56.342 65.003 0.9999483824
4 589.818 168.397 49.024 78.170 0.9999387264
5 5.915 207.722 39.149 44.787 0.9999063015
6 533.349 205.969 46.812 58.470 0.9999040365
7 776.654 169.933 62.660 103.012 0.9998474121
8 495.788 210.916 34.877 43.158 0.9997933507
9 313.046 227.157 32.470 33.521 0.9997274280
10 407.640 213.722 34.050 45.253 0.9991356730
11 574.489 218.040 28.257 42.084 0.9753994346
12 851.383 200.366 55.796 126.343 0.9748381376
13 208.183 220.637 23.210 34.236 0.9707495570
