0 821.371 323.618 25.106 32.193 0.9993960857
1 26.825 315.809 21.840 31.897 0.9963649511
2 868.789 322.104 22.934 35.746 0.9958341122
3 635.167 290.337 14.554 17.399 0.9921832681
4 191.320 295.345 17.299 20.194 0.9920377731
5 715.067 295.276 17.298 22.284 0.9899098873
6 688.228 302.318 16.068 19.785 0.9895171523
7 152.049 298.789 16.666 21.296 0.9887054563
8 221.388 289.107 13.164 17.813 0.9879921079
9 112.839 316.536 16.457 23.933 0.9827319980
10 175.562 304.073 16.667 24.859 0.9796285033
11 653.238 291.493 14.992 19.426 0.9784609675
12 734.044 304.437 18.467 27.425 0.9775601625
