0 765.156 143.571 38.108 46.098 0.9998807907
1 290.560 135.148 27.807 36.159 0.9998723269
2 376.454 155.326 27.190 32.342 0.9998661280
3 455.803 126.612 28.336 34.520 0.9998169541
4 159.171 140.698 26.517 34.556 0.9997085929
5 592.826 199.941 47.332 78.333 0.9995902181
6 722.970 266.155 65.373 105.971 0.9994913340
7 707.363 217.639 42.410 60.178 0.9993122816
8 229.166 140.097 41.415 54.725 0.9986592531
9 141.374 132.492 21.409 28.907 0.9924110174
10 3.669 144.087 21.249 26.976 0.9909222722
11 554.574 134.258 19.243 24.858 0.9900499582
12 520.651 151.709 23.140 28.227 0.9884633422
13 677.019 145.663 20.621 23.224 0.9867108464
14 757.895 143.594 8.308 10.412 0.9573903084
