0 633.937 204.459 41.328 35.880 0.9998611212
1 168.041 199.493 35.190 30.251 0.9996283054
2 818.736 199.048 49.352 35.969 0.9988455772
3 381.768 206.466 39.679 34.773 0.9985406399
4 912.425 209.919 40.801 33.653 0.9974270463
5 347.071 167.433 21.895 28.425 0.9960997105
6 109.583 202.713 42.549 35.401 0.9956671000
7 79.819 248.577 45.052 31.359 0.9819473028
8 252.443 192.885 21.916 25.008 0.9575971961
9 601.270 186.657 14.957 17.794 0.9501710534
10 562.770 191.768 17.989 21.121 0.9453958273
11 534.394 183.437 20.329 25.233 0.9354941845
12 81.309 176.619 22.780 22.017 0.9329922795
13 25.572 179.270 20.507 26.780 0.9287433028
14 758.453 192.306 11.796 14.404 0.9206759334
