0 594.434 204.245 30.676 40.810 0.9997058511
1 168.140 258.891 28.594 36.728 0.9996801615
2 123.143 219.647 24.829 30.973 0.9993892908
3 42.558 243.059 42.941 51.174 0.9993537068
4 754.924 200.860 25.261 32.737 0.9991309047
5 639.826 158.658 38.532 54.922 0.9985180497
6 16.133 198.093 25.871 29.941 0.9976655245
7 566.875 194.392 14.875 18.437 0.9960183501
8 372.870 223.382 13.105 16.485 0.9951950908
9 148.699 192.600 21.035 26.705 0.9938951135
10 316.020 226.110 16.545 20.339 0.9904542565
11 211.587 212.553 12.493 15.986 0.9901302457
12 277.900 221.076 21.159 27.215 0.9893821478
13 731.821 205.417 18.565 21.453 0.9888660312
14 519.500 186.945 17.542 21.237 0.9881580472
15 6.540 209.257 10.303 13.531 0.9642974734
16 492.718 227.499 9.821 12.998 0.9615761042
17 646.191 226.579 14.150 18.244 0.9451611042
18 531.004 211.814 23.067 23.763 0.9399636388
19 430.885 227.838 10.849 15.988 0.9271736145
20 638.263 218.844 9.574 11.720 0.9241172671
21 390.678 224.403 11.007 13.488 0.9235650897
