0 274.820 323.786 14.873 19.062 0.9944867492
1 680.835 345.417 12.780 19.719 0.9939613938
2 416.351 319.065 14.930 18.560 0.9934906960
3 624.180 320.359 11.640 14.262 0.9875475168
4 750.044 318.165 10.842 14.360 0.9858478308
5 345.850 323.254 14.246 18.887 0.9858164787
6 502.029 325.049 12.602 14.757 0.9813371301
7 585.386 322.380 10.389 12.592 0.9791219831
8 787.119 325.475 10.786 14.099 0.9683002830
9 721.455 352.206 10.787 16.178 0.9676896930
10 593.055 352.041 13.051 24.230 0.9405893087
11 154.540 342.070 14.917 20.308 0.9377570152
12 762.410 346.392 9.882 15.887 0.9313498735
