0 243.980 437.536 58.822 70.070 0.9999853373
1 489.248 519.700 64.929 90.464 0.9999793768
2 332.526 440.559 33.589 39.230 0.9999738932
3 430.869 428.909 50.026 58.141 0.9999736547
4 333.927 515.583 49.929 77.207 0.9999320507
5 51.940 460.066 29.768 37.195 0.9998130202
6 392.604 439.424 30.661 34.471 0.9997848868
7 212.438 398.073 37.889 47.153 0.9996764660
8 97.454 438.237 29.944 35.476 0.9996600151
9 48.483 395.960 26.334 31.209 0.9995406866
10 140.319 427.349 22.946 33.974 0.9991508722
11 539.774 609.132 55.947 105.033 0.9990599751
12 152.079 423.648 25.313 36.823 0.9989430308
13 618.385 388.962 43.356 48.986 0.9982592463
14 367.356 418.447 21.105 23.928 0.9900830388
15 107.260 415.477 12.255 15.032 0.9785746336
16 693.148 397.330 28.576 62.876 0.9546371698
