0 24.045 77.495 34.157 45.634 0.9998687506
1 452.784 94.180 24.878 30.826 0.9988197684
2 242.543 83.836 23.261 28.353 0.9981805086
3 142.355 98.056 24.019 28.153 0.9952059388
4 341.780 104.025 20.280 23.236 0.9921737909
5 411.435 93.271 19.121 24.161 0.9917160869
6 296.329 107.807 19.048 25.176 0.9914215207
7 76.369 123.295 20.668 29.434 0.9852960110
8 174.988 103.163 20.187 25.833 0.9695435166
9 382.116 112.191 18.651 28.583 0.9609529376
10 304.076 97.836 16.173 19.610 0.9430265427
11 126.619 109.450 16.925 21.336 0.9391294718
