0 522.072 135.906 27.370 33.398 0.9996170998
1 429.098 157.628 25.922 29.192 0.9993590713
2 51.338 133.321 24.046 30.174 0.9993407130
3 480.615 131.866 23.963 30.386 0.9990529418
4 276.199 126.145 24.797 29.333 0.9988591671
5 389.387 145.487 23.158 27.066 0.9969219565
6 334.385 154.248 22.321 29.257 0.9968734384
7 98.945 169.252 22.586 26.362 0.9962796569
8 213.525 143.165 22.149 27.430 0.9958939552
9 322.542 131.933 22.142 28.589 0.9957914352
10 369.980 129.341 23.099 28.825 0.9944812059
11 246.884 124.005 22.611 26.352 0.9927074313
12 189.002 149.777 20.060 26.180 0.9904881120
13 156.208 148.247 23.045 24.209 0.9687709212
