0 447.804 261.728 32.619 36.847 0.9998885393
1 291.677 272.713 31.633 32.123 0.9998592138
2 860.978 273.907 27.778 35.456 0.9995869994
3 409.404 289.188 28.165 32.448 0.9995784163
4 97.625 282.791 24.604 33.465 0.9994002581
5 664.066 251.808 29.737 43.218 0.9991900325
6 707.621 234.253 35.206 48.986 0.9988430738
7 626.053 262.004 29.264 39.992 0.9987431169
8 762.862 227.659 41.302 53.223 0.9986770749
9 830.375 273.419 27.713 32.133 0.9983918071
10 912.606 267.676 26.006 36.460 0.9978640676
11 887.492 270.700 25.985 36.306 0.9960348010
12 605.527 266.633 21.987 34.414 0.9936174154
13 517.466 269.785 18.142 26.390 0.9772517681
14 581.473 266.446 21.248 28.238 0.9434570670
15 244.794 319.549 14.206 19.281 0.9323503971
