0 269.615 72.915 28.573 36.966 0.9999232292
1 82.754 53.358 29.400 40.926 0.9996838570
2 20.992 67.098 28.801 43.293 0.9996098876
3 144.904 98.700 26.025 40.806 0.9995040894
4 289.316 54.822 34.174 45.891 0.9995012283
5 45.665 57.123 24.220 29.923 0.9961286783
6 185.238 79.437 22.342 31.191 0.9865755439
7 122.783 62.094 22.652 24.970 0.9863453507
8 1.217 30.348 21.800 28.181 0.9775004983
9 255.468 68.188 15.720 24.535 0.9735884070
10 219.018 93.679 19.461 24.175 0.9426948428
11 -2.163 59.027 25.693 57.742 0.9030185342
12 192.230 63.243 15.836 20.948 0.9016751647
