0 250.752 268.951 32.058 39.459 0.9998989105
1 222.789 246.894 28.103 34.383 0.9998645782
2 371.956 278.454 34.394 43.187 0.9998539686
3 120.937 316.358 28.186 35.440 0.9995873570
4 459.813 296.452 27.864 32.876 0.9992920160
5 447.845 374.374 45.464 48.813 0.9992442131
6 56.728 269.795 28.193 32.510 0.9977055192
7 320.933 272.213 23.630 32.544 0.9974946976
8 94.087 398.488 44.139 58.656 0.9970856309
9 183.643 306.935 22.896 29.692 0.9959634542
10 80.867 227.438 12.414 15.193 0.9873673916
11 179.980 245.448 15.838 20.862 0.9872716069
12 161.822 238.876 20.434 26.826 0.9753630757
13 199.661 253.894 14.033 16.665 0.9722808599
14 309.933 228.032 14.888 19.497 0.9721436501
15 181.770 284.641 18.863 21.077 0.9554601908
16 343.343 259.207 21.189 23.292 0.9489360452
