0 233.907 98.553 122.052 139.927 1.0000000000
1 577.781 142.239 93.294 113.318 0.9999973774
2 52.602 188.754 61.411 74.977 0.9999789000
3 892.734 192.398 58.337 67.001 0.9999754429
4 766.815 181.828 67.971 78.080 0.9999668598
5 466.715 214.746 49.054 52.846 0.9995380640
6 712.069 228.536 37.532 39.980 0.9995294809
7 171.185 221.213 39.452 45.798 0.9993329644
8 -1.219 217.128 36.893 49.075 0.9989711046
9 436.568 235.030 33.080 39.753 0.9988520145
10 536.110 239.388 29.991 32.723 0.9970292449
11 852.151 237.563 25.979 29.290 0.9610285759
