0 519.363 223.979 31.399 40.083 0.9998813868
1 56.882 226.826 35.873 29.898 0.9996461868
2 147.380 224.019 14.398 18.373 0.9958989024
3 201.609 215.361 9.985 13.170 0.9855818152
4 400.723 216.635 11.582 15.234 0.9853473902
5 421.436 218.492 14.709 18.539 0.9786685109
6 213.550 216.746 8.923 11.395 0.9684156179
7 368.924 218.125 10.332 12.612 0.9681017995
8 385.547 209.573 11.716 15.589 0.9663650393
9 190.771 217.038 10.325 15.072 0.9642437100
10 169.759 221.404 11.651 15.080 0.9268485904
11 479.288 218.313 8.603 11.057 0.9233191013
