0 608.561 252.547 36.716 28.898 0.9997913241
1 335.164 239.900 35.299 32.929 0.9996089339
2 849.604 224.017 39.863 33.495 0.9995228052
3 444.181 196.834 44.722 54.183 0.9992954731
4 561.912 243.287 33.182 27.146 0.9989124537
5 784.354 223.829 46.871 45.442 0.9965709448
6 729.103 191.511 14.197 17.899 0.9896674156
7 923.118 219.785 18.942 21.615 0.9843766689
8 119.048 209.729 44.671 42.847 0.9773446918
9 890.280 202.651 14.633 19.911 0.9752218723
10 182.036 203.891 16.418 21.173 0.9665749073
11 395.310 202.875 16.735 16.951 0.9649453759
12 688.055 217.447 20.774 22.013 0.9465733767
13 608.413 200.802 11.827 15.152 0.9284762144
