0 748.699 287.200 17.090 20.542 0.9913307428
1 686.463 303.267 12.379 15.389 0.9907041192
2 577.269 297.235 11.474 18.001 0.9888960123
3 565.242 308.639 9.707 12.554 0.9857019186
4 728.735 308.402 13.251 15.691 0.9853208661
5 616.367 309.642 10.558 12.951 0.9691490531
6 876.001 298.747 9.943 12.540 0.9654459357
7 457.588 315.516 9.776 12.259 0.9618522525
8 488.731 309.441 7.885 11.050 0.9564904571
9 541.638 305.917 8.529 11.237 0.9551928639
10 482.037 311.337 7.504 10.059 0.9400165677
11 628.321 310.811 9.224 13.650 0.9300169945
12 529.704 308.043 9.345 11.469 0.9221572280
