0 427.523 130.112 58.636 73.042 0.9999796152
1 163.660 103.037 53.868 67.536 0.9999563694
2 669.531 177.727 51.157 65.258 0.9999420643
3 919.036 155.009 45.355 56.412 0.9994094372
4 227.692 129.142 44.995 54.052 0.9993916750
5 299.836 124.515 40.827 51.982 0.9990456700
6 541.675 187.106 38.736 49.735 0.9981747866
7 767.216 140.546 41.508 51.496 0.9975613356
8 664.000 115.377 43.748 51.512 0.9968987703
9 640.168 184.833 41.554 57.466 0.9968116879
10 475.810 178.102 41.819 56.666 0.9968004227
11 724.881 155.533 36.774 43.705 0.9924182892
