0 91.521 64.654 35.784 42.611 0.9999762774
1 265.821 393.863 32.100 42.386 0.9999201298
2 601.250 409.436 32.617 41.996 0.9998961687
3 426.999 43.429 44.124 62.973 0.9998950958
4 151.935 390.122 34.986 41.693 0.9998812675
5 349.072 404.072 38.039 48.324 0.9998698235
6 300.984 92.149 26.840 43.804 0.9997727275
7 686.091 385.742 42.209 59.090 0.9995953441
8 650.746 61.355 38.919 51.639 0.9995262623
9 612.262 92.362 27.558 31.207 0.9995032549
10 141.285 90.982 25.236 30.729 0.9992758632
11 500.948 388.058 39.339 65.298 0.9990119934
12 532.471 105.020 14.558 17.760 0.9963116050
13 57.125 398.063 27.977 37.152 0.9962898493
14 191.090 81.967 14.433 18.731 0.9961013794
15 282.206 85.702 13.273 17.329 0.9930925369
16 564.325 112.266 12.499 13.635 0.9847434759
17 518.320 98.507 15.194 19.661 0.9818698764
18 515.431 460.752 9.363 12.117 0.9791198373
19 760.944 430.383 14.686 21.397 0.9776390195
20 384.342 311.333 54.040 126.571 0.9775891304
21 486.739 89.104 20.092 27.840 0.9744599462
22 523.091 459.966 8.869 11.648 0.9719657898
23 549.320 116.293 11.777 13.784 0.9282838702
24 549.706 128.201 13.946 17.165 0.9147534370
