0 29.574 237.292 11.234 15.255 0.9892506599
1 7.613 239.340 11.776 18.256 0.9872168899
2 421.887 209.518 9.757 12.087 0.9718070030
3 533.398 215.291 9.147 12.871 0.9614463449
4 178.692 216.585 8.718 10.823 0.9604583979
5 310.483 215.279 9.079 11.081 0.9588065147
6 451.786 214.216 9.215 10.588 0.9551034570
7 400.873 212.262 8.151 10.310 0.9519839287
8 232.130 218.194 8.452 10.201 0.9479357004
9 472.401 213.505 8.412 11.005 0.9425724149
10 496.587 210.065 8.116 10.170 0.9406855106
11 93.054 214.951 8.001 10.009 0.9381456971
12 162.224 215.960 8.368 9.741 0.9211270213
13 520.175 209.619 7.880 9.763 0.9195076823
14 120.362 214.231 7.693 9.720 0.9127309322
15 79.795 214.866 7.570 9.431 0.9082355499
