0 204.828 57.072 49.615 65.781 0.9999756813
1 333.251 95.395 44.109 59.193 0.9998194575
2 87.320 58.546 42.015 62.606 0.9997655749
3 451.428 46.103 32.194 36.278 0.9997636676
4 173.394 40.548 31.376 40.317 0.9995629191
5 377.006 51.143 27.826 32.852 0.9991382360
6 309.490 46.077 25.014 33.462 0.9979293346
7 435.499 30.816 25.433 33.403 0.9971336126
8 42.532 58.058 36.318 60.312 0.9911192060
9 265.973 75.281 32.059 44.345 0.9884383082
10 417.802 43.443 16.602 24.773 0.9631674886
11 355.544 45.377 20.009 21.938 0.9518090487
12 9.442 33.823 20.607 25.263 0.9393809438
