0 515.878 139.393 46.707 60.364 0.9999412298
1 598.366 161.140 36.933 45.304 0.9998859167
2 397.130 162.390 37.225 49.887 0.9997949004
3 154.138 165.981 27.336 33.912 0.9997319579
4 312.939 137.937 31.349 47.875 0.9996457100
5 564.702 166.817 27.902 32.518 0.9991773963
6 281.422 155.315 26.122 34.291 0.9988567829
7 194.921 167.237 28.790 35.651 0.9988270402
8 100.272 168.253 24.408 30.229 0.9986332059
9 497.546 160.255 25.416 33.274 0.9974009991
10 466.223 145.276 15.935 21.695 0.9968192577
11 46.404 187.822 21.720 27.708 0.9918797612
12 377.985 170.234 19.614 23.726 0.9887630939
13 72.812 158.271 20.842 26.355 0.9865732193
14 53.780 165.591 17.526 22.492 0.9794122577
15 56.681 196.242 23.223 28.502 0.9321169853
