0 364.310 179.804 21.854 29.216 0.9963537455
1 76.794 189.840 20.911 29.658 0.9892179966
2 9.230 191.269 22.547 28.447 0.9872685671
3 268.883 95.326 19.109 25.782 0.9869840145
4 137.279 101.134 18.377 24.113 0.9856796861
5 115.275 149.306 20.722 27.811 0.9825966954
6 294.765 183.685 21.112 28.600 0.9821293950
7 245.126 145.155 19.397 27.197 0.9791864157
8 319.176 158.162 20.263 27.346 0.9777424932
9 271.161 129.068 20.429 26.791 0.9761255383
10 351.876 131.190 20.002 26.753 0.9758529663
11 108.140 119.000 19.321 25.898 0.9751880765
12 81.349 136.817 18.995 26.109 0.9714729786
13 205.185 97.054 17.094 23.513 0.9713657498
14 216.077 186.889 20.915 26.843 0.9711433649
15 380.317 147.795 20.651 27.022 0.9689438343
16 18.634 135.114 20.628 24.483 0.9681537747
17 298.226 116.876 18.848 25.609 0.9650375247
18 47.398 121.553 19.026 24.585 0.9649291635
19 182.420 149.948 19.681 26.455 0.9624778032
20 174.888 118.183 18.711 24.595 0.9623218775
21 149.035 186.510 20.667 25.019 0.9521493316
22 207.889 135.719 20.242 26.339 0.9489331841
23 234.631 113.853 18.919 26.018 0.9467062354
24 148.656 134.503 19.374 27.282 0.9332303405
25 48.466 155.432 20.617 26.644 0.9253929853
