0 677.543 157.572 17.930 22.288 0.9936555624
1 120.456 151.743 18.099 23.411 0.9932364821
2 631.586 151.657 17.496 21.217 0.9916408062
3 97.004 109.824 16.505 21.223 0.9899340272
4 490.139 110.720 17.909 21.693 0.9898831248
5 453.500 106.152 18.470 21.039 0.9897308350
6 377.321 117.160 17.603 22.505 0.9897275567
7 558.883 114.240 17.144 20.811 0.9892172813
8 532.975 154.464 18.919 24.335 0.9891263843
9 349.832 150.086 18.719 24.240 0.9888386726
10 261.985 61.689 17.116 22.323 0.9887203574
11 199.230 26.709 13.189 16.280 0.9874124527
12 280.401 159.927 19.572 22.797 0.9859306812
13 245.311 86.802 15.958 19.890 0.9856982827
14 508.542 83.013 17.102 21.853 0.9854661226
15 740.473 102.990 19.086 23.408 0.9850917459
16 475.336 153.627 20.181 25.362 0.9849268198
17 464.934 81.746 18.461 21.542 0.9845761061
18 623.794 107.923 15.605 20.388 0.9845148325
19 408.754 108.671 19.535 24.284 0.9831968546
20 271.903 125.413 16.523 21.080 0.9829856753
21 302.085 119.140 16.976 22.210 0.9811997414
22 299.700 67.267 16.011 20.712 0.9811412096
23 14.426 147.768 18.903 23.140 0.9802497625
24 520.752 110.952 18.170 23.736 0.9800748825
25 476.613 23.459 14.155 17.286 0.9800109863
26 222.739 151.916 19.228 23.951 0.9795864224
27 407.316 17.446 16.324 20.670 0.9788909554
28 128.546 110.721 15.867 20.743 0.9768934846
29 380.378 81.974 15.800 20.223 0.9766758084
30 66.595 58.920 13.460 17.562 0.9761191607
31 445.558 22.328 15.144 20.230 0.9760432839
32 582.361 90.858 15.755 19.028 0.9749948382
33 378.086 27.126 15.655 20.035 0.9738890529
34 542.662 85.119 16.253 19.985 0.9735118151
35 720.158 151.169 19.003 24.373 0.9732740521
36 161.024 147.783 18.728 24.050 0.9722657800
37 582.560 155.674 18.555 22.528 0.9695991278
38 90.787 66.661 14.501 19.433 0.9680119753
39 350.384 43.398 14.444 18.407 0.9661412239
40 495.986 60.152 16.370 19.767 0.9652486444
41 72.574 89.993 16.031 19.814 0.9647171497
42 420.782 44.644 15.601 20.386 0.9601756334
43 431.893 71.065 16.056 21.881 0.9567133188
44 591.276 32.498 12.629 16.767 0.9554669261
45 177.743 85.251 13.732 17.643 0.9552065730
46 212.671 76.902 16.040 21.304 0.9551453590
47 212.063 45.464 16.390 19.175 0.9548409581
48 417.768 149.538 20.626 26.693 0.9546661973
49 360.150 67.564 16.801 20.598 0.9537510872
50 155.488 122.062 15.611 21.073 0.9502103329
51 599.786 116.553 17.000 22.461 0.9483837485
52 193.060 62.499 14.868 18.225 0.9470748901
53 332.087 26.774 16.960 21.785 0.9434097409
54 277.548 86.384 15.092 20.536 0.9389532208
55 274.838 24.853 13.108 17.229 0.9355644584
56 312.720 43.453 15.127 20.002 0.9310035110
57 108.278 86.091 14.057 18.648 0.9264640808
58 143.891 86.345 15.270 20.064 0.9096286297
