0 73.230 361.485 60.501 85.295 0.9999921322
1 403.075 348.168 61.380 79.591 0.9999831915
2 334.700 280.227 55.991 72.179 0.9999760389
3 497.750 285.868 53.589 77.159 0.9999697208
4 175.902 340.843 58.413 68.448 0.9999626875
5 48.739 234.640 51.669 71.482 0.9999598265
6 307.849 48.753 31.432 37.308 0.9999562502
7 254.381 282.425 72.080 90.629 0.9999538660
8 381.950 469.602 69.058 89.541 0.9999519587
9 442.351 184.330 52.783 57.713 0.9999434948
10 133.638 246.325 55.462 74.026 0.9999359846
11 384.171 72.049 35.247 40.807 0.9999359846
12 430.185 272.462 54.095 63.685 0.9999283552
13 259.776 56.329 34.130 41.891 0.9999189377
14 128.156 447.975 67.006 90.809 0.9999188185
15 302.282 191.478 48.948 60.450 0.9999068975
16 291.977 89.005 39.178 43.773 0.9999057055
17 479.114 383.428 63.651 88.764 0.9999026060
18 15.754 407.084 66.516 95.992 0.9998673201
19 114.317 99.832 35.601 42.304 0.9998513460
20 17.238 34.249 33.827 41.658 0.9998226762
21 118.427 328.526 47.884 66.258 0.9997786880
22 20.031 94.397 40.912 42.685 0.9997652173
23 425.692 65.680 32.353 38.888 0.9997593760
24 188.865 242.870 45.139 58.968 0.9997238517
25 469.635 41.039 35.738 43.680 0.9997114539
26 362.877 228.175 50.061 58.263 0.9996901751
27 149.928 29.778 29.997 34.645 0.9996603727
28 90.236 70.425 33.674 39.065 0.9996577501
29 348.613 64.138 30.537 41.790 0.9996407032
30 211.077 81.781 35.310 41.243 0.9996166229
31 417.068 160.852 39.126 50.848 0.9996042848
32 131.800 54.518 31.990 35.509 0.9995952249
33 268.205 19.529 28.938 35.392 0.9995856881
34 210.890 119.919 29.033 40.301 0.9995735288
35 65.556 109.250 39.091 46.917 0.9995573163
36 220.644 48.527 28.668 34.847 0.9995408058
37 103.311 11.936 28.670 37.097 0.9995310307
38 60.165 155.669 39.111 43.317 0.9995195866
39 1.256 233.021 44.793 81.212 0.9994999170
40 150.661 140.458 43.780 51.866 0.9994994402
41 163.972 4.113 29.528 35.053 0.9994822741
42 420.003 4.274 29.734 32.381 0.9994549155
43 310.791 15.387 27.426 31.433 0.9994524121
44 361.802 173.668 41.639 47.734 0.9994187355
45 209.741 20.696 28.786 32.713 0.9993964434
46 176.982 39.422 30.659 41.050 0.9993846416
47 250.122 113.303 39.789 50.652 0.9993600249
48 140.572 79.963 33.406 36.968 0.9993430972
49 175.303 119.676 39.863 48.188 0.9992424250
50 475.124 7.096 28.349 33.626 0.9992384911
51 351.557 114.782 41.139 49.899 0.9991833568
52 385.836 5.502 28.780 34.933 0.9991222024
53 510.945 46.056 28.925 37.844 0.9990971088
54 520.800 69.595 31.274 47.181 0.9990381002
55 243.222 216.394 45.811 53.318 0.9989047050
56 356.433 24.635 27.346 32.479 0.9988898635
57 231.240 154.588 46.056 53.006 0.9988787770
58 522.133 173.583 30.808 45.188 0.9987187386
59 431.052 106.744 41.226 50.447 0.9986525178
60 499.917 126.677 42.747 50.422 0.9983761311
61 351.414 0.704 25.752 29.609 0.9983452559
62 340.094 388.305 53.638 71.081 0.9983356595
63 53.742 28.462 24.277 31.431 0.9982709885
64 16.421 137.138 42.755 50.764 0.9980821609
65 383.407 145.478 32.707 44.713 0.9979713559
66 98.431 49.138 29.052 32.958 0.9969254136
67 448.721 41.961 25.340 33.561 0.9920089245
68 281.934 -0.395 23.390 26.231 0.9917365909
69 394.070 53.639 27.791 33.375 0.9866266847
70 131.229 12.892 22.592 28.885 0.9860067368
71 450.771 19.096 23.193 28.189 0.9855850339
72 74.042 200.080 37.061 44.260 0.9843913317
73 411.626 216.718 43.340 50.721 0.9813794494
74 505.117 -0.487 23.791 28.579 0.9801582694
75 406.070 28.771 21.178 29.750 0.9728767276
76 185.899 87.447 26.041 33.193 0.9724344015
77 529.609 -0.355 23.174 27.315 0.9556360841
78 7.342 29.061 25.406 32.294 0.9222514033
