0 231.490 124.096 28.936 42.202 0.9993374944
1 581.491 333.702 28.004 47.430 0.9990919828
2 521.067 331.727 26.153 38.704 0.9984369874
3 641.925 337.426 27.239 37.968 0.9983888865
4 874.518 337.172 27.538 45.684 0.9982174039
5 552.667 331.804 30.911 46.316 0.9980493784
6 385.071 390.287 34.849 26.914 0.9954133630
7 682.034 350.548 27.923 43.288 0.9937896132
8 790.480 337.682 38.856 48.358 0.9896629453
9 498.677 349.825 21.510 27.381 0.9831990600
10 110.395 114.434 34.268 55.329 0.9554749131
11 8.124 349.824 26.898 34.810 0.9537531734
12 480.267 336.782 13.060 17.523 0.9241394401
