0 247.451 36.243 45.865 63.545 0.9998943806
1 302.566 32.970 34.433 39.089 0.9998717308
2 141.388 40.661 38.435 43.676 0.9998500347
3 175.844 20.152 29.199 35.468 0.9998292923
4 15.133 20.045 39.396 44.410 0.9998260140
5 101.972 34.204 27.966 32.307 0.9998088479
6 201.250 42.336 29.583 38.140 0.9997547269
7 460.003 46.214 29.362 34.843 0.9997536540
8 380.013 9.815 29.118 31.193 0.9994794726
9 63.326 55.539 43.295 51.802 0.9992977381
10 436.325 46.425 24.225 33.288 0.9984849095
11 73.758 9.457 22.582 28.841 0.9923805594
12 292.364 15.460 22.279 27.717 0.9873523712
13 120.921 4.758 23.691 27.235 0.9852215648
14 343.771 3.807 18.867 23.826 0.9749163389
15 342.116 33.830 22.265 29.212 0.9726687074
16 196.518 -0.880 22.485 22.295 0.9653509259
17 160.629 5.918 17.405 20.588 0.9613716602
18 263.574 7.335 21.197 25.939 0.9449644089
19 443.530 1.897 20.436 24.690 0.9446714520
20 432.977 15.327 13.012 15.837 0.9393611550
21 487.624 5.847 16.516 26.174 0.9372003078
22 466.537 13.322 18.564 22.267 0.9155454040
