0 333.024 121.201 55.041 73.695 0.9999861717
1 103.345 61.260 59.833 87.023 0.9999779463
2 262.478 96.625 45.009 54.834 0.9997386336
3 468.343 13.688 33.768 39.791 0.9996858835
4 421.423 95.338 42.637 68.917 0.9995836616
5 201.508 34.674 27.149 34.933 0.9989362359
6 543.321 3.332 34.915 40.300 0.9987387061
7 449.602 111.310 44.748 86.848 0.9984967709
8 182.148 87.436 40.890 54.064 0.9976582527
9 220.493 116.842 32.972 43.676 0.9976419210
10 298.090 22.988 23.699 26.553 0.9888448119
11 385.265 -0.755 31.985 28.469 0.9869740009
