0 265.642 101.403 33.047 39.583 0.9998517036
1 373.052 108.791 31.169 42.562 0.9997803569
2 157.990 115.194 35.754 38.947 0.9994035959
3 74.511 88.583 29.982 49.383 0.9987485409
4 476.590 48.746 22.965 27.786 0.9944700003
5 1.405 98.431 22.591 27.279 0.9942879081
6 185.443 24.826 21.469 26.608 0.9843073487
7 130.414 51.880 22.362 25.566 0.9833571911
8 380.177 42.981 22.431 27.508 0.9792020917
9 104.581 91.626 22.388 31.448 0.9709545970
10 475.160 1.184 25.409 30.077 0.9677723050
11 138.635 28.256 15.624 17.650 0.9510723948
12 51.894 60.416 21.749 26.215 0.9281374216
