0 45.429 218.397 28.025 34.637 0.9997149110
1 180.989 119.766 26.214 35.417 0.9996538162
2 494.739 112.252 27.150 35.244 0.9994843006
3 395.691 221.270 26.619 36.684 0.9994108677
4 243.122 129.622 25.516 34.167 0.9993689656
5 396.795 82.218 24.039 32.754 0.9991592169
6 316.821 214.667 26.770 37.413 0.9990831614
7 231.452 225.819 25.822 33.190 0.9989696741
8 82.917 70.322 24.084 31.506 0.9989232421
9 114.172 113.581 25.648 33.145 0.9985099435
10 487.308 221.418 26.431 36.936 0.9985052347
11 52.046 116.504 24.346 32.625 0.9984660149
12 427.602 117.398 25.925 35.941 0.9983993173
13 132.903 68.570 22.893 30.672 0.9979312420
14 141.652 212.187 25.001 38.448 0.9977072477
15 305.690 125.882 26.166 35.446 0.9975307584
16 456.134 71.035 23.598 30.905 0.9966953993
17 198.501 71.261 23.587 30.792 0.9966440201
18 367.999 121.603 24.117 32.480 0.9949650168
19 260.364 76.796 25.364 35.644 0.9949253798
20 328.121 64.775 25.564 34.193 0.9947800636
