0 239.542 51.837 35.862 46.731 0.9998598099
1 343.817 88.682 14.817 18.309 0.9972469807
2 20.817 113.010 17.824 19.016 0.9964529276
3 325.387 93.924 13.791 17.400 0.9935348034
4 41.702 99.014 12.862 16.093 0.9894970655
5 296.372 95.768 14.921 17.222 0.9836979508
6 167.511 99.486 13.383 17.792 0.9835251570
7 155.099 97.372 13.497 21.697 0.9785240889
8 485.120 99.072 17.970 25.476 0.9783501625
9 272.003 80.558 21.517 25.799 0.9766961932
10 413.467 95.451 13.430 15.854 0.9747872949
11 438.600 93.629 17.458 22.311 0.9256870151
