0 34.581 102.177 66.460 72.393 0.9999933243
1 249.527 39.710 53.851 74.687 0.9999895096
2 428.185 130.196 53.464 57.972 0.9999597073
3 551.436 125.826 50.338 56.754 0.9999418259
4 494.424 107.123 33.871 41.876 0.9998844862
5 397.500 126.071 32.057 42.643 0.9998521805
6 116.303 142.472 29.143 32.829 0.9996145964
7 320.429 98.070 33.592 43.148 0.9995712638
8 357.018 95.049 41.389 55.263 0.9994500279
9 167.577 127.672 22.948 31.433 0.9971952438
10 303.326 101.186 23.161 30.995 0.9953044653
11 144.081 122.950 23.071 29.137 0.9948728681
12 92.869 103.866 22.288 35.025 0.9755018950
13 526.170 131.899 13.727 15.785 0.9603653550
