0 118.061 26.682 15.014 18.800 0.9910566807
1 189.597 37.009 15.629 20.662 0.9902280569
2 242.403 35.064 14.798 20.039 0.9886725545
3 143.199 30.352 16.625 20.897 0.9876790643
4 19.342 30.048 18.000 22.340 0.9849468470
5 203.245 27.379 13.958 18.322 0.9849287868
6 109.243 63.382 20.630 25.613 0.9845209718
7 92.442 31.904 16.314 21.204 0.9831413031
8 167.603 56.067 19.177 24.252 0.9812018871
9 53.909 48.829 19.781 26.267 0.9763753414
10 101.478 16.982 14.532 18.570 0.9736254811
11 83.226 19.231 14.579 19.134 0.9643205404
12 49.958 27.566 15.649 18.768 0.9517278075
