0 201.032 192.482 12.177 14.778 0.9941003919
1 225.346 176.001 11.523 14.209 0.9930277467
2 173.243 214.786 11.991 15.098 0.9928280711
3 331.612 215.071 12.296 15.515 0.9921980500
4 208.256 216.592 12.942 16.749 0.9921286106
5 301.584 195.073 11.882 15.583 0.9912970066
6 293.085 212.771 12.828 14.168 0.9898458719
7 141.050 216.285 11.455 14.497 0.9893007874
8 253.512 176.128 10.971 13.913 0.9891979098
9 284.993 176.574 11.007 13.222 0.9883555174
10 271.110 188.299 12.137 16.111 0.9852702022
11 253.274 218.670 11.740 13.474 0.9844115376
12 165.826 176.785 10.917 13.383 0.9836198092
13 347.149 176.898 11.649 14.125 0.9827985168
14 318.087 178.636 11.708 14.057 0.9794346690
15 239.362 192.650 12.557 16.387 0.9791994691
16 340.748 196.065 11.614 14.060 0.9768723249
17 141.929 176.333 10.793 12.741 0.9733549953
18 193.298 178.033 10.382 12.486 0.9713374376
19 145.360 204.371 10.832 12.792 0.9671084881
20 166.461 203.230 11.669 14.467 0.9419682622
