0 287.366 82.866 28.032 34.593 0.9997093081
1 525.660 261.488 10.545 13.399 0.9863943458
2 627.908 293.119 11.354 14.557 0.9846239090
3 560.492 270.760 10.060 12.548 0.9815853834
4 369.907 257.271 10.236 12.297 0.9810989499
5 458.563 269.920 9.809 12.155 0.9775316715
6 275.087 250.293 10.584 12.882 0.9757326841
7 166.263 213.186 9.112 10.954 0.9743458033
8 497.839 275.912 10.823 12.381 0.9742614031
9 476.369 254.133 9.624 11.751 0.9716789126
10 626.763 246.369 9.318 10.974 0.9660434127
11 467.310 230.082 9.589 11.777 0.9649590254
12 584.630 246.806 9.709 12.096 0.9644145370
13 582.469 295.621 11.143 13.266 0.9584757090
14 331.825 259.710 10.185 12.193 0.9579504132
15 392.263 90.195 20.580 40.896 0.9554315805
16 546.870 285.929 10.741 12.796 0.9489514828
17 167.741 228.199 9.544 12.119 0.9483300447
18 219.308 234.858 9.773 12.137 0.9339241982
19 369.466 244.736 9.279 10.724 0.9314374924
20 528.153 213.109 8.376 10.167 0.9174128175
21 75.617 192.461 8.594 10.434 0.9151754379
22 145.694 209.019 8.766 10.031 0.9057021737
