0 225.296 61.488 12.038 14.758 0.9818459153
1 49.078 57.465 11.124 13.841 0.9790881276
2 248.119 44.290 11.175 13.991 0.9787650704
3 168.028 46.670 10.684 14.131 0.9785950780
4 69.892 51.511 11.528 13.413 0.9748024344
5 197.650 40.656 10.138 12.971 0.9744476676
6 42.926 41.299 10.657 13.440 0.9716650844
7 210.976 43.151 10.447 13.804 0.9580783248
8 111.884 53.806 9.894 12.445 0.9572853446
9 180.594 50.517 10.665 13.652 0.9560876489
10 136.417 55.832 10.534 12.569 0.9554007649
11 88.786 58.210 11.999 12.940 0.9416944981
12 18.368 58.261 11.494 13.595 0.9351812005
13 152.875 55.658 10.789 13.605 0.9332275391
14 123.240 49.332 9.632 12.606 0.9310414195
15 190.822 66.946 10.387 12.897 0.9190450907
16 146.133 46.074 10.289 12.514 0.9059124589
