0 201.177 21.119 31.285 39.168 0.9997976422
1 24.698 52.301 31.855 34.783 0.9997953773
2 82.728 70.453 24.877 30.884 0.9990143776
3 128.167 22.372 21.846 27.309 0.9924532771
4 89.934 10.047 18.192 23.392 0.9916070700
5 160.308 11.770 15.340 17.736 0.9900900126
6 108.009 11.769 12.900 16.409 0.9897214770
7 152.127 25.792 17.628 21.352 0.9885134101
8 170.804 45.819 20.457 25.294 0.9879286885
9 181.142 26.642 14.929 18.107 0.9854533076
10 101.330 40.303 18.244 22.202 0.9752473831
11 166.634 81.532 20.786 25.725 0.9727551937
12 69.901 44.242 20.286 26.321 0.9654153585
