0 113.613 19.362 32.835 41.136 0.9996838570
1 265.127 124.023 36.322 50.878 0.9996297359
2 211.607 124.358 29.409 40.500 0.9995923638
3 161.087 127.887 29.012 38.137 0.9995514750
4 217.651 16.934 26.503 35.189 0.9995301962
5 112.046 128.436 26.104 39.147 0.9993388057
6 171.706 21.128 26.952 33.698 0.9992299080
7 263.555 12.766 29.658 43.827 0.9991829991
8 62.033 127.738 25.921 41.921 0.9990398288
9 17.395 123.238 33.107 50.343 0.9973893762
10 65.950 20.770 26.596 38.774 0.9973868728
11 22.886 18.519 19.557 30.180 0.9725707173
