0 479.023 234.085 31.709 37.013 0.9996874332
1 362.416 184.154 14.409 15.357 0.9958353043
2 247.547 189.198 15.880 17.149 0.9933091402
3 306.562 184.296 13.897 15.524 0.9929648638
4 329.273 182.708 16.351 17.531 0.9906914830
5 580.374 184.964 23.414 24.801 0.9894821644
6 438.343 193.519 19.697 20.866 0.9893214703
7 554.143 173.125 16.294 17.245 0.9886111617
8 263.979 176.454 12.383 13.669 0.9882215858
9 183.108 193.745 14.144 19.219 0.9832973480
10 234.308 170.722 13.049 13.989 0.9832495451
11 618.326 177.875 21.105 23.741 0.9814753532
12 517.769 184.835 21.020 24.325 0.9683399796
13 465.971 171.460 13.451 14.990 0.9645136595
14 401.151 194.158 15.340 16.784 0.9631916881
15 287.569 188.642 17.263 17.478 0.9571709633
