0 8.118 41.125 12.914 15.437 0.9917443395
1 13.170 59.310 12.443 15.233 0.9901727438
2 49.685 82.719 11.873 14.215 0.9830812812
3 36.766 48.620 10.167 12.598 0.9804677963
4 181.464 55.170 10.753 13.125 0.9746208191
5 98.831 77.233 10.525 13.364 0.9702317119
6 155.058 49.257 9.127 10.879 0.9673660994
7 127.271 55.644 8.230 10.111 0.9531545043
8 111.122 61.628 8.577 10.725 0.9520009756
9 166.256 57.236 9.611 12.345 0.9486292601
10 125.845 85.626 9.605 11.096 0.9411113262
11 100.536 50.994 8.350 10.462 0.9208191633
12 147.110 60.018 9.382 11.167 0.9127020240
