0 69.191 99.995 17.190 21.498 0.9961974621
1 150.158 81.648 16.718 21.253 0.9953510761
2 372.563 123.019 19.977 24.795 0.9926856756
3 269.967 76.946 16.930 23.106 0.9911285639
4 272.206 107.407 19.129 24.708 0.9905284047
5 248.664 121.289 18.979 25.112 0.9891961813
6 43.688 111.804 18.026 22.906 0.9889738560
7 296.939 96.131 16.758 22.275 0.9888615012
8 345.722 107.908 18.416 24.461 0.9887374640
9 238.977 93.306 17.478 24.119 0.9878683090
10 184.215 96.897 17.650 22.577 0.9873136878
11 316.495 132.459 19.045 26.116 0.9872953296
12 160.524 111.054 17.429 24.169 0.9859493375
13 161.216 157.684 19.924 24.898 0.9853979349
14 8.411 123.052 20.863 26.056 0.9840514064
15 33.499 161.645 21.174 26.030 0.9837030172
16 359.442 152.088 20.293 26.544 0.9830493927
17 211.905 77.666 15.955 21.909 0.9826282263
18 294.499 156.240 20.626 26.908 0.9807226062
19 69.228 130.443 19.535 26.046 0.9795031548
20 123.641 97.366 17.767 23.531 0.9783705473
21 99.162 113.059 18.238 24.157 0.9757148623
22 222.898 158.690 19.684 24.956 0.9736189246
23 214.624 112.297 18.872 24.288 0.9714180827
24 191.413 126.030 18.506 24.616 0.9598776698
25 131.185 125.323 18.669 25.136 0.9555050135
26 94.683 162.155 19.902 25.708 0.9525477290
