0 884.552 180.695 33.033 40.337 0.9999911785
1 795.639 170.894 30.342 37.342 0.9999696016
2 143.994 193.548 34.754 41.254 0.9999694824
3 414.018 262.227 34.816 44.209 0.9999663830
4 629.605 193.974 30.762 37.668 0.9999624491
5 300.280 186.300 36.399 44.535 0.9999572039
6 607.440 256.263 33.241 41.969 0.9999519587
7 788.596 276.330 33.309 39.335 0.9999488592
8 962.095 180.269 31.609 40.570 0.9999369383
9 507.024 245.483 33.236 44.700 0.9999365807
10 693.024 278.630 31.019 36.667 0.9999139309
11 457.393 187.102 31.600 42.026 0.9998989105
12 375.896 177.705 31.990 42.838 0.9998919964
13 720.421 188.977 31.266 39.099 0.9998769760
14 305.727 255.348 39.206 48.999 0.9998641014
15 217.579 204.077 30.262 35.035 0.9998294115
16 546.493 197.118 28.010 37.997 0.9995495677
