0 264.881 229.136 26.709 33.813 0.9997270703
1 156.836 208.901 17.973 21.390 0.9989145994
2 91.029 201.534 16.088 18.570 0.9986802936
3 220.590 213.528 18.078 21.766 0.9981263280
4 185.669 210.595 14.965 17.585 0.9977850914
5 200.888 200.767 13.590 15.907 0.9925881028
6 119.562 206.838 18.534 21.965 0.9920287728
7 342.236 207.365 16.396 19.862 0.9919164777
8 384.373 193.062 16.385 17.735 0.9908046722
9 69.204 198.108 12.754 14.399 0.9845464826
10 50.232 192.418 11.102 12.829 0.9820668697
11 250.053 193.043 12.906 15.012 0.9818392992
12 511.802 193.775 10.313 14.419 0.9730105400
13 532.672 201.004 11.270 14.765 0.9715440869
14 221.030 192.942 9.960 12.172 0.9645066857
15 326.710 194.029 16.073 17.811 0.9429819584
16 233.876 199.964 12.466 14.799 0.9353986979
