0 415.367 234.385 25.046 33.135 0.9995363951
1 513.878 48.699 10.203 12.719 0.9894738793
2 410.473 55.336 10.731 14.393 0.9883111119
3 356.696 53.510 11.082 13.350 0.9869741201
4 502.442 43.037 9.902 12.092 0.9862057567
5 27.586 173.789 12.785 14.255 0.9819735289
6 89.556 174.400 13.853 16.023 0.9817473292
7 347.895 249.941 19.154 32.767 0.9785103798
8 557.641 238.205 19.598 35.111 0.9784024358
9 428.207 41.797 10.265 13.042 0.9776476622
10 534.719 101.556 12.038 14.286 0.9766919613
11 390.360 101.541 11.757 14.761 0.9741447568
12 148.998 166.490 13.514 15.490 0.9687064290
13 455.484 40.525 10.725 13.794 0.9685233235
14 478.753 50.881 9.173 11.247 0.9680882096
15 205.672 172.793 13.461 14.319 0.9509683847
16 398.686 47.025 9.122 11.023 0.9216096401
17 382.913 54.288 12.242 14.347 0.9169864058
