0 971.466 440.165 36.929 43.466 0.9999603033
1 660.250 603.860 37.209 42.047 0.9999228716
2 1079.370 616.434 45.645 55.897 0.9998764992
3 421.369 426.382 36.247 41.451 0.9998170733
4 354.854 433.884 36.837 46.079 0.9998088479
5 873.171 427.925 38.833 46.968 0.9998031259
6 793.312 450.750 33.510 44.818 0.9997966886
7 847.185 615.796 36.975 40.062 0.9997949004
8 947.941 629.635 40.991 45.406 0.9997704625
9 737.898 593.462 40.334 46.319 0.9997310042
10 270.391 445.748 35.793 40.732 0.9997287393
11 500.485 427.617 35.964 43.290 0.9997172952
12 378.573 598.722 37.120 44.996 0.9996758699
13 587.035 407.640 37.820 47.387 0.9995936751
14 473.323 603.978 39.684 46.982 0.9993096590
15 1077.931 447.140 42.328 49.181 0.9992376566
16 566.321 610.255 35.272 44.830 0.9992049336
17 683.302 366.973 39.646 51.824 0.9992009997
18 287.614 599.693 43.149 50.005 0.9981232285
19 98.643 438.275 22.435 26.448 0.9929591417
