0 371.006 177.098 49.422 63.243 0.9999524355
1 272.068 202.575 47.341 58.260 0.9999287128
2 203.834 138.077 31.056 43.106 0.9999177456
3 468.154 222.884 58.233 67.825 0.9999130964
4 416.022 111.350 35.444 40.924 0.9999012947
5 25.658 75.886 46.230 62.350 0.9998730421
6 476.846 118.369 30.653 37.769 0.9998701811
7 294.643 134.011 31.062 41.965 0.9998212457
8 75.428 59.787 35.603 46.720 0.9997811913
9 70.847 112.329 36.158 47.633 0.9995767474
10 431.414 168.204 38.949 53.306 0.9994620681
11 11.842 193.448 46.996 61.472 0.9994499087
12 234.679 150.705 38.625 51.688 0.9992259741
13 324.831 183.686 37.795 48.690 0.9990901947
14 399.308 135.642 28.051 37.071 0.9955593348
15 159.773 111.649 24.886 32.597 0.9946824908
16 236.910 101.379 13.417 16.989 0.9509318471
17 271.093 146.053 27.280 39.621 0.9399041533
