0 38.319 349.723 25.867 28.739 0.9985741377
1 310.338 329.570 24.072 29.004 0.9980682731
2 98.036 340.330 23.719 27.500 0.9968805313
3 252.298 352.154 23.037 25.962 0.9965385199
4 325.100 281.856 19.324 21.972 0.9954011440
5 157.502 354.266 23.542 27.060 0.9953395128
6 566.993 349.779 24.265 27.244 0.9952895641
7 210.337 355.063 22.904 26.980 0.9945029020
8 377.110 283.770 18.976 22.390 0.9936013818
9 472.904 313.689 19.272 21.498 0.9933898449
10 243.903 308.785 21.697 24.102 0.9928937554
11 386.703 311.666 20.933 23.868 0.9928298593
12 516.464 339.914 22.519 26.938 0.9926751256
13 296.723 297.997 19.719 22.416 0.9921281338
14 467.300 342.050 22.626 25.615 0.9918888211
15 488.265 285.365 20.481 23.577 0.9913747907
16 368.394 348.998 21.222 26.156 0.9905801415
17 617.003 358.719 17.606 20.769 0.9902959466
18 104.818 283.035 21.292 23.565 0.9897981882
19 86.531 316.913 22.667 26.045 0.9891735315
20 217.507 287.626 20.536 23.701 0.9889286160
21 270.604 284.111 19.635 21.889 0.9870075583
22 447.043 291.299 17.908 20.886 0.9869849086
23 198.965 310.990 21.219 24.543 0.9858093858
24 423.886 356.053 20.924 25.973 0.9851621985
25 343.191 311.284 18.332 21.078 0.9839720726
26 41.400 283.046 21.956 24.028 0.9837444425
27 26.021 319.374 21.291 25.520 0.9748046994
28 431.449 309.406 19.382 22.842 0.9710978270
29 170.558 305.593 18.697 24.468 0.9665178061
30 149.624 314.060 20.692 22.612 0.9594054818
31 185.654 192.018 11.481 13.561 0.9367368817
32 154.824 194.376 12.085 14.059 0.9329606891
33 531.289 322.687 19.376 22.493 0.9303745627
34 106.734 220.274 10.555 11.987 0.9147557020
35 274.651 180.628 10.417 11.809 0.9001361132
