0 187.298 42.261 56.737 86.992 0.9999843836
1 234.173 432.079 37.567 45.581 0.9998741150
2 143.075 27.407 45.232 73.393 0.9998164773
3 149.620 192.615 27.802 31.828 0.9996565580
4 366.644 191.860 44.561 49.957 0.9995106459
5 361.982 449.266 28.971 35.994 0.9993113279
6 57.548 195.523 20.592 34.616 0.9993032217
7 88.256 510.506 44.387 48.501 0.9992976189
8 97.815 221.244 24.527 32.780 0.9989166260
9 247.415 200.553 24.187 30.259 0.9986274242
10 439.096 223.294 33.658 49.302 0.9984204769
11 513.189 40.817 17.746 22.326 0.9959999323
12 90.115 35.693 27.591 49.387 0.9956299067
13 50.215 5.586 36.687 54.257 0.9897486567
14 248.303 14.043 25.751 34.202 0.9893699884
15 283.331 48.083 19.053 23.792 0.9870365858
16 130.496 212.637 9.593 12.389 0.9813173413
17 342.477 41.035 18.444 23.692 0.9802765846
18 317.897 46.085 22.616 25.682 0.9789758325
19 401.417 33.866 21.990 24.363 0.9755107164
20 65.738 454.698 10.203 12.504 0.9648042321
21 435.817 50.937 15.281 18.911 0.9399272203
22 33.009 13.395 23.776 41.323 0.9339368939
23 174.424 451.166 9.490 14.257 0.9247354269
