0 175.629 75.748 10.948 14.583 0.9869556427
1 96.996 56.333 10.358 13.313 0.9852405787
2 25.574 73.853 11.319 14.950 0.9807486534
3 203.686 83.241 10.807 13.798 0.9800822139
4 108.790 59.728 9.901 12.772 0.9799702168
5 225.581 82.265 10.724 13.801 0.9789770842
6 213.420 67.441 9.424 12.526 0.9767425656
7 377.976 205.449 22.130 35.434 0.9723927975
8 234.701 58.187 9.537 12.841 0.9711271524
9 128.504 61.534 10.180 13.407 0.9681345224
10 159.605 80.087 10.103 12.769 0.9654063582
11 386.067 80.417 9.141 11.688 0.9635160565
12 70.908 62.597 9.327 11.873 0.9632498622
13 284.396 66.670 9.678 12.678 0.9625621438
14 354.886 70.283 11.189 14.607 0.9607995152
15 386.953 63.547 8.889 11.114 0.9572442770
16 248.012 82.999 10.925 14.028 0.9571657181
17 85.452 60.593 8.678 11.005 0.9480313659
18 430.396 71.631 9.148 12.273 0.9449925423
19 186.996 52.309 8.102 10.097 0.9413744807
20 360.278 58.421 8.359 10.513 0.9361951351
21 250.015 60.646 9.312 12.414 0.9346442819
22 290.479 65.345 9.905 12.724 0.9270076156
23 69.773 49.648 9.055 11.381 0.9201371670
24 263.394 72.991 9.803 13.562 0.9180377126
25 301.724 91.219 9.397 12.312 0.9169188142
26 200.417 69.743 8.694 10.809 0.9149499536
27 262.454 55.197 8.200 10.671 0.9106194377
28 140.728 70.292 10.791 14.644 0.9082859755
29 477.245 164.849 25.084 48.003 0.9081746936
