0 241.347 106.461 41.840 55.409 0.9995363951
1 222.341 221.132 8.367 10.641 0.9826493263
2 133.275 216.115 9.524 11.897 0.9792515039
3 103.317 225.550 8.543 10.309 0.9647236466
4 381.148 221.821 8.394 10.304 0.9633467793
5 361.070 222.672 7.807 9.925 0.9589179158
6 154.224 222.662 8.392 10.454 0.9541622400
7 480.296 224.674 8.860 10.857 0.9528450966
8 393.229 218.491 7.876 10.011 0.9510743618
9 452.098 228.804 8.514 10.265 0.9457687736
10 177.097 227.081 8.059 10.155 0.9419661760
11 501.487 225.128 9.252 10.608 0.9376200438
12 260.336 224.746 7.879 9.674 0.9359876513
13 465.263 225.383 8.503 10.373 0.9274152517
14 89.285 227.160 8.351 10.499 0.9166102409
15 116.324 226.372 8.481 10.369 0.9154188037
16 56.326 223.899 8.284 10.454 0.9150500894
17 429.316 232.288 7.953 9.736 0.9142072201
18 166.060 226.029 7.922 9.802 0.9107277989
19 313.001 227.013 7.513 9.035 0.9073379636
20 199.396 226.217 7.522 9.617 0.9007368088
21 292.196 226.432 7.304 9.210 0.9005063176
