0 283.430 84.838 50.426 61.953 0.9999805689
1 490.440 108.352 50.319 65.583 0.9999439716
2 566.232 124.371 29.167 37.068 0.9999363422
3 89.595 98.968 50.111 58.601 0.9999217987
4 391.662 113.386 31.365 41.470 0.9998354912
5 438.424 178.395 37.226 44.815 0.9997817874
6 205.512 127.305 38.857 45.679 0.9997339845
7 705.400 110.097 43.788 61.472 0.9995828271
8 651.984 116.418 38.572 47.489 0.9993849993
9 34.712 96.330 40.268 46.155 0.9985698462
10 607.661 119.975 23.910 31.258 0.9862602353
11 474.320 126.728 32.392 46.232 0.9503906369
