0 570.545 210.629 14.669 17.163 0.9955108166
1 402.285 209.003 14.226 16.239 0.9876835942
2 377.290 158.599 11.736 14.386 0.9847359657
3 233.290 180.448 11.979 14.047 0.9846783876
4 322.351 202.275 12.766 15.753 0.9809409976
5 403.073 136.160 9.759 12.607 0.9792125225
6 359.550 89.760 9.494 12.425 0.9770618081
7 265.353 185.198 11.545 14.455 0.9733138084
8 333.305 94.253 10.437 12.938 0.9683400393
9 597.625 206.414 10.913 14.009 0.9613316655
10 91.391 169.200 9.036 12.532 0.9498739839
11 416.791 135.796 9.144 11.002 0.9390181899
12 377.639 90.721 9.829 12.099 0.9374973178
13 329.290 190.234 11.331 13.565 0.9262339473
14 249.096 193.706 13.106 17.533 0.9149497747
15 77.319 167.868 10.755 13.643 0.9077395201
