0 88.338 120.382 47.328 62.130 0.9999185801
1 403.934 88.547 36.636 39.811 0.9998320341
2 382.001 52.088 30.990 40.343 0.9996961355
3 238.607 143.930 45.449 55.228 0.9996283054
4 6.529 163.993 47.033 61.300 0.9996258020
5 356.165 86.502 31.962 38.933 0.9995294809
6 359.345 143.130 38.239 40.167 0.9968889356
7 194.072 42.552 26.111 37.692 0.9961917400
8 479.358 108.332 40.223 60.628 0.9958242178
9 348.079 59.233 26.797 32.387 0.9949578643
10 133.061 98.082 47.756 57.675 0.9934020638
11 61.624 48.236 24.668 31.147 0.9888012409
12 255.308 82.437 35.679 43.665 0.9883893728
13 448.017 43.875 23.581 36.578 0.9870633483
14 302.490 63.112 29.313 36.190 0.9857091904
15 145.656 185.720 37.061 45.484 0.9705431461
16 337.149 24.948 19.699 25.350 0.9300223589
