0 151.382 425.934 60.666 78.516 0.9999921322
1 73.200 317.539 56.089 79.259 0.9999909401
2 360.891 408.463 63.731 84.825 0.9999896288
3 395.707 168.323 50.091 65.628 0.9999769926
4 204.075 365.939 48.353 63.246 0.9999459982
5 296.876 250.946 44.407 62.634 0.9999154806
6 374.782 32.765 32.481 44.369 0.9999006987
7 219.787 189.973 44.963 57.247 0.9998830557
8 1.212 263.956 49.885 64.313 0.9998439550
9 512.201 28.634 30.533 39.013 0.9997562766
10 46.152 52.940 34.526 45.388 0.9997044206
11 335.209 183.038 35.115 39.391 0.9996771812
12 122.837 57.223 34.459 47.769 0.9996727705
13 304.580 30.057 32.041 40.533 0.9995676875
14 300.207 121.839 35.565 44.549 0.9995160103
15 210.881 124.843 38.126 50.606 0.9993559718
16 166.854 13.915 31.245 42.391 0.9992701411
17 486.470 89.255 34.424 43.697 0.9992088675
18 167.501 67.716 41.259 50.977 0.9989852309
19 61.619 129.191 38.952 53.251 0.9988761544
20 503.689 146.421 42.413 62.812 0.9988471270
21 164.284 160.734 40.196 48.703 0.9986328483
22 281.387 169.204 44.040 53.492 0.9982642531
23 114.086 211.406 42.000 57.051 0.9981972575
24 406.353 115.190 35.374 43.159 0.9974446297
25 257.951 39.755 31.782 42.063 0.9972230196
26 155.003 217.745 39.854 53.177 0.9971106052
27 3.816 219.970 41.768 50.269 0.9467213154
