0 15.169 304.151 48.661 58.005 0.9999278784
1 395.604 31.825 32.753 42.930 0.9999095201
2 25.014 91.317 44.043 57.660 0.9999066591
3 190.580 11.080 30.823 41.648 0.9998232722
4 567.734 14.781 32.676 43.904 0.9997758269
5 498.256 5.719 32.756 44.239 0.9997522235
6 253.168 32.096 34.009 45.366 0.9997336268
7 410.333 114.811 35.934 47.450 0.9997033477
8 39.360 42.384 36.466 44.630 0.9996902943
9 383.650 260.201 43.437 55.300 0.9995873570
10 533.890 82.241 45.436 58.073 0.9995738864
11 243.944 288.679 43.904 52.233 0.9995587468
12 135.722 35.540 38.366 46.817 0.9994567037
13 42.609 5.609 30.958 36.693 0.9994531274
14 294.709 73.044 42.214 58.004 0.9993957281
15 440.849 49.799 34.736 46.192 0.9993625283
16 447.244 -1.239 34.065 36.300 0.9993347526
17 312.482 19.223 31.877 43.968 0.9991176724
18 172.878 123.783 39.855 51.819 0.9989798665
19 335.591 60.095 33.818 43.539 0.9989504218
20 270.944 -0.999 27.664 28.037 0.9985077977
21 205.645 65.355 36.077 47.443 0.9983643889
22 497.909 231.276 37.968 60.915 0.9983174801
23 107.202 57.955 40.518 53.794 0.9962091446
24 366.293 -1.623 31.514 33.026 0.9926472902
25 133.785 261.941 35.867 59.055 0.9573271871
