0 90.136 74.631 17.554 22.417 0.9960235357
1 104.301 130.982 20.847 25.514 0.9916075468
2 7.023 61.021 15.396 21.011 0.9911449552
3 100.028 59.561 14.170 17.000 0.9908705354
4 29.417 122.901 21.100 28.167 0.9878706336
5 109.558 94.945 20.129 24.731 0.9836977124
6 32.029 64.543 16.754 21.855 0.9819396138
7 67.605 74.280 20.943 26.927 0.9805260301
8 48.658 64.024 13.023 16.772 0.9692155123
9 119.953 23.706 12.214 15.639 0.9660212994
10 13.339 98.013 20.741 26.182 0.9647238851
11 37.660 33.089 12.605 15.997 0.9587337971
12 82.361 49.811 12.407 15.919 0.9548808336
13 64.584 56.590 12.432 15.333 0.9434887171
14 66.456 25.872 11.802 14.739 0.9370366335
15 132.557 103.752 18.090 27.384 0.9358325005
16 26.388 22.511 9.709 11.687 0.9357191324
17 79.200 19.085 10.100 12.463 0.9206401706
18 14.115 24.469 10.559 12.181 0.9187261462
19 100.127 44.753 10.862 12.517 0.9181990623
