0 41.172 88.482 57.086 68.623 0.9999951124
1 358.174 34.927 54.272 72.706 0.9999889135
2 305.127 80.988 34.534 42.525 0.9999420643
3 268.742 44.702 30.322 37.543 0.9999363422
4 157.342 17.793 31.944 39.163 0.9999030828
5 122.167 76.378 32.428 48.105 0.9998803139
6 179.257 70.357 32.322 40.263 0.9995921254
7 223.947 35.663 40.062 53.934 0.9995000362
8 316.992 45.139 27.933 33.376 0.9992362261
9 187.907 18.240 25.767 33.196 0.9991266131
10 282.500 20.563 26.778 30.773 0.9985748529
11 294.848 143.849 37.897 50.844 0.9981517196
12 148.283 123.948 39.958 53.533 0.9974817634
13 251.932 1.111 24.639 28.980 0.9973159432
14 115.722 9.996 21.185 34.706 0.9953688979
15 324.496 4.062 23.740 27.924 0.9931055903
16 143.610 61.052 29.676 37.900 0.9928706288
17 219.388 9.208 25.322 28.957 0.9923642874
18 21.445 15.563 18.410 23.318 0.9825650454
19 282.767 -0.633 21.904 19.573 0.9705462456
