0 326.853 61.533 61.722 84.300 0.9999864101
1 63.851 159.705 32.867 35.151 0.9995228052
2 35.772 130.132 24.497 25.898 0.9935111403
3 203.455 108.647 14.829 21.312 0.9908211827
4 149.858 97.882 13.955 17.057 0.9897645712
5 428.283 107.066 23.193 28.216 0.9892451763
6 139.603 83.861 13.114 15.994 0.9890862703
7 102.165 96.314 16.223 21.026 0.9859418273
8 152.134 125.345 17.772 22.414 0.9836819172
9 57.802 82.212 11.558 14.056 0.9726539254
10 22.145 84.284 13.344 16.385 0.9725448489
11 431.469 81.719 18.259 21.064 0.9560776353
12 278.205 85.454 17.699 22.330 0.9523256421
13 122.512 87.018 11.845 14.139 0.9515389204
14 -0.665 88.238 12.413 22.691 0.9442592859
15 92.770 86.536 10.745 12.973 0.9435899258
16 293.116 77.093 9.711 12.996 0.9426239133
17 182.541 82.638 10.420 12.165 0.9160112739
18 126.684 104.453 20.032 26.787 0.9136346579
19 176.522 139.955 19.500 22.656 0.9113101363
20 60.523 72.455 8.038 9.927 0.9021630287
