0 83.372 94.853 23.003 28.372 0.9983873367
1 40.584 147.195 22.330 29.233 0.9973998070
2 17.504 80.508 16.284 22.663 0.9966157079
3 99.032 68.353 14.454 17.731 0.9965648055
4 106.687 94.983 19.504 23.947 0.9957985282
5 154.534 127.130 21.665 29.217 0.9956740737
6 122.706 156.187 23.162 27.087 0.9955378771
7 50.150 51.372 13.529 16.743 0.9954707623
8 117.549 78.907 16.661 19.394 0.9954348207
9 161.418 98.857 17.049 23.061 0.9949281216
10 22.584 119.186 22.025 27.921 0.9935274720
11 43.674 83.470 18.493 24.041 0.9920124412
12 141.547 40.306 13.451 17.114 0.9911822081
13 5.678 135.201 21.435 29.797 0.9907500148
14 126.666 29.642 10.768 13.597 0.9889032245
15 129.770 116.940 22.248 26.083 0.9888985753
16 162.830 47.990 13.235 15.769 0.9876989126
17 75.858 55.866 13.581 16.576 0.9876009226
18 143.740 65.195 17.633 19.161 0.9864097238
19 25.100 41.732 11.128 13.403 0.9856760502
20 100.970 22.495 10.152 12.722 0.9854730964
21 8.974 50.435 12.593 15.770 0.9853842854
22 96.844 36.441 10.600 12.539 0.9843540192
23 114.246 43.766 13.061 16.030 0.9843070507
24 56.495 114.655 20.455 22.966 0.9836376905
25 78.803 75.598 14.859 18.094 0.9823445082
26 117.968 62.839 12.623 15.276 0.9821007848
27 61.240 83.422 14.301 18.022 0.9803582430
28 154.644 20.676 10.183 12.448 0.9770779610
29 38.764 38.735 10.277 12.837 0.9731379747
30 82.357 43.057 12.196 15.295 0.9660617709
31 138.715 93.865 19.299 22.082 0.9608011842
32 137.617 9.788 9.496 11.594 0.9604447484
33 22.952 55.773 9.796 11.947 0.9597376585
34 86.077 25.829 9.873 12.687 0.9568849206
35 72.792 22.558 9.056 11.212 0.9558581114
36 126.023 53.775 10.034 12.443 0.9509065747
37 10.700 37.198 11.018 12.211 0.9440776110
38 -0.751 80.090 17.259 24.491 0.9418592453
39 135.423 59.577 10.887 13.696 0.9402215481
40 31.765 29.904 9.424 10.779 0.9378886223
41 45.379 24.508 9.551 11.111 0.9356215596
42 139.379 28.564 9.684 11.915 0.9321386814
43 10.027 18.519 9.272 11.220 0.9294728041
44 170.832 62.361 11.092 13.962 0.9289523363
45 59.023 21.152 8.998 11.113 0.9284164310
46 88.518 14.716 8.325 10.248 0.9281359911
47 166.358 22.279 9.555 11.970 0.9247491956
48 172.796 6.417 7.225 9.061 0.9172123671
49 171.128 30.596 10.801 14.116 0.9143344164
50 101.926 11.357 8.719 10.688 0.9115776420
51 134.113 76.006 11.181 14.821 0.9045491815
52 58.868 6.723 8.182 9.930 0.9019007087
53 115.112 8.216 9.152 11.968 0.9014375210
