0 539.413 65.383 20.877 36.185 0.9979934692
1 135.444 95.820 24.975 26.212 0.9978435040
2 68.606 106.865 23.182 29.127 0.9961680770
3 421.089 95.878 15.860 18.694 0.9958867431
4 448.087 90.684 13.305 16.461 0.9956455231
5 371.745 98.654 15.714 17.440 0.9955412745
6 467.035 90.502 13.259 16.122 0.9950141311
7 201.212 105.028 23.792 25.905 0.9949176311
8 6.121 95.023 22.153 26.474 0.9922073483
9 488.714 79.175 15.581 17.247 0.9861337543
10 263.169 83.323 20.854 25.898 0.9819462895
11 408.552 97.189 11.966 14.410 0.9810727835
12 333.724 86.427 14.418 18.785 0.9664377570
13 315.246 93.718 18.640 20.584 0.9615198970
