0 475.878 232.067 11.557 14.599 0.9861496687
1 85.142 249.349 11.633 14.250 0.9824321866
2 413.464 213.798 10.131 13.325 0.9817327857
3 211.967 243.317 10.764 14.020 0.9811789393
4 370.208 203.909 8.935 11.220 0.9800819755
5 164.245 229.554 9.697 12.410 0.9792845249
6 131.371 243.766 10.831 13.695 0.9792739749
7 358.634 241.795 10.074 12.535 0.9783369303
8 253.276 222.231 9.808 12.275 0.9782614708
9 397.326 237.490 10.613 13.717 0.9777039289
10 152.068 244.704 10.531 13.858 0.9763068557
11 386.661 194.852 9.079 11.532 0.9750066400
12 218.356 231.884 9.997 12.657 0.9749088287
13 158.092 209.242 9.140 11.448 0.9747419953
14 399.506 203.367 9.343 11.978 0.9745177627
15 243.620 244.514 11.180 14.076 0.9741457701
16 441.237 209.721 9.628 11.840 0.9741322994
17 113.690 246.106 10.059 12.540 0.9729653001
18 432.455 236.344 10.692 13.418 0.9728289843
19 391.968 225.071 10.282 12.844 0.9706043005
20 191.218 228.896 9.698 11.918 0.9705435634
21 271.735 240.252 9.745 12.124 0.9696500301
22 422.287 194.132 9.201 11.448 0.9695736766
23 327.391 240.613 10.429 13.208 0.9694011211
24 336.400 203.690 9.615 11.867 0.9687799215
25 183.897 242.627 10.429 13.301 0.9684758782
26 531.688 231.250 10.727 12.955 0.9684228897
27 59.630 249.993 10.479 12.948 0.9679190516
28 170.123 198.164 8.851 11.119 0.9659488797
29 328.536 214.873 9.272 11.344 0.9658674598
30 210.271 219.588 9.493 11.578 0.9605476856
31 244.248 230.193 9.578 12.122 0.9604719281
32 354.713 198.685 8.814 11.315 0.9595683813
33 233.093 219.737 8.874 11.160 0.9592614174
34 180.739 209.324 8.456 10.424 0.9542996883
35 202.442 210.591 8.514 10.367 0.9541589022
36 382.735 217.000 9.364 11.792 0.9533074498
37 107.699 237.405 8.840 11.320 0.9532121420
38 299.519 239.925 9.687 12.307 0.9526930451
39 295.403 229.169 9.915 11.753 0.9508424401
40 113.518 223.058 9.236 11.519 0.9506195188
41 287.847 199.635 8.737 10.237 0.9473955631
42 306.807 209.875 8.830 11.006 0.9452530742
43 131.263 222.673 9.347 11.526 0.9422597885
44 435.244 223.279 9.822 12.207 0.9374401569
45 148.184 202.498 8.765 10.561 0.9360970259
46 357.017 229.243 9.924 11.802 0.9343383908
47 239.719 202.404 8.647 10.598 0.9337908030
48 187.171 219.511 8.788 10.986 0.9226588011
49 320.114 195.875 8.799 11.188 0.9207728505
50 356.636 218.597 8.902 10.876 0.9155895710
51 264.252 200.799 8.566 10.235 0.9078816772
52 278.380 221.734 8.664 10.593 0.9008096457
