0 1001.129 380.856 33.215 36.254 0.9997586608
1 1143.387 385.777 44.689 43.533 0.9996255636
2 885.131 377.792 26.327 30.607 0.9987076521
3 163.605 374.912 24.169 35.185 0.9980331063
4 328.333 377.920 17.864 19.886 0.9962090254
5 598.230 365.450 15.221 16.786 0.9944714308
6 525.335 373.473 18.001 20.463 0.9937958717
7 255.308 364.875 21.147 21.885 0.9934976101
8 553.838 370.652 14.318 16.688 0.9912741780
9 660.667 363.209 12.097 14.167 0.9912179112
10 396.404 374.502 16.967 19.552 0.9905693531
11 756.699 376.733 21.109 26.288 0.9895310402
12 730.076 370.766 18.492 21.217 0.9873894453
13 820.476 369.806 22.290 27.182 0.9869885445
14 633.261 368.010 16.242 19.792 0.9859085679
15 369.975 378.826 18.412 20.521 0.9846696854
16 191.007 372.420 20.900 23.040 0.9825734496
17 480.058 378.283 15.842 19.300 0.9798449874
18 801.027 368.195 20.321 27.310 0.9695441127
19 459.831 373.730 18.745 21.676 0.9645566344
20 684.762 370.127 19.582 22.124 0.9477853179
21 620.272 373.319 11.688 15.210 0.9094680548
22 328.549 365.265 10.985 12.515 0.9009504318
