0 284.023 135.384 21.910 28.967 0.9973593354
1 103.895 138.617 25.597 31.055 0.9943401217
2 202.385 44.285 21.154 26.897 0.9941667318
3 39.362 60.546 21.784 25.405 0.9911052585
4 346.208 40.827 19.262 24.335 0.9886127114
5 274.482 53.385 20.313 28.193 0.9879775047
6 152.647 51.825 21.305 25.760 0.9874824286
7 73.261 70.049 20.823 25.728 0.9867779016
8 237.726 51.779 20.593 27.637 0.9859781861
9 360.375 56.517 20.254 25.410 0.9838125706
10 319.578 60.840 20.751 25.104 0.9805657864
11 392.997 29.560 20.517 25.234 0.9759379029
12 114.917 83.607 18.278 23.471 0.9693899155
13 294.601 51.834 18.053 22.767 0.9610050321
14 94.386 57.543 20.371 23.279 0.9128527045
