0 9.325 26.231 24.622 32.966 0.9987314343
1 207.637 119.432 23.947 32.780 0.9978072047
2 92.066 45.079 21.605 29.937 0.9961020947
3 291.910 21.260 24.128 34.263 0.9954154491
4 158.898 17.072 23.117 31.564 0.9933676124
5 55.394 9.984 22.165 30.449 0.9911583066
6 180.384 9.082 20.862 27.695 0.9887220860
7 270.244 105.016 21.645 33.358 0.9872870445
8 132.154 134.443 22.730 30.535 0.9845641851
9 222.950 39.710 19.987 28.106 0.9752902389
10 239.572 3.374 20.641 26.427 0.9743022323
11 4.866 143.756 26.995 29.715 0.9733234644
12 109.926 12.866 20.356 25.638 0.9636617303
13 135.549 -1.607 20.865 21.727 0.9242573977
14 18.198 1.115 20.857 24.300 0.9143681526
