0 394.688 70.627 78.048 116.700 0.9992048144
1 243.175 184.952 39.174 46.856 0.9995525479
2 286.226 197.940 39.929 45.016 0.9994840622
3 140.199 147.291 53.858 85.456 0.9998263717
4 104.039 16.060 34.220 46.724 0.9991287589
5 154.258 31.253 30.082 35.758 0.9984825253
6 56.412 4.588 40.687 53.198 0.9974815249
7 141.277 73.757 40.098 53.566 0.9971926808
8 6.986 109.763 59.517 98.560 0.9920592308
9 260.027 56.421 19.205 24.475 0.9633418918
10 373.065 160.035 21.997 26.652 0.9332866073
11 271.819 109.074 23.887 29.070 0.9319266081
