0 244.547 225.211 13.722 17.239 0.9847169518
1 136.461 230.866 12.266 15.611 0.9827039838
2 319.327 192.442 11.511 14.991 0.9764761925
3 526.856 230.674 13.361 18.049 0.9745442867
4 95.710 195.413 12.435 15.425 0.9745124578
5 472.610 227.420 13.007 16.361 0.9731446505
6 72.505 231.418 13.796 16.981 0.9710365534
7 306.733 198.968 11.624 14.637 0.9709789157
8 551.747 226.119 11.921 15.565 0.9708874226
9 289.359 208.264 12.021 15.084 0.9684566855
10 357.104 192.862 11.256 14.209 0.9676177502
11 128.063 204.358 11.357 13.877 0.9665239453
12 345.443 226.994 12.936 16.757 0.9659402966
13 467.426 202.944 11.822 15.276 0.9659245014
14 308.842 223.731 12.830 15.826 0.9658467770
15 153.471 204.629 11.267 13.420 0.9654555917
16 360.351 211.636 11.590 14.415 0.9646012187
17 375.917 218.185 11.542 15.453 0.9627768397
18 228.967 209.907 12.195 14.508 0.9611980319
19 563.703 196.475 10.576 13.515 0.9586756229
20 212.840 240.490 10.532 13.566 0.9584035277
21 16.206 192.753 12.261 15.492 0.9580044746
22 455.988 193.230 10.677 13.323 0.9572981000
23 175.625 228.271 13.414 17.755 0.9551692605
24 266.955 220.959 12.300 14.910 0.9536788464
25 370.902 197.414 10.812 13.366 0.9531118274
26 260.523 208.096 11.181 13.585 0.9477548003
27 517.531 219.496 12.903 16.126 0.9397038817
28 404.831 210.240 10.573 13.718 0.9354805946
29 332.467 190.517 11.807 14.547 0.9319224954
30 363.712 232.770 14.364 20.359 0.9293045402
31 420.920 200.368 14.087 16.291 0.9273356795
32 245.340 192.650 10.913 13.835 0.9238179922
33 112.248 204.547 11.396 13.972 0.9202862382
34 444.761 198.735 9.951 12.649 0.9171130061
35 60.968 240.559 12.766 16.857 0.9050865173
