0 353.105 1134.478 59.427 73.782 0.9999822378
1 1022.131 862.892 52.345 66.969 0.9999133348
2 258.387 1079.363 45.215 71.631 0.9997914433
3 58.364 1136.692 81.043 121.966 0.9993588328
4 275.265 477.030 38.671 61.610 0.9989901185
5 612.853 1138.791 38.620 60.094 0.9973109961
6 132.376 1157.759 34.727 56.368 0.9932698607
7 525.266 516.622 18.368 36.352 0.9687341452
8 131.507 524.221 27.710 47.286 0.9507120848
9 1118.985 901.179 38.631 61.398 0.9478939176
10 352.946 517.361 18.762 41.930 0.9419130683
