0 80.914 181.179 18.610 21.094 0.9984046817
1 344.719 155.070 16.912 19.177 0.9976755977
2 207.075 184.686 14.713 17.536 0.9957855344
3 315.036 180.420 17.170 19.491 0.9953333735
4 37.100 179.515 19.093 21.675 0.9951872826
5 218.335 150.824 15.039 17.030 0.9951093793
6 371.688 168.394 18.394 21.281 0.9944936633
7 282.196 183.703 17.243 19.873 0.9937165380
8 111.019 182.596 16.365 18.288 0.9933126569
9 283.302 123.385 15.544 18.291 0.9931994081
10 333.017 117.692 17.500 21.091 0.9919481874
11 113.462 152.199 14.966 18.053 0.9916563034
12 199.898 137.775 14.224 17.377 0.9894647598
13 141.729 146.057 14.009 16.946 0.9861159325
14 236.319 173.445 17.569 20.243 0.9860160947
15 296.388 158.713 16.152 18.199 0.9847987294
16 178.413 183.704 14.982 17.670 0.9827885032
17 233.074 107.496 14.284 16.089 0.9822257757
18 431.546 136.489 18.167 21.525 0.9815796614
19 172.217 159.062 14.710 17.369 0.9803925157
20 256.141 152.046 15.747 17.845 0.9765112996
21 121.498 136.380 14.987 17.101 0.9754320979
22 388.553 131.960 15.623 19.498 0.9525430202
23 267.536 56.425 9.698 11.528 0.9263822436
24 29.132 140.417 16.142 19.202 0.9253005981
