0 222.584 31.208 74.200 107.635 0.9984961748
1 51.685 150.378 13.918 17.156 0.9949553609
2 93.760 272.248 15.215 18.954 0.9938401580
3 147.002 119.048 14.714 18.470 0.9922146201
4 50.991 271.947 14.210 17.738 0.9918054342
5 27.720 180.879 13.566 17.570 0.9908930063
6 375.434 123.865 13.693 18.047 0.9901670218
7 80.781 234.501 14.657 18.908 0.9895909429
8 63.494 182.730 13.082 16.525 0.9894827604
9 54.453 236.056 13.724 16.853 0.9879242182
10 13.240 269.807 11.862 16.369 0.9875618219
11 190.052 154.741 12.707 16.555 0.9866225123
12 53.444 217.846 12.710 16.006 0.9859319925
13 377.658 148.996 14.016 18.214 0.9857121110
14 20.328 250.297 13.053 15.493 0.9855154753
15 377.024 268.640 15.477 20.761 0.9854132533
16 345.138 130.304 13.517 17.238 0.9843980670
17 19.022 210.819 13.936 18.167 0.9814524055
18 73.453 128.848 13.396 17.001 0.9774050117
19 90.411 184.213 13.045 17.002 0.9755109549
20 86.001 221.508 12.626 15.225 0.9635568261
21 113.540 124.168 14.020 17.594 0.9530898333
22 394.925 183.736 11.122 15.758 0.9295189977
23 -1.064 117.938 11.400 19.381 0.9022864699
