0 410.041 150.107 35.326 43.546 0.9999722242
1 141.776 136.394 49.555 76.948 0.9999644756
2 547.446 148.031 48.889 52.796 0.9998730421
3 350.511 160.492 46.251 61.108 0.9998553991
4 248.187 127.947 35.814 45.957 0.9998304844
5 337.711 121.680 35.926 41.274 0.9997828603
6 428.732 108.974 31.922 40.448 0.9997113347
7 461.867 31.239 29.454 35.349 0.9996141195
8 582.018 68.622 28.246 32.978 0.9995802045
9 255.419 27.990 27.261 35.490 0.9993965626
10 540.395 32.556 26.401 32.740 0.9991248250
11 49.534 116.107 42.053 51.686 0.9990008473
12 312.465 137.066 27.357 35.988 0.9988874793
13 166.995 43.280 22.346 29.217 0.9960810542
14 396.897 59.646 19.603 25.159 0.9822881222
15 376.735 67.933 18.840 24.077 0.9259162545
