0 151.560 140.833 10.422 13.705 0.9825108647
1 119.526 143.338 10.068 12.739 0.9752320647
2 83.874 147.786 11.165 13.546 0.9743200541
3 227.907 149.427 8.963 11.523 0.9636340737
4 50.964 144.230 9.910 12.405 0.9624651074
5 239.863 122.352 8.325 10.560 0.9549093246
6 203.956 141.762 8.494 10.631 0.9492295980
7 373.518 140.964 8.637 10.748 0.9443965554
8 322.143 152.994 9.033 11.559 0.9390525222
9 288.484 127.074 8.397 10.505 0.9390153289
10 374.404 115.589 8.516 10.675 0.9333395958
11 238.040 143.539 8.234 10.507 0.9299868941
12 364.112 107.999 8.518 10.655 0.9276434183
13 265.601 146.606 8.250 10.648 0.9251748919
14 192.342 127.474 8.457 10.531 0.9216055870
15 18.415 148.453 10.056 12.534 0.9200930595
16 364.887 150.742 7.982 9.993 0.9193696380
17 280.413 134.121 8.329 10.395 0.9129498005
18 84.384 97.966 7.893 9.868 0.9129039645
19 164.751 131.119 8.287 10.192 0.9099387527
20 279.161 115.828 7.397 9.180 0.9096779823
