0 205.228 57.958 49.169 64.839 0.9999713898
1 332.878 94.073 43.649 60.587 0.9998445511
2 452.341 45.975 31.323 36.773 0.9998040795
3 87.152 57.031 42.139 63.114 0.9997633100
4 173.507 39.458 31.178 41.316 0.9996402264
5 377.084 50.399 28.402 33.255 0.9991164804
6 309.834 46.322 25.516 33.460 0.9981458187
7 435.954 31.318 24.079 32.305 0.9970593452
8 41.832 55.970 38.115 62.257 0.9953758717
9 267.786 73.314 32.395 46.414 0.9911224842
10 9.126 33.115 21.498 26.061 0.9727094173
11 418.489 43.993 16.224 23.164 0.9725180268
12 356.243 45.736 19.779 21.418 0.9268555641
