0 218.460 138.719 24.118 36.077 0.9999276400
1 63.530 130.142 32.511 41.288 0.9997838140
2 293.411 160.036 38.411 51.577 0.9996218681
3 448.495 149.876 37.434 43.449 0.9995637536
4 286.798 130.280 26.341 34.223 0.9993102551
5 343.040 156.388 25.245 30.578 0.9983026981
6 132.773 147.116 37.640 59.217 0.9958195686
7 380.313 57.118 22.865 27.469 0.9945676327
8 472.530 82.089 23.892 31.582 0.9939938188
9 331.175 82.100 13.721 17.498 0.9911035299
10 355.708 120.693 25.029 31.384 0.9879294634
11 221.678 56.858 21.176 27.857 0.9758467674
12 267.360 142.669 21.531 31.996 0.9586854577
