0 526.129 186.779 14.804 18.885 0.9969444871
1 139.840 187.668 11.865 15.614 0.9943884015
2 423.215 185.308 12.989 16.693 0.9937158227
3 157.593 185.467 12.608 15.864 0.9931324124
4 94.283 186.189 14.005 18.009 0.9931219220
5 260.432 187.973 12.681 16.324 0.9927145839
6 443.188 191.143 12.836 16.346 0.9926574826
7 466.968 184.423 13.379 16.949 0.9926455021
8 21.072 185.282 14.694 17.431 0.9922636747
9 252.700 240.942 13.870 17.273 0.9917646050
10 45.738 183.719 14.862 18.186 0.9916750789
11 171.703 241.241 12.483 15.810 0.9902623296
12 307.397 179.869 11.679 14.755 0.9901367426
13 245.624 184.980 12.613 15.991 0.9887384176
14 209.342 243.175 13.942 18.284 0.9885982275
15 329.617 242.938 12.762 16.416 0.9881075025
16 80.051 186.796 11.284 14.850 0.9867089987
17 226.678 188.176 12.401 16.157 0.9865998626
18 211.743 184.649 11.297 14.934 0.9858830571
19 67.201 190.911 11.718 13.968 0.9852838516
20 189.740 185.858 12.652 16.995 0.9820485711
21 122.975 189.801 12.189 15.914 0.9814091921
22 406.304 190.305 13.011 16.684 0.9810895324
23 139.975 243.838 12.130 14.787 0.9810376763
24 350.209 188.847 12.931 16.725 0.9799063802
25 98.648 247.532 12.026 16.283 0.9763873219
26 365.459 184.046 13.243 16.714 0.9745662212
27 487.386 189.583 12.342 15.395 0.9742083549
28 382.685 188.512 11.986 14.151 0.9733961225
29 405.062 241.042 14.146 17.090 0.9722837210
30 294.330 188.456 11.957 14.485 0.9687204957
31 111.558 190.132 10.242 13.103 0.9619974494
32 322.435 189.782 10.876 14.018 0.9525174499
33 302.233 239.693 13.219 15.961 0.9441054463
34 366.591 243.855 11.812 14.275 0.9401285052
