0 500.292 140.428 30.287 35.195 0.9999302626
1 330.985 140.606 32.032 41.164 0.9998931885
2 260.051 118.506 27.861 40.770 0.9998544455
3 430.332 119.223 40.497 54.405 0.9981209636
4 127.583 143.958 22.415 27.687 0.9977900982
5 58.688 136.440 18.475 23.608 0.9943431616
6 316.127 147.280 14.903 18.073 0.9923288226
7 389.659 125.054 13.223 18.237 0.9858788848
8 233.459 133.025 22.643 28.753 0.9754852057
9 35.073 159.866 17.255 24.066 0.9751620293
10 81.910 145.100 20.556 24.685 0.9637217522
11 43.538 143.318 13.386 17.733 0.9551208019
12 415.830 141.260 19.529 24.134 0.9046872854
